6.653643608347255551e-19 2.724501289489036999e-10 1.301537274526907072e-09 4.798553179071762566e-09 5.672045366729918800e-09 7.572204151554215761e-09 1.406503124314548985e-08 7.109723464715548882e-09 -4.009610402564900028e-09 -5.769277632371192372e-09 1.197545201782777692e-09 5.533116520138980016e-10 -4.935175026499396773e-10
-8.202667874007195602e-19 3.885343856819571067e-10 -1.578284769375292939e-09 -2.004716059109493238e-09 5.420320820513614729e-09 6.366396366886751101e-09 2.717932204146476313e-09 5.417734943711803580e-09 3.901836670148117126e-09 8.308228841809530551e-09 9.428400730034043421e-09 3.495815833167790587e-09 -4.761895305991708221e-10
-8.128265295197555353e-19 3.660319090762528290e-10 2.456934759012707641e-09 9.164318178424605787e-09 1.044418742813789280e-08 7.409776289851107328e-09 1.358846048812265440e-08 7.290571035496337879e-09 -5.314834319205948747e-10 3.193839541832150074e-10 9.198306044972258754e-09 -1.294948176399543685e-09 1.526844204981385840e-09
6.250811082512919089e-19 7.160162524225490416e-11 1.582777433407021405e-10 3.677785643331938918e-09 4.473608033975592498e-09 2.254467778360566084e-09 3.731210445933085993e-09 1.578914231748263496e-09 4.033255681935629492e-09 -5.446554481607085037e-09 7.506006244925373354e-09 -1.131587737026936488e-10 -2.151238729555662704e-10
-4.978782285690059572e-19 -8.856740128435219460e-10 2.709918675205249956e-10 4.605110989428788462e-09 7.905671984426838809e-09 4.098638565863506602e-09 7.880885354004279016e-09 2.417717615201091770e-09 7.852379205573681812e-09 1.410166371792679702e-08 9.183515823194698019e-10 1.411649582034266846e-09 1.113339870027069737e-09
1.399984611445485856e-19 1.114994918708213560e-10 6.606532171699459405e-10 2.298873773680964051e-09 8.567633305077307322e-09 7.301853622174303760e-09 7.923260079244984838e-10 6.373128138627382159e-09 7.704410061751655791e-10 1.158485078238338851e-08 7.668806098038412427e-09 2.993000756512031625e-09 -3.884984417096135105e-10
2.460981938130867529e-19 2.946283335234134664e-09 -7.522336593058357841e-10 -1.211746766477789846e-09 1.205611409250569827e-09 9.132347319636831169e-09 1.629341775649458446e-08 1.316149770374764701e-08 1.235078778683610818e-08 3.208152805713938672e-09 -1.408172775774480071e-09 -1.625383762159749580e-09 -3.960864553628154671e-11
1.011040521682943946e-19 8.008636503541348268e-11 -1.000173660184812662e-09 7.364286209528334463e-10 4.077961328787906377e-09 8.246591433809587876e-09 1.010673281564851181e-08 1.005203214879204286e-09 3.437081287187784071e-09 8.421090179107775589e-09 9.700410881291825537e-10 -2.004328195132221686e-09 -4.422098569665956345e-10
-2.395016121975226191e-19 9.948540047937723829e-10 2.812910497745505295e-09 4.577039762173701105e-09 2.331217520589807338e-09 4.687280913895453332e-09 5.069825116997002090e-09 1.355352804304725354e-08 8.885634090232122052e-09 5.037513969277510274e-09 5.613696708990208294e-09 -1.541390806411180214e-09 1.347301376912817028e-09
4.716121351078438950e-21 -2.172421448931149863e-10 -2.220360530164843092e-09 2.708295224991597058e-09 3.879340784464638004e-09 4.637909754302991981e-09 6.583607680026849228e-09 1.502238450734331798e-08 9.345475285810038803e-09 -2.021944824768741018e-09 -2.125543723928588554e-09 -1.506106902376116714e-10 7.653919536859670421e-10
-7.505858482545712240e-19 -1.043345504579397947e-09 2.092511393085497870e-09 2.792383632384670372e-09 2.695139203401047815e-09 2.680281290259409558e-09 6.258003220745980813e-09 1.474126586591754347e-09 -5.290049005174190548e-09 -3.927097231534184373e-09 1.973047315561085768e-09 -8.402821898634767703e-12 1.321003812874415512e-09
-1.244066309602994576e-18 2.563375015483511486e-10 9.671931497042399362e-10 1.940004406613397172e-09 1.376440798619997112e-09 8.081534358889134790e-09 -6.339108917625576593e-09 5.417401869273852245e-09 1.095173690647880106e-08 2.226585325409138358e-08 7.878334752144109525e-09 1.034022553461505913e-09 5.493847262918294444e-10
-6.205674253311077530e-19 -1.146517294723464560e-09 4.454634540146166135e-10 2.470781248395813491e-09 4.995058253323474158e-09 3.865757333150101876e-09 8.581003075526609430e-10 1.011768730627682144e-08 4.292240681454924450e-09 2.480141482868142125e-09 -3.421338753106310641e-09 -1.306702462904006183e-09 5.971497718652851763e-12
-1.897520543861335396e-20 1.249695802842981344e-09 1.019246212517349290e-09 3.895977890240682604e-09 5.225536413475473855e-09 2.907570556153606980e-09 1.266944024374871954e-08 2.219987734150159027e-09 4.049406051065176978e-09 1.035001518873080393e-08 -7.196963174326533648e-09 -9.191771827195943623e-10 4.344328040506580488e-10
1.795645001865199873e-18 1.186378238050368393e-09 -5.253878152410480495e-10 4.306722701709378067e-09 7.060901820023052003e-09 1.638244500158428153e-09 -4.778344472028816915e-09 -1.877009845282083113e-10 2.606522579233407499e-10 1.560535076655463807e-09 -1.572203719903070806e-09 7.695075451570137552e-10 1.716408079247748094e-09
-8.123892128240022720e-19 -1.331364118482070473e-11 5.006442669951827105e-10 7.580804922586694401e-10 -7.986320541225619772e-11 7.942816909567028610e-09 -1.203985851375584832e-09 -4.498603763874404341e-09 -2.238142605383541120e-09 -4.060810089533830112e-10 1.246979150787855523e-10 -1.095145964460828791e-09 -1.810945290694088436e-09
-1.882296563210437070e-19 8.067387734332504056e-10 -2.485326461214210757e-10 -4.229569402575468424e-10 -1.983144947277249157e-09 6.306226131667835971e-09 1.347485925650311086e-08 -2.611728329399748780e-10 5.644139557129300720e-09 5.335966213790595277e-10 1.211395854895529380e-09 2.720433028523672380e-09 9.034664019172059026e-11
3.648486748369603425e-19 9.280341293006984525e-10 1.981285711764791912e-09 4.973663842490963540e-09 2.610252077683334613e-09 -1.194100856577284148e-09 1.864762423487493661e-09 8.422010383040220857e-09 3.883235023829713957e-09 -3.821160826910014133e-09 -1.558570969466906554e-10 -5.918526157451885518e-10 1.506880908146651371e-09
-1.528343308439871881e-20 -1.269671795788024006e-09 -4.166324005645243577e-09 -2.003631729728134778e-09 3.236704849031330656e-09 2.901407978567770591e-09 -1.773950848011920742e-09 4.566253386856822891e-09 9.255083864112608089e-09 1.236520585608413392e-08 4.565868410539946510e-09 2.143380460745380388e-09 1.980461038707965064e-09
-6.955635581454581948e-19 2.718472700736191629e-10 1.216943587630400726e-09 3.067684749454996919e-09 7.707714315642151002e-09 5.840270686375341817e-09 7.473806745660954676e-09 -6.437743816874614894e-09 6.152590220080649796e-10 9.438127810272745356e-09 -4.413947742816034556e-09 -1.242634270659997149e-09 -1.914915882079264922e-10
-2.453848395905357263e-19 5.122359126796678901e-10 -1.290300997850363234e-09 -1.537052282894419119e-09 1.539776408866702140e-09 4.075066513114213034e-09 -3.597657475053970830e-09 9.736639532893249656e-09 1.737175503565972110e-09 7.355810123603495472e-10 1.918297291066037294e-09 -3.362577132318507040e-09 -4.665881382755090845e-10
8.179882897845487098e-19 -5.111807355455257312e-09 -1.802231436721706313e-09 5.993431259638471698e-10 6.308170922235916869e-09 3.283292742269896455e-09 2.360993758669759914e-09 5.850134730223863735e-09 1.086445820409121978e-09 9.602563258283643679e-09 6.807811247934312329e-09 -1.738772073674708411e-09 -1.329856523595343225e-09
-9.979324997480138544e-20 1.151581334704948211e-10 1.760890158824767423e-09 1.676550529283887667e-09 1.786135600495873312e-09 -1.659568702813976097e-09 -1.384401238547256128e-10 -1.901330643753548385e-09 5.381961844185439829e-09 -7.465739167788855783e-09 2.580672154248994167e-09 2.140205975734018108e-09 -1.520222954763430253e-09
3.850675374983669688e-19 1.171545172215396210e-09 8.369981812183380531e-10 2.966261304600707483e-09 2.441604289670689274e-09 6.259742222476487454e-09 6.246913526499644305e-09 1.153429518479053153e-08 4.132144614890969886e-09 -6.543269813189198232e-09 -6.572001376385450676e-09 -1.203905199050967362e-09 7.701332511366165846e-10
-8.786048289087851808e-19 -2.122653589010146795e-10 8.223419011503004809e-10 2.058160736661571263e-09 -1.939391736554632851e-09 -7.719386434632321006e-10 1.907916708608242759e-09 2.384531158017236732e-10 -5.345383715349397893e-10 -1.053321554461285141e-08 -9.288799286495413132e-09 2.428687819289056900e-09 1.395703326970399096e-09
5.022522927956956573e-19 -3.924036474547240355e-10 4.245326288000331480e-09 5.607305244581175253e-09 6.135365543277855446e-09 3.234780034728987633e-09 -5.663547726455191487e-09 9.348253311752638465e-09 6.982584041155717209e-09 -3.922793624611075882e-10 -2.204147507431192630e-09 2.646850048969045750e-09 1.362147122799520496e-09
9.602411216781320091e-19 7.268755783901109346e-10 -3.848356100267106684e-10 -1.783626190699880367e-09 2.154358694722050844e-09 1.098460109912865191e-08 8.725201850746799533e-09 -2.997993058407561917e-10 -7.326417629849924422e-10 8.050390474151101654e-10 -2.894034694024686757e-09 1.985167593327037364e-09 5.127982996844175716e-10
-5.313694755603213911e-20 -3.121534407044327203e-10 2.783675380597510341e-10 -1.422291924973882238e-09 -9.261896765535264025e-09 5.341096643623610274e-09 5.749621817588702428e-09 4.609464760099075590e-09 -3.108114804239860447e-09 -6.422196766643394851e-10 2.642763698017390784e-10 -6.845655172859776486e-10 -7.707995788209786890e-10
-2.256822233484250087e-19 5.495626090559029471e-10 -5.158905917602831821e-11 -1.724548579383756945e-09 -4.196465638324271564e-09 -2.599767784892375908e-09 9.187220713550125705e-09 1.198652755161002518e-08 -1.930911271933325794e-09 -3.829237772346000949e-09 3.961236817717607439e-09 -2.302507704212573125e-10 -4.026080194330177221e-10
3.209347738118423979e-19 1.151072487346209757e-09 7.394094731596514242e-10 5.168104148319613449e-10 2.353211066249621412e-09 1.058133475061118614e-08 2.124424680347353254e-10 1.929844058495587510e-09 -6.058359468665328852e-09 5.479410448936273796e-09 7.626893658924727328e-09 5.914512974824261340e-10 1.003981924045597845e-09
-2.481808321532595689e-19 -3.597775037475498319e-10 -1.731954248783979474e-09 -2.690795409395787450e-09 2.287795528640082028e-09 4.463066577452431821e-09 7.709952089594895574e-09 6.105733551455472742e-09 7.327413951610692343e-09 -1.956700368973420748e-08 8.908348518482738768e-10 2.817407375864802942e-09 -4.824996764146264355e-10
-4.960097795288836442e-21 8.772732083119742205e-10 2.536356638457412425e-09 1.990394331341714917e-09 4.361501519725888922e-09 7.691188816949660139e-09 6.504882470398905804e-09 6.388477176481725506e-09 4.168646776500236258e-09 -3.382103844360267406e-09 -6.320917580605634037e-10 8.744367154458886888e-10 1.672767453551316758e-09
1.840475456124744337e-18 -9.779717960569899137e-10 -2.368249296292751598e-09 -2.574741372777723209e-09 9.081954421982975160e-09 8.858734117615768747e-09 2.280999767543631637e-09 8.669855454894424665e-09 5.545670429097754393e-09 8.053963435420102563e-09 -4.714670030263044825e-09 -7.250664232400234829e-10 9.798463845585770648e-11
1.171201353122730711e-18 7.190793683450957807e-10 8.601719155758042383e-10 -1.335416132571519291e-09 3.533040444972112691e-09 -3.941828274633145494e-09 5.548726756517834493e-09 7.262481449950915491e-09 1.495801678499298102e-08 5.801177268805268359e-09 6.313182860505970076e-09 -1.394292774922008868e-09 -1.660802470478893873e-09
-6.089685501103067506e-19 -3.757920288317239116e-10 -1.391674584066031680e-09 5.677742428276772705e-11 1.178755610887804739e-09 6.855719711201024198e-09 6.431069596699955997e-09 5.481293648330823687e-09 -4.145437136929782450e-09 8.992177374567986989e-09 3.649793595864091951e-09 5.250320678394287594e-09 1.220796002652608299e-09
3.629344961122983820e-19 -4.138872002853851297e-09 1.508292703530713327e-10 -9.928799689593386078e-10 3.079031476242516188e-09 5.114985883385426685e-09 9.994246900691778737e-09 9.029289626316497066e-09 4.101200673836206169e-09 -2.844740758934356364e-09 4.503080465504120704e-09 3.722364536526048135e-09 -4.789574363545520084e-10
4.298035112829743868e-20 -1.233736589471392122e-09 2.277715938913456728e-10 1.316359715545457231e-09 -1.631118535313239274e-09 7.000748049200024575e-09 1.629222833068883786e-09 5.231632090703433215e-09 4.859676995524231366e-09 -5.118520110284260716e-09 1.617769176977708436e-09 4.915931662573283150e-09 1.786475469124924183e-10
-7.537341529285176419e-19 1.782279693277247438e-09 1.041786119860061990e-09 2.114383697248006325e-09 9.979755511899550725e-10 3.542256727140646147e-09 6.748990770819666291e-09 5.753175406298569216e-09 -3.487114728784244827e-09 9.788446074697785462e-09 5.165686372777298131e-09 -6.205790014749585024e-10 -8.143640776079485023e-10
2.276234411474288427e-19 3.891122237105421396e-09 1.461281537588962052e-09 5.301739886690933093e-10 3.739537975605091995e-09 4.633339947648285847e-09 1.046486639242832674e-09 4.086139548480417078e-09 9.277327549429674167e-09 3.804171276365823359e-09 6.997070217097969439e-09 8.796314717333810905e-10 -2.449077354791791494e-09
6.554320749643530527e-19 -6.220473760130060426e-10 -2.930175033108371030e-10 5.399287460168109499e-10 2.304578884009870404e-09 1.238763229573493110e-08 1.609239768135776981e-08 7.951585773246690332e-09 2.720441329046494946e-09 1.049528728162072138e-08 8.442657749656143488e-09 2.851688053853781433e-09 -1.909798394125658560e-10
-5.172939031045235219e-19 -1.384929694890430704e-09 5.667428235476626677e-10 3.940146290972075051e-09 8.552136553798887281e-09 9.255122881627177376e-09 2.408241068809386790e-09 -2.829712359828397980e-09 8.638492608581802212e-10 1.405542108732992751e-09 7.422847938009912003e-09 1.194254464009444416e-09 5.826580635580398298e-10
-4.778580689335692909e-20 1.227241101155326814e-09 1.664124452373502134e-09 3.628808955592164540e-09 9.544251644243667600e-09 1.129345768638598116e-08 5.991560646614219615e-09 1.298903950009138929e-08 6.336847484554051583e-09 6.893544511865998476e-09 4.171442661234956749e-09 6.181073892863772276e-10 8.693132830405008657e-10
-4.131417359866402706e-21 -2.100510451789117898e-10 9.789057987885145720e-10 -2.733412676628540988e-10 6.210008703033310331e-09 5.066053019468177984e-09 4.115476441429414216e-09 1.307831754945683105e-08 8.405197468890053060e-09 -9.913882321989918300e-10 -7.775254348528076921e-10 -1.776527679667329537e-09 5.693029652821659509e-10
1.995718786782605257e-19 -2.843777709480866008e-10 9.787134786281172496e-10 3.856955586804652049e-09 -4.871870613844820561e-10 3.894996822765238929e-09 3.303981581070609947e-09 5.544219130920100873e-09 5.379381598382820317e-09 -6.769622155383251618e-09 4.896706163254271420e-10 -2.010294666881263165e-09 7.673937842779260029e-10
-5.141262922065966272e-19 2.120683988851843895e-09 -4.966788731037177469e-10 5.001668111197084010e-09 9.827857646465697632e-09 8.767812113286935165e-09 -1.098527661551315251e-09 7.502726999458468093e-09 -5.054306156140727588e-09 -5.912124742879726393e-09 -4.106053868868744460e-09 2.828214448290192310e-09 -2.864929753064324466e-10
4.330196635988800046e-20 3.231220416006251797e-09 1.027747719409852779e-08 1.086003259954640329e-09 -3.379684441824523429e-10 7.516939730476062847e-09 1.613725470295015054e-09 1.402681925926624755e-08 1.180784349635874134e-08 -8.361890493061199272e-09 -8.597231258791853213e-10 -2.104056460361222556e-09 -5.963084548459524228e-10
-5.325746110546314384e-19 -3.273712677422337093e-09 1.517628844496976151e-09 3.581649997328206966e-09 7.405039542849324866e-09 1.268993717844936058e-08 1.320391936806541637e-08 9.775742928595625595e-09 1.630953292417201757e-08 8.937881833304064015e-09 2.268847020658027594e-09 1.180481033786295465e-09 2.499123502713826488e-10
5.139158222592478830e-20 1.531890156758673600e-09 1.099516708620449029e-09 3.120208193723920200e-10 3.971897387303389197e-09 6.031191716058696909e-09 5.199241689305052696e-09 -3.262908917274602067e-12 1.315202513464827377e-08 7.411968387279111447e-09 -1.693001587286145207e-09 6.428922515831647905e-10 -3.755213972249586027e-10
-3.539393136076694613e-20 -7.505621899894792206e-11 1.250050823167800004e-09 3.106860039021558591e-09 8.053889486636059927e-10 7.499357048606071971e-09 6.424644836337820697e-09 1.052254055739964933e-08 1.168092367036631346e-08 5.391906250325705974e-09 4.986195832815684591e-09 1.008028560583125397e-09 -1.520315411397539433e-09
-1.117443507963355326e-19 -2.877371329844753803e-09 -1.066286278837833386e-09 -2.949256732856985800e-09 -2.337744530338819746e-09 6.326857802274677542e-09 1.441138927875085916e-08 5.132815223988422415e-09 -7.593370342727168649e-09 -2.672485721840131620e-09 7.184444515436715598e-10 -3.036017573680646591e-09 -7.205227379133364172e-10
-1.454870473154146279e-18 -8.193085967327814457e-10 6.071295081766678617e-09 7.303324820537601979e-09 5.870784681796185921e-09 8.358725094440867173e-09 8.223702294055442492e-09 -2.932046673249721597e-09 -2.163999281988579489e-09 2.221309117768386921e-09 1.584828726926866782e-09 5.501939354542405389e-10 7.237508795254398643e-10
7.850638503729789370e-19 1.903605227077195619e-09 -3.150943380046493383e-09 -2.990132494716982161e-09 1.579246047237173206e-09 5.260141473240969459e-09 4.829061282129141167e-09 7.443369392199804621e-09 3.067209170317136522e-09 3.121262813474335527e-09 3.436862447995751731e-09 6.022104651543368839e-09 1.963192249706075032e-09
-1.071330918922468440e-18 -5.966266521592034533e-09 -8.588816789188769799e-10 -4.191948413444734450e-10 2.364796654536187145e-10 1.219090927678286396e-08 1.144474057444274217e-08 3.501905408368354377e-09 8.119058454810165488e-09 8.231173963458039389e-09 -6.018467266985016250e-09 9.223628225358923157e-10 7.114202183113354996e-11
-1.355703131829949679e-19 1.039665808549998230e-09 -2.547999935705597584e-09 1.647945626440699783e-09 1.912855985428885084e-10 2.838624023633841225e-09 4.424393208314377852e-09 -2.537235665406571722e-10 3.330302702710324692e-09 9.144435506209739699e-09 -6.813274376193503063e-09 -7.682097165859243849e-10 1.782478630988852731e-10
-2.911857947424821607e-19 -1.059973438620615977e-10 1.281616352256705710e-09 2.084028367235094070e-09 2.866370616625164901e-09 4.404450618170160986e-09 9.786633078538235594e-09 2.521667732876712961e-09 4.888160880085731474e-09 -3.351915325930202132e-09 4.093953967490311704e-09 -2.570482366518031198e-09 -1.212336112742835386e-09
-2.591909864302573259e-19 -8.373788870349760317e-10 8.886866922425093866e-10 1.813182741724497397e-09 3.701244878175357602e-09 7.553349448157658268e-09 6.156356576885179948e-09 4.783657114973740813e-09 -1.231418539431493430e-09 5.733851862995523766e-09 -5.961666466633251597e-09 -1.729778468394282377e-09 -4.354285723175889574e-10
2.633107326239993933e-19 -9.426307680555308158e-10 -3.022800570499811891e-10 -1.985810561084924098e-09 -3.117317974450278430e-09 6.246840661524231604e-09 3.247451209744633838e-09 8.290317151217893884e-09 6.376498648887977508e-10 -4.931898251877837881e-09 3.208240587488637494e-09 2.332638895449635178e-09 5.911883356100180215e-10
1.261140975203065318e-18 1.126457004316535042e-09 7.131345966125219065e-10 1.492580401351888730e-09 4.426343036748719594e-10 5.122829334254753504e-09 8.907701044961643803e-09 -4.838188641009554870e-10 5.500162008643847745e-10 9.157916764982112750e-09 -6.349664958398875644e-09 2.235689031408153585e-09 7.045392312588495835e-10
1.900549357841361445e-19 1.277502274387698251e-09 7.170607429297527455e-10 -2.734762903674740430e-10 2.058724557733865244e-09 1.173488027429032535e-08 1.595480747619232322e-09 1.965146008537150310e-09 5.029028998518836380e-09 -8.251581508974523992e-10 -5.718724505462373682e-09 -5.812008396350671849e-10 -4.509942843762385806e-10
9.062539548307756533e-21 -8.269046637107868063e-10 2.062909292297277590e-10 3.043524809331578481e-09 3.121507156193993598e-09 3.529502982155326517e-09 -5.969317534473047176e-09 1.117269922489886627e-08 9.090397560512065174e-09 2.514770449468190003e-09 -6.975877079473227321e-09 1.618803335290059259e-09 -1.755763513069867499e-09
-8.347673304449138390e-19 1.634981675640399963e-10 1.353345653609673240e-09 2.797298577669711167e-09 5.470487680387373439e-09 5.378473736782759643e-09 1.014128517036518703e-08 4.498845986977251417e-09 3.250171971150118173e-09 4.780037948176889107e-09 -1.291079236234926326e-09 -1.044398314789423466e-09 4.743554775435235239e-10
1.185620624765542312e-18 4.872375188765579097e-10 -3.745711365508301829e-10 4.903141113517353809e-10 1.899790654840930102e-09 1.575839779078490917e-08 6.518771323855555740e-09 -4.453873796719783866e-09 1.095637167007150529e-08 6.918588145660206036e-09 3.261280188105862639e-09 -3.439906326269311991e-09 4.609370782674552995e-10
9.193014203184259080e-19 2.655972534511344606e-10 -6.011053149275809795e-10 7.956638401484794003e-10 4.069666558480045335e-09 5.619975535000852749e-09 4.286099042620154746e-09 1.916567365123203628e-08 5.650367853271989776e-09 -1.814369178759787044e-10 -3.572293989241606142e-09 1.710122732491776591e-09 1.525805267248015131e-10
5.202279786719775090e-23 1.909215402029787053e-10 -7.478231307326194895e-10 5.127006819293130698e-09 4.855444895213549005e-09 1.185546831473228821e-08 4.330666628813953674e-09 -1.706632064095609911e-10 -2.998721791493677331e-09 3.759904162110056819e-09 5.793914886631435138e-09 1.812571053360723367e-09 5.853990282691186599e-10
-4.276802266723040253e-20 -3.311021178626892272e-10 1.683485004423693470e-09 6.984979808063939302e-09 2.974298062525712040e-09 5.934780611663831700e-09 5.334288112108295455e-09 9.598143021679112038e-09 2.392426308622746846e-09 1.336360328600075299e-08 1.100888661218570195e-08 -9.379813322354725951e-10 -5.521024349621161380e-10
1.498006106175749389e-18 2.453619518228458698e-09 5.039675205433542476e-10 1.572516018995535885e-09 1.310046883436293551e-09 5.407047037297790678e-09 1.130546609344136003e-08 8.538273993135517360e-09 6.900399320495499534e-09 -3.240830371067984944e-09 1.339328972313343023e-08 3.612741689583368572e-11 -3.049327855668735809e-11
4.714111267037137026e-20 -1.355517057298684775e-09 -3.979179753120527102e-09 -2.233338399181626762e-09 2.616251969306580515e-09 6.470316418978410254e-09 8.541572270434638211e-09 6.123599723661741859e-09 1.546998930174969920e-09 2.033902207490722278e-09 -5.865841795664304940e-09 -3.586086324563892015e-10 5.020643589223271833e-10
-2.216408068571106288e-19 6.421572354951283643e-10 5.503941240309691109e-09 4.855325145806686186e-09 2.535874687499483319e-09 4.669354543714173475e-09 8.115753746901771623e-09 1.572928212247169511e-08 6.526674286536746197e-09 9.242767289637252399e-09 7.610178113871106352e-09 5.031116900522820682e-10 -1.253013690989673312e-09
-3.765757371635736205e-19 5.141355726093209341e-10 4.725173027418438155e-09 1.445186986663889065e-09 1.010507391630866373e-08 7.625805838412276685e-09 1.473337571001607291e-08 2.287891643397493870e-11 3.727328558336969495e-09 -1.015428804024234371e-08 -3.198834121039487018e-10 -1.176005821688307422e-09 -2.605581827988026051e-10
5.860379783633454761e-20 -3.206977266798233308e-10 3.875721765048191270e-10 3.161376861815054261e-10 -1.837090465014811925e-09 -1.279047816505182024e-09 1.187970236025803362e-08 1.878781500272826564e-09 3.666564233208810434e-09 2.970560304016116784e-09 -6.763608951767808685e-09 1.753703411572504667e-10 -4.081461151416751466e-10
2.301408864840147677e-19 -1.864266740262211363e-10 -8.334424281080586866e-10 -4.459322171360892652e-09 -6.318546959967054601e-10 6.025603872211298239e-09 4.803843500329675426e-09 1.142445950914447289e-08 1.211365755596796684e-08 -4.986403115261337361e-10 5.770073830349637262e-09 3.175533467558781608e-09 3.020273384470033279e-10
-3.655646212872192525e-19 -1.343991105148073694e-09 -2.815532278737707412e-09 2.098222396555961460e-10 1.958279102933763656e-09 9.342567169906940048e-09 1.725057533715386975e-09 -9.302066349418532498e-11 -1.091218518560901264e-08 -7.222247986987632266e-09 -3.592584687320274395e-09 3.104939074240196916e-09 -2.999758524615076811e-10
1.362940540260857759e-19 -2.105736537118733784e-10 1.044911744509199912e-09 4.138179669754442726e-11 3.694843490759949924e-10 3.914807811430394230e-09 1.427053433921269015e-08 5.827180454813316289e-09 1.456087946924860959e-08 3.366639802386887567e-10 2.086424307499293097e-09 4.269992591285373960e-09 -8.514772387257888050e-10
8.336725148765748605e-19 3.745112206926686355e-09 7.955804176520807804e-10 1.316493032793094994e-10 5.293238954153703049e-09 -1.206614817827565423e-09 9.652985411236959894e-09 5.863861108474978221e-09 1.050683371432578318e-08 -7.622414931337461494e-09 1.125862888481885274e-09 -1.106004195088310815e-10 -4.894804500240951384e-10
3.487610988085071904e-19 2.252139953570778464e-10 5.232168094159659595e-10 4.936674794252550946e-09 3.685742665237747749e-09 1.270795638359241234e-08 1.343027939467580389e-08 2.586405671517793199e-09 4.534339716410156054e-10 -1.534679664818490492e-09 6.006685779654656938e-09 4.012249573454769689e-10 2.864593313326381402e-10
-8.168927197632837471e-19 1.815716243417638162e-09 1.424606571644540449e-09 1.123556337323733670e-09 -1.768299108716030556e-09 -2.515620302957125750e-09 1.858890480505136708e-09 7.387639858062769202e-09 1.889080045669167556e-09 -1.087673899349582746e-08 -2.034354746284936474e-10 8.035625299156665215e-10 -1.967513408684086809e-09
1.839215828947821796e-18 3.213864298063541059e-10 1.005687356886194073e-09 6.332806138091762717e-10 3.743040489890098139e-09 6.860502635833735078e-09 2.848655608513230996e-09 1.598092334200110443e-08 2.955301507237959382e-09 -4.853821166749218797e-09 3.236113050696402991e-09 2.730676732198020757e-09 4.849023353511385944e-10
4.790844880291371390e-19 -7.093771001603639449e-10 -1.505730561285490932e-09 2.755684078100942329e-09 2.057625633534861460e-09 -1.481386001585552781e-09 1.144084969487404421e-08 1.161758636416307069e-08 6.790496991241011322e-09 -8.015277267973810019e-09 -1.224875841012417258e-09 3.800255331514477483e-09 1.210042762187538461e-09
-8.603866396236456197e-19 1.907042240518550131e-09 2.143603229006509800e-09 2.287311916298871655e-09 5.179827145516829363e-09 -6.619786466162426594e-10 -1.500242633506383578e-09 1.444647814777534382e-09 -1.962555366183615039e-09 2.767023710444009882e-09 -4.364678583438920006e-10 7.114336437967512311e-10 1.483161276202522778e-09
-2.887131616867885608e-19 7.242544632320066919e-10 -8.495998386558591668e-10 2.678539675047059583e-09 -4.397961574281628447e-10 5.575922719412464811e-09 -6.140588452243752962e-10 7.081932586568937047e-09 7.952284048368114320e-09 2.696889074517473180e-09 7.456162783532598886e-09 8.729158341073077961e-10 -5.644409333350770176e-10
-2.930165645878847198e-20 1.994184177120896386e-09 1.005930294325104404e-09 1.637240896322229784e-09 5.358246766365776668e-09 5.887701321802864685e-10 7.860704626432930541e-09 -1.422609059211295551e-09 -1.412476137453064816e-09 -4.289006857122195564e-09 5.692772208670823429e-09 -3.470251657646933825e-09 -1.445086157485486409e-09
4.638367923355481745e-19 1.991800871261087753e-09 2.102281554903702427e-09 3.588934790981699160e-09 7.697041711324644441e-10 1.183271405461767727e-09 8.810341815192706114e-09 -8.134798058169239111e-10 1.405394179659506044e-09 -8.677248693414193511e-09 1.531927198246455724e-09 2.243624059974473252e-09 -7.516266951326246385e-10
8.770638655895542814e-19 2.364469348814322209e-09 -3.096202856749647902e-10 -1.089449280177257458e-09 1.854053669882959149e-09 8.100984520107211450e-09 -6.145383488639917135e-09 1.644189540033820834e-09 9.298651584265228354e-10 2.672710840366433966e-09 -5.969641919809822437e-09 -3.013199520579542826e-09 -5.850578321876865403e-10
2.535380284446052868e-18 -5.526023252464812640e-10 3.199418206137681330e-09 3.457082850973723823e-09 -2.125644552695363958e-10 -3.466627731247493903e-09 5.738522822713386398e-09 -4.038170148238582548e-09 3.443575027046427754e-09 1.472182295136684529e-09 3.561746555439024960e-09 -1.032948089275811859e-09 -5.557809159046621655e-10
-8.256634406184642265e-19 -5.895355622301985461e-10 -1.029021907314146266e-09 -1.138897132013042560e-09 5.176863956885785048e-10 3.210922744134632634e-09 2.022376491947091012e-09 2.998848029026699951e-09 7.232200573719766448e-10 1.641052617575980801e-08 1.070137971566285145e-08 -1.021207228530075338e-09 1.334372466192902736e-09
1.738465099800524701e-18 4.093700381770884995e-10 3.826273274284890441e-09 2.773251573149770883e-09 -1.984412803014999547e-09 2.670666675941671939e-09 1.410069511611101293e-09 5.233919768611460363e-09 7.969392348537200824e-09 -1.170765640603898402e-09 -2.080737268510124499e-09 8.244873359046252235e-10 1.836730119880218087e-09
-3.047181960104450638e-19 8.248870331568911608e-13 -8.595542589328953899e-10 -7.563748239309878956e-10 -2.198407938819121079e-09 7.641417966572995809e-09 8.689265764011791492e-09 3.090377294422103375e-09 4.776017288143301029e-10 8.245141765260579087e-09 -6.505177661015549063e-09 4.255001593903511053e-10 3.414279224292914930e-10
-4.666577971741832595e-19 6.191806089799600089e-10 1.142477943315932460e-09 2.871626256851276020e-09 1.098291911886287994e-08 7.323189553800275646e-10 2.868627109263572679e-09 3.330112863723489124e-09 2.901014093588741198e-09 -7.616913465181551196e-09 -5.711880818711706584e-09 2.709341606781431148e-09 3.277149751447639301e-10
-9.618169433393354963e-19 -6.583600851491064972e-10 9.270772783214740883e-10 3.534738157095140842e-09 1.419082699257673495e-09 1.008097473302115940e-12 -5.133600778481129610e-09 1.119944562487997122e-08 1.495994523587975517e-08 -5.910590327490655359e-09 -6.636121161663424881e-09 -2.005109159435657162e-09 1.073652020981595186e-09
1.525127647163983348e-19 1.784056977974880014e-09 1.297477720752535036e-10 3.648177179901150222e-09 8.081444189962324626e-10 1.012550048865030981e-08 9.226187083822181357e-09 3.585984327978020388e-09 1.467749807213141295e-08 1.017001075372737381e-08 -2.090682321663408210e-10 2.604272435678653648e-09 -3.722466982397375443e-10
-3.403206237430051573e-19 -2.231755800845634298e-10 2.165751327137818412e-09 2.999534220045862266e-09 3.051013482429685871e-09 -4.815276246750578941e-09 -3.043734567705555335e-09 -1.867185950723589468e-09 2.340705669371998090e-09 3.814022507608631542e-10 -2.398775039607570725e-09 2.770983001024217107e-09 1.572633751605801104e-09
-5.586052460831474405e-21 5.355086390402665742e-10 2.560201703233682728e-09 1.470481216828422988e-09 -3.814814540943225617e-10 3.497702896301371619e-09 5.084668116358358322e-09 -1.031052139175814496e-09 1.168090435919172258e-08 -3.014810234385370649e-09 -7.549150914506083192e-09 -5.296934076843426056e-09 5.897258350066084962e-10
-9.328157449635311986e-19 7.388923795503703371e-10 4.513571833693726057e-10 2.541393195017975787e-09 2.942778458046116893e-09 2.128411185847825283e-09 1.834528769895692561e-11 7.283397931139354002e-09 -1.403766142971283190e-09 4.385202375343641894e-09 6.106254162636108811e-09 8.505904994077825844e-11 2.195722533795374562e-09
4.459065816823555816e-18 -2.270008157528787554e-10 5.954237393627380196e-09 1.108635503774376644e-08 7.131194702954763914e-09 6.357804139722720314e-09 8.811418240959051995e-09 9.808415987014118338e-10 2.727314066978175942e-09 7.822091528776440657e-10 4.358636843771267519e-09 1.640890198705638912e-09 1.188953697516118952e-09
-6.446955700720188141e-20 2.169536022851747750e-09 1.363285520188552980e-09 2.348821557135031910e-09 1.004829764698171328e-09 5.237089262300151229e-09 7.890765182220881584e-09 1.464990508569225861e-08 8.935104698419751405e-09 7.126706012094002242e-09 4.254355842596850667e-09 3.780390991294491002e-09 6.719162640596549538e-11
2.026705009745959216e-19 2.200890504470115453e-09 1.999136907480549584e-09 2.521511938941224811e-09 2.056590677326134491e-10 4.900992151086118245e-09 1.579481563419532981e-08 1.727936968445395678e-08 3.774841197105282827e-09 8.610144493059010427e-09 9.125032345205568730e-09 1.054682547836705054e-09 -2.272402091513449493e-09
9.592869930973495607e-19 9.171814935706444609e-11 1.275793660775091152e-09 5.068579192834363110e-09 4.761227320658219627e-09 4.849510752631302854e-09 5.046817608643433777e-09 2.956178958573728804e-09 -1.184151651064062226e-08 -1.008399439916884168e-08 -2.937439569471320838e-10 9.054735787747019088e-10 -1.666020048210037627e-09
1.956706687768654964e-19 1.876874791545531956e-09 1.625089115280533866e-09 3.040708934485302425e-09 4.703592142338066852e-09 1.780834408465990805e-09 9.378504239783104243e-09 -2.581364918382812958e-09 -1.897140965710406423e-10 3.569463008348755762e-09 3.937453069445534333e-09 2.153248364082526667e-09 -3.226447370703124437e-10
2.540589921382287291e-19 -7.964675105065319201e-10 -1.768301400906011355e-09 1.077362235535525925e-10 4.869737872784816444e-09 9.406391625483122615e-09 5.781650846213995626e-09 8.817227505992212360e-09 1.240837990424445861e-08 -1.257055776571442590e-08 9.850693275988698626e-09 -7.077582514276965362e-12 -1.947749839733051167e-09
3.887441152233903451e-19 4.309584776883353970e-10 2.272257323207458817e-09 3.874641164448743979e-09 7.361660809809700567e-09 7.733075021638169249e-09 6.646301081241665045e-09 1.649630531661510447e-09 7.578369719328718277e-09 -8.129426588998851752e-09 -5.538061587449404972e-10 -2.351969938956495773e-09 1.284741363805015216e-09
-7.480900807232469260e-20 7.875244033935478754e-11 1.967584660340648299e-09 5.512077400749284035e-09 6.805753562429842773e-09 1.194457105909335215e-08 1.192641417912996686e-08 1.462375684862002471e-08 -3.647321835017522354e-09 4.084420397626456071e-09 -9.131514988143647612e-10 2.491226247330437044e-09 1.380075251841420873e-09
4.419283130927759886e-19 7.623404802554305493e-11 7.316423798445279113e-10 2.428318194772919141e-09 4.156135118139056886e-09 1.888390053037163962e-09 1.429919959122568691e-08 1.042336717578171141e-08 -7.747633638882071333e-10 -4.919587311536995233e-09 -9.105029010932597001e-10 1.657607950474591769e-09 4.299180467935768363e-10
-4.044259427888144638e-21 -2.557643702350504652e-09 2.950579695057895866e-10 2.460281751575257371e-09 -1.134534503832712362e-10 9.527405939437551503e-09 3.095802459925149046e-09 8.339318082779714219e-09 9.057653597916763985e-10 5.658894285758701689e-09 -6.853222064411501148e-09 1.255967428072275522e-09 1.042309030364138464e-09
1.004718544269048564e-18 7.196773413365794549e-11 -3.811305089934438792e-10 -9.249478385959517863e-10 -3.366511067417800414e-09 5.449078190314959324e-10 1.697842319870174827e-09 4.672466448468480267e-09 6.295871063609239505e-09 -4.518025970425175795e-09 9.299741857486063905e-10 2.943609226016985572e-09 -1.482045187193943759e-12
-9.527956281277830925e-19 3.448106691427158634e-10 1.813597127759026746e-09 4.603891512620753250e-09 8.529772173890013650e-09 3.207719128153554837e-09 1.394369860285678623e-08 1.140389523570809044e-08 2.767752802432910798e-09 3.173724017085342460e-09 -2.547005943804384774e-09 1.031606704098527259e-12 5.961610897896303234e-11
6.630688471735198573e-20 -3.402176916043062387e-10 8.523890420772540606e-10 4.970850933246505502e-09 -9.492733081727831588e-11 5.715059685862404500e-10 1.248176100751738807e-08 1.632730333835498225e-08 7.987183556751104480e-09 8.902774385041568721e-11 -2.829702248388228809e-09 6.914056918200713771e-10 -1.283066242822606857e-10
4.661490260074209695e-20 1.466759153233209491e-09 1.113747900908774699e-09 2.016992370988430468e-10 3.419928052714894034e-09 -3.192748552299155249e-09 -5.584969860783095397e-09 1.422292359935116102e-08 1.337094345940520281e-08 5.910736915722315008e-09 4.228389195612630586e-09 -1.998925725930024521e-09 5.572295889762096003e-10
3.303397713568169244e-19 9.296312032664301471e-10 3.564698202986285534e-09 5.733390677946342065e-09 1.211082884945492984e-09 3.704226585532817974e-10 9.717993956040265027e-09 5.101541428917510613e-09 -4.706058974353968907e-09 6.071710596333831404e-09 2.395050099012797107e-09 1.167594834893595444e-09 1.142446633261048930e-09
-6.046770929713544287e-19 2.125926982532567051e-10 4.752880444704127884e-09 1.934286358785879046e-09 7.445046959380819487e-09 7.069605535235304776e-09 4.120781877034126141e-09 -6.660741414071116593e-10 1.340558267406263559e-08 2.671744625849272482e-09 3.869223745581502323e-11 1.606185444081558555e-10 -7.200497373047348443e-10
5.699558670237513325e-19 3.730353762719433342e-10 1.168864369114096245e-09 1.250163340808424646e-09 4.198668098896615667e-09 2.381042811014509090e-09 1.102795994644701362e-08 -1.922078472295124334e-09 5.777057650487346258e-09 -2.750537500922614017e-09 3.989567410887351124e-09 2.815124366358083328e-09 1.397020114572458875e-09
1.645517702146329108e-20 -5.505467739054440668e-11 5.888151596260741284e-10 1.234667754652757711e-09 2.957701306372482220e-10 7.626249862091199445e-09 1.210866748655134786e-08 9.920582412435433823e-09 9.014996752324298308e-10 1.190233256092282752e-09 -4.134613984655873760e-09 4.673959997193382652e-10 1.746441762271627595e-09
-1.833847572854621085e-19 -7.458736512976551527e-10 1.912198909020486610e-09 1.534346085317244872e-09 -1.702197053909866929e-09 5.022331843699317438e-09 9.399824044252513318e-09 4.705030847359491934e-09 -3.405066392800320243e-09 -1.244773743116770998e-09 -4.138974636122640735e-09 -2.977032234891502168e-09 7.513657844351702675e-10
-2.418604563431509978e-19 1.501805750014702564e-10 6.275064672811216698e-10 2.345140512886029463e-09 5.650328929156343044e-09 2.738734566496613829e-09 5.231125220013098937e-09 2.584166558293242839e-09 6.605914401120443175e-09 1.677610196980851998e-09 -1.454251045134290312e-09 -5.322806743261389212e-11 2.315846563709027099e-10
-1.325905307583193746e-19 4.892918668517849470e-10 -2.823122489237130917e-10 -1.538836392094888750e-09 4.342324366512031420e-09 9.781255424472137153e-09 5.327631060045812057e-09 9.365999186309175559e-09 9.426912043353598713e-09 6.003227687348554445e-09 -7.474218861132040666e-10 2.206621475817915860e-10 -3.253284747564418590e-11
-6.423104991469158260e-20 8.156456148137043253e-10 -2.120766873892502090e-09 -8.082516140980041410e-10 4.550079488355133227e-09 1.135667509933757867e-09 1.007645050639815274e-08 5.893721403510217262e-09 1.221107177605956568e-08 -2.411131119196878506e-09 -8.529576511654056607e-09 -8.977911237271699444e-10 -1.288350947028802493e-09
1.032174482698002057e-19 -3.429323409061658715e-10 1.520928870355469671e-09 5.154867173357053386e-10 5.062068466907395114e-09 5.808078929341622607e-09 9.324934566952036586e-09 7.694891505479974520e-09 -8.198865110309558459e-09 1.554303826459502824e-08 6.568414347793238677e-09 1.473768460617153390e-09 -7.004466612841138449e-10
3.790825390766516213e-19 -2.179149337663645859e-10 -5.065281873773936854e-10 1.719863373273778426e-09 4.441089259325086822e-09 -2.646211230358502357e-10 4.663870365042211251e-09 7.354570036695090791e-09 1.019930447727934075e-08 -7.205118577459392829e-10 2.862794477214986996e-09 -1.844541179420732454e-09 3.569761841327140582e-10
5.313805034767981337e-19 6.979085415658421793e-10 2.455769727926332161e-09 5.529061827024132977e-09 4.481748659448594770e-09 1.499591593433656748e-09 6.176662380353404545e-09 5.669228589570206467e-09 1.729429676398973877e-08 5.414939441369520655e-09 7.849700338489992502e-10 1.600374422869668184e-09 -3.587701579084169857e-10
-2.843350633270598364e-20 -4.260688653171647953e-10 -9.763815762216543392e-10 -2.804672443385848467e-09 -3.829941730053088622e-09 6.014970938470911569e-09 5.408967858497697078e-09 1.097995167200062369e-08 5.538918552084608974e-09 6.717609720373452527e-09 4.222012457810900610e-09 -2.603187362595940305e-09 -1.426556623691618484e-09
5.827827043293209582e-19 2.993824653780987305e-09 4.689778791273113576e-10 2.152670272538508872e-09 4.281074509189381212e-09 8.775444212964060465e-10 2.289351870150429066e-10 1.159711446050708849e-08 5.393966250839614978e-09 -4.713308616557361337e-09 2.554448623576414287e-09 1.399392377037655830e-09 7.726045339865375254e-10
1.347169466040089911e-19 -5.124226149911229467e-10 1.947557621755927413e-09 5.190355273649301737e-10 1.776930143472064966e-09 -8.139098848348452629e-11 9.081252370257029890e-10 4.729022243647116169e-10 -5.746825810167012568e-09 -1.357690726985226931e-08 -3.639186265359478148e-09 -1.270307629309147975e-09 1.062450845748975160e-09
1.867442782538841889e-18 -3.334149458563413596e-10 2.818150080273182371e-09 2.938145747544249366e-09 4.778862175843810715e-09 2.688418742624189836e-09 9.697842893610734296e-09 -3.349579825735255486e-09 9.002389604686153789e-09 -1.809498067069189014e-10 2.301129081685667044e-09 9.638094438804607886e-10 3.337446630638547626e-10
-7.172965248087166356e-21 8.031920096348043651e-10 2.695828163101811759e-09 6.925437049484475723e-09 6.392803784428753511e-09 1.123191164901096170e-08 1.530871877144567695e-08 4.387124529239530843e-09 8.286096766250749735e-09 5.267157182982304663e-09 5.356636528122701680e-10 -1.690423417579409767e-09 -5.868680538862688045e-10
6.275219800612812983e-20 2.743494297792761314e-09 1.941763638443389815e-09 5.612175752662111271e-10 -1.234179402878441487e-09 8.481422098797963165e-09 6.269591724260336947e-09 1.095129764156541930e-08 1.286875566575383673e-09 4.845251582136683623e-09 -1.160360272601251701e-09 2.072963048112130636e-09 -7.231806422451854581e-10
-7.888840350307611442e-21 2.154241444961745712e-09 -1.478878099427473742e-10 1.959776288253694181e-09 -1.511281110537002302e-10 6.599057757937708977e-09 4.836548371776248139e-09 1.234359407296020945e-08 1.312707025823137262e-08 2.924502200645395949e-09 -7.758285706480805386e-10 -3.977450367628450897e-10 1.760912628315200186e-09
-2.779512179851487623e-19 -3.537627421664585900e-10 9.102879817558710350e-10 2.498642815252189372e-10 -8.263725715913172240e-10 -1.831270542004221764e-09 -2.932677076721491221e-09 -6.468953198555107238e-10 -2.630694538095627261e-09 9.296158386238404793e-09 -1.622298306958943881e-09 1.463490742556805210e-09 1.479903623831823015e-09
1.587926904158808849e-19 2.755174525679930784e-09 5.881206537060721738e-09 4.531009828213597090e-09 2.172630994512698967e-09 4.891626229868151443e-11 7.092059005468250841e-09 1.267282806776323316e-08 -4.144543676080105740e-09 7.434229423078448377e-09 -9.639424441910265803e-10 1.543141358489061933e-09 1.168518044153007678e-09
-4.111575908027411962e-19 1.401510364193565620e-09 -1.725297704682159252e-10 -3.007619456985386657e-09 3.437729888546315174e-10 7.498939057265427860e-09 6.944785458184117288e-09 -2.785499400604300273e-09 7.060451586264774339e-09 -8.759936067545154914e-09 -1.273727933426819674e-08 3.265441714735679331e-10 -1.881102478162975719e-09
-1.382131341221180034e-18 -1.688031416520908462e-09 2.217178614929512758e-09 8.664276504525842113e-09 2.994319432560838059e-09 -9.497005999672572168e-10 9.331578516400212309e-09 3.261118468803998177e-09 1.496408146500388082e-09 5.185141102032102644e-10 -3.273474315453271565e-09 4.191040066339029445e-09 2.564367159046849470e-10
1.721776411935366544e-18 2.916823503235683895e-10 1.357703667765387692e-09 4.858939297707556984e-09 8.090626006941103484e-09 1.296382521358202774e-08 9.905212378070068740e-09 1.446884217712260761e-08 1.390933548766383871e-08 1.972379818713908880e-08 -9.389157376300439449e-10 -5.326995367846130420e-10 -1.847809355128189806e-10
-1.519820139529023670e-18 5.977381067114842311e-10 8.574996212878684622e-10 -1.504370706885427495e-09 -1.624799000146948124e-09 4.622662122522270322e-09 1.121542307745846544e-08 3.151273090800002693e-09 1.549452357631158654e-09 7.670627206662928199e-09 7.854600036576328313e-09 -2.046091050358847222e-10 -4.082452599732842274e-10
-2.536370924574780688e-19 1.251282179526559906e-09 2.376295054506576579e-09 4.742059461067219466e-09 1.025113006726819389e-08 6.054562260987850897e-09 8.114890104070064362e-09 2.676871537013135920e-10 1.166370816034782419e-08 2.228596853052113825e-08 -1.470118709481124831e-09 -5.304861185761289087e-09 -8.257766206796560047e-10
-6.167529364411310571e-19 -9.188970484710175302e-10 3.577899586082601508e-09 4.233452965249335367e-09 7.696169963553058508e-09 4.725012921860340554e-09 8.216357352552936965e-09 1.589871647078794751e-08 -2.515683786991380197e-09 -8.623140778705466708e-09 -1.862750749300812347e-08 -1.403936639143775150e-09 1.213931693147191288e-09
-4.551766881377621786e-19 -5.472548314155677856e-10 -9.776604336634451717e-10 3.813596054889629650e-10 4.031382541238872884e-09 2.954077596868560820e-09 -3.416737261076916083e-09 -4.550181768595163517e-09 1.334988857328030481e-09 2.847514937571182971e-09 -1.006352083004040672e-08 8.893803424039483138e-10 -3.045610897335635757e-11
-7.201953715142392418e-19 -1.382722462820844662e-09 -6.752141572749946205e-10 -3.515938629409802970e-09 4.865795026952562272e-09 7.151433587646244386e-09 6.191740898778615962e-09 6.868071717494233406e-09 -2.665051693392990953e-09 -2.360211534781427836e-09 3.630090691733484149e-09 2.856877168827082056e-09 -3.289439865837536277e-10
-3.541088903791183297e-19 1.429401874325002240e-09 2.031202323382317714e-09 4.072348239471324388e-09 9.684187993665488524e-09 1.308423054338467411e-08 1.015557631614514018e-08 8.877341752813841397e-09 8.135195768768468447e-09 7.337574911739404573e-09 -5.430301305431836749e-09 -1.009817108898343368e-09 1.187253089372863581e-10
6.975487118931094014e-19 -2.077865959582410044e-09 -2.681403597397447196e-09 1.909125985782432835e-09 3.651494752797172775e-11 7.093252089831043076e-09 1.287516873430764214e-08 -5.272502925091248199e-09 -6.053747782099030509e-09 -6.893607544803795512e-09 3.540352042307197052e-09 2.090591743459554090e-09 5.429321257266739918e-10
5.697329986590346933e-19 9.142156929190079926e-10 1.092997472819124533e-09 3.028347483396553040e-09 2.497376288007360502e-09 -2.962490531039536339e-09 8.797715523723722678e-09 1.090646177872881247e-08 9.539232240713005701e-09 2.032496452490860304e-09 1.951160477275514161e-09 4.056899229745641965e-09 5.076017479097446025e-10
3.566502250609360972e-19 8.098781600262321429e-10 2.646851804666702556e-10 3.243301075840262153e-09 7.603271449248640411e-09 1.771676436438075589e-09 2.249454987478896203e-09 5.404440458364358269e-09 6.173988491988703691e-09 1.181238759150857540e-08 6.555259074708124440e-10 -3.799894256749911885e-10 -4.403089835161581596e-10
3.059728969559320295e-18 2.719118520585892068e-09 1.636746772673421935e-09 3.111259502397553344e-09 5.084814283837862010e-09 -3.924910262977050078e-10 -7.809163269088643250e-10 5.686628381662132646e-09 9.576309729489996652e-09 -3.424006580261550491e-09 -2.617117936010988994e-09 1.698256778913799787e-09 -4.716602762890087706e-10
-1.911427741500683354e-19 1.200860714771226769e-09 3.226309385279931824e-09 6.711059113016593019e-09 5.433925185610046143e-09 1.455475113751647265e-08 1.159369833121090845e-08 -3.943762515049723245e-09 4.766032521716215711e-09 3.798298807946233249e-09 -4.535198845538002238e-10 -2.248965282591832729e-09 -1.605872648799240350e-10
2.579410783620856205e-21 2.268601086306323305e-09 1.161746652359448338e-09 3.472257530719647257e-09 7.164075643278516248e-09 7.542070358386849475e-09 -2.437652696029268141e-09 -2.526380691460341142e-09 7.446443275810368572e-09 -3.608452008144979589e-09 4.028771226700376780e-09 -1.014467958011907508e-09 -8.724632316353009365e-10
-1.092966475989310159e-19 -2.003943398766595804e-09 -2.168349455155656795e-09 -1.687947973419565068e-09 5.240972986220444928e-09 4.953487796722502527e-09 6.767066571346227868e-09 4.781947606081395545e-09 -2.084060893296929307e-09 7.962286629695486998e-09 6.758480369109551451e-09 -3.441913518932459647e-10 -1.334517850843010778e-09
-2.807430467646545455e-19 -9.847892424643300638e-10 -5.051864142922629698e-10 2.911280506725231554e-09 2.404332084536605761e-09 1.963050619608310159e-09 1.376008561253569020e-08 8.977457785249902526e-09 1.845743191652543559e-08 2.835766144177163856e-09 5.952050409153902907e-09 -5.606682009172126395e-10 6.755199366669032269e-10
2.004609605570826773e-19 8.535370092677250757e-10 3.433993826989387600e-09 6.946615352481237345e-09 4.590543888049261523e-09 3.873639260202305513e-09 2.150315333488008631e-09 3.372766119369622416e-09 3.033615127681196986e-09 9.401198381305630133e-09 5.674577012763363286e-09 -1.002599977887844087e-09 7.054595620911069960e-11
-4.511224259223211796e-20 3.690649140841548703e-10 5.592827203493917588e-10 2.901830883193482427e-09 9.841592530909369308e-09 6.716638636994452087e-10 -4.899396872624641780e-09 8.590904460149877469e-09 9.927081322329925522e-09 6.398382841718338083e-09 2.368157879342174987e-09 2.771589200824652846e-09 4.928346851769772850e-10
-6.958855542457791094e-20 2.866751806070140544e-10 -8.390504581261507365e-10 -2.026469592058473093e-10 4.732626314225504844e-09 3.022712650353935090e-09 4.064529440701634667e-09 9.549218685551841622e-09 1.253465324362952862e-08 1.920298627075527320e-09 -5.939908438578987764e-10 2.679403538872679511e-09 1.106342694865443603e-09
2.092901366713868900e-19 3.454979518717162322e-10 2.038597406286992419e-09 3.191393425468973703e-09 5.366387012514017603e-09 1.043415098599915037e-08 6.559370023179952298e-09 1.863039271504157783e-08 -2.725804666331897514e-09 -9.441597457500282113e-10 -2.247729669614143437e-09 3.187950777227846554e-09 4.314061334653575148e-10
-2.878399799694959561e-20 1.561002339316579623e-09 1.091809216022024965e-09 4.370131636719697045e-10 1.134486193206875903e-09 7.198674566640087279e-09 2.619508886531275179e-09 5.775531447229350532e-09 7.350079298304939525e-10 5.265148246052587846e-09 -5.698573298520825616e-10 -2.511833114175660671e-09 7.547243865703565850e-11
2.738648049994029802e-19 6.205709985490228076e-11 -4.989450810452428154e-10 -2.254264919552715759e-09 -3.023266722018917002e-09 7.971052944214664264e-09 2.151858959884463518e-09 7.270756517624068481e-09 5.416338794880288810e-09 2.106072934125779582e-09 -1.864216151047610249e-10 1.324054996882378537e-09 2.423167449303892392e-09
-1.146754462532923619e-18 -3.304556901779731258e-10 8.861755973434270320e-10 2.888733125215179016e-09 8.939040333704452893e-09 9.277097565714686072e-09 1.389460578708384911e-08 1.696233507761974433e-08 1.067059367633198329e-08 1.440825081503224036e-09 -1.692152547352829079e-09 1.374761558742633395e-09 1.240187420758834731e-09
9.362492259224102796e-19 -3.242713969298815918e-09 8.750515565873755104e-10 2.105724142222245407e-09 9.463423201310943304e-09 4.694801424962838084e-09 1.844132787098675892e-08 5.794777835338099832e-09 3.539826034582576316e-10 -1.403855593419387294e-08 2.079431370282460907e-09 5.252757884701445860e-10 1.034458330214464739e-10
-3.370579626183185459e-19 -4.988873021267205694e-11 -1.164907979593257467e-09 -2.731231560591760676e-09 -4.297212043571299645e-09 1.064577551745077568e-08 1.088016321029056148e-08 6.038635508598873295e-09 5.794997316297219873e-09 2.661671516045861316e-09 -6.210152861483141897e-09 -1.622344553831882968e-09 6.258545568526094199e-10
-2.491609089584695240e-19 -4.754880206199921852e-10 2.687810997160841880e-09 -6.666681455238491833e-10 2.928562995581943761e-09 7.916883973792713031e-09 9.427609781709124024e-09 8.955526895424044124e-09 1.921774936054215463e-09 1.447086905074808705e-08 1.154873812204987006e-09 2.049153175497539502e-09 8.474363938900483054e-10
-1.783091890723641517e-19 1.477875840913530975e-09 6.789505834268009485e-10 -4.780588529848979359e-10 6.900158194666276263e-09 6.641993519344504962e-09 1.761414496939519547e-08 1.416238603177568363e-08 -1.019013579095223232e-09 -2.846928392439353429e-09 7.751717465320685894e-09 2.258711812160860817e-09 4.708193069920878395e-10
6.444463408686606708e-19 2.969779321565530429e-10 1.699857746011204461e-09 1.152834502555940350e-09 -3.923064827090813339e-10 6.154647839806222947e-09 7.849745546520001467e-09 7.702308210114889325e-10 -2.271780545472579900e-09 -6.076691950159242022e-09 -4.397987066037873114e-09 -7.969603819009380204e-10 -1.819151683314482530e-10
-5.760828027214492906e-19 1.510398149631637971e-09 -2.745999262698762404e-10 2.229287400822093307e-09 -4.645328686854753441e-10 -1.337737892951036612e-09 3.990214643427507662e-09 1.567281352661141201e-08 6.437295148949069302e-09 1.186657089858917086e-09 -1.211369743584787368e-09 1.377984465055778410e-09 -5.185964365243297655e-10
-8.569169221119083157e-22 4.611936399292574243e-09 6.257581410397602446e-10 3.857030172695682768e-09 3.481196963615235091e-09 5.516813771615712597e-09 1.043360181949377816e-08 1.404889577258845920e-08 9.326533281014543827e-09 4.869397406364922123e-09 -4.342434533819547820e-09 4.191657830374316629e-09 2.674847458943483334e-10
2.945944195994069866e-19 -1.454310043980811959e-09 -5.424451468451292437e-10 3.740673813385452016e-09 9.229138233817642027e-09 2.432315059869086312e-09 1.057146101991245142e-08 6.809551793219959182e-09 -6.429408405242100316e-09 -1.919692621109329131e-09 3.488852334035433542e-09 2.903118911316289721e-09 -4.133737942249560029e-10
-1.739118758665234523e-19 7.313865563458091588e-10 -1.091263881488514335e-09 1.490231516176424910e-09 3.427022773380885433e-09 7.517629804398696027e-09 7.338579580039589583e-09 1.473991264562455644e-08 7.301892421509187643e-09 -6.250765583162168454e-09 2.270812238405982779e-10 5.007821612157163495e-10 9.672734175283006241e-10
1.199239835230964736e-19 2.343644586175886394e-10 2.328265630512210127e-10 8.804548768032656235e-10 2.235763307219506612e-09 -8.178834955758367479e-10 6.954732614882373881e-09 7.250007932866419000e-09 4.049374381771913638e-09 5.446317285950794555e-09 5.693693626012747756e-09 1.249235780912922576e-09 3.838863377518322690e-10
3.716211196396185535e-19 3.693786432791027266e-09 2.113315960234864382e-09 4.313915040603574005e-09 3.983170629903234057e-09 2.279164906158435892e-09 9.405902155429435510e-10 1.291120951414013762e-08 6.404663968437106951e-09 -5.153126085685185756e-09 2.679569198349508569e-09 1.882828312452823285e-09 -3.495407015167466509e-09
4.286030557839410314e-19 7.886019966633317314e-10 1.191431295658415263e-09 2.327243627373916373e-09 2.646100765940898703e-09 -3.169523460080896441e-10 9.267160560979446459e-09 -5.803447590787615395e-09 -1.297800753089653629e-09 -1.698821853150325782e-08 8.443338625737696317e-10 -1.365193592829862408e-09 -1.088414066897743591e-09
4.513562943511244963e-20 -3.655717825765755624e-10 -2.769938032160444245e-10 -1.859082313002337551e-09 4.649784046470053155e-09 1.223710986260173526e-09 5.456033774209967646e-10 3.873740484457998893e-09 -8.306484897527627411e-09 7.594431353283239726e-09 3.338733851095777423e-10 -1.612046246963833019e-09 5.177551206224714583e-10
-7.434460907808599703e-19 2.137907192510273343e-09 5.200138432725938999e-09 3.706884088989483640e-09 5.092906129693988535e-09 4.917893281547817047e-09 9.066767962120105808e-09 2.035357086498472206e-08 4.043051786749913410e-09 9.796432475652250746e-09 -6.447834105731295532e-09 -8.892353762972036579e-10 1.220493653872546660e-09
1.247625964834169958e-18 -1.953653298480843501e-10 1.695062816555628084e-09 1.488829266825751239e-09 6.017725012591705300e-09 5.466223141084141063e-09 8.183487396168674180e-09 5.352590680450273027e-09 -1.642675420405115454e-09 3.033926127684010517e-09 3.910584136911209355e-09 2.443830026103423611e-09 9.085743900345435897e-10
-1.001074899438790232e-18 6.354304546881359178e-09 1.445370023931075803e-09 2.697074379321753819e-09 9.635556206180266914e-09 1.420374979815490315e-08 1.462928541260658308e-08 1.330216178206684453e-10 6.868440906127013641e-10 6.153339547195340356e-09 4.241311235654022685e-09 -7.889443043194736652e-10 3.150706539519132317e-11
-2.180951909765343517e-18 -5.487331671112990650e-10 6.957140142045308734e-10 3.200518105027296715e-09 1.107335926494990578e-09 1.829538043077762691e-09 9.850039958415567655e-09 4.727652569739646534e-09 8.907164466775678033e-09 1.118679157155627059e-08 2.443209152951284081e-09 -1.879378728363741680e-10 -3.064533097463067791e-10
5.614829101892187212e-20 3.068925678217224214e-09 5.373663109138986697e-09 3.433919458373975233e-09 3.395845856725922125e-09 1.009618852824378133e-08 8.006936645698674699e-09 3.954282814148956825e-09 4.103707743628129508e-09 -8.109912439901010345e-09 -2.721012558080587902e-09 1.671408008433151121e-09 -1.005273537974843314e-09
-2.438839173134489420e-18 5.688329801648050126e-09 1.606860254683453872e-09 1.137686746303428096e-09 4.165641169407015044e-09 -7.087582114280922024e-10 -2.057856718639543113e-09 4.992756850667969709e-09 6.032435839945789873e-09 4.055407611246994276e-09 1.026643746413752705e-09 1.298501390123941643e-09 -4.118125548143525002e-10
-3.224773591057709510e-19 4.578828136129007431e-11 4.969514956288737451e-09 4.784261499638751038e-09 1.085305419250833806e-09 8.719698750204754088e-09 4.317701983687288089e-09 7.203056693810071740e-09 4.503379671668618295e-09 9.216585059509999539e-09 4.701778542510937749e-09 -4.010338364011251869e-10 9.231629530517219362e-10
-2.172239268722826830e-19 8.701829319301702396e-10 2.375866225986361618e-09 4.864750362149060446e-09 2.658447916725005317e-09 9.943929499309860317e-09 8.853510627936867704e-09 3.126871482067923360e-09 -5.449566210300731130e-09 -8.679107154553174062e-09 -1.266308277838877464e-09 -2.841931609152060115e-10 1.138242811153631471e-09
2.575054064432088744e-18 -4.446655616466136934e-10 -2.045941453740364439e-09 5.430507613602515497e-09 7.072746628357173483e-09 7.158601340132942240e-09 3.232463663800783546e-10 -1.192465823688747328e-09 1.731791727552026647e-08 2.734720868960417388e-09 1.054772334532196760e-08 -5.862505460275759366e-10 1.161715978896281408e-09
3.975270072174972076e-21 1.546328247811960698e-09 2.520015975606226721e-09 4.532643113232927242e-09 1.581675368411961821e-09 8.137895602420692400e-09 4.837625177732061846e-09 2.681618949625937518e-09 5.682892295268519365e-09 3.467717919509515329e-09 -4.354815524721863292e-09 1.826736266897401002e-09 -2.957196688904132744e-10
3.843618355689607744e-19 2.717173264089547945e-09 1.554814814293683891e-09 3.295619844949151421e-09 1.891402430222311172e-09 9.466967995086556071e-10 4.913188539302443323e-09 3.634898506710151755e-10 -2.634069230585833987e-10 -2.643424038937409330e-09 -6.268291357574852371e-09 2.199226910472982858e-09 6.550812894413385861e-10
-3.873157809050867964e-19 2.479338574847767130e-09 3.175681429627149475e-09 6.935277420082200398e-09 7.365571490080059142e-09 -2.148533961079304937e-09 -2.282550105552450454e-09 1.316980397370275227e-09 8.233593928675887564e-09 9.193566048655858914e-09 1.681403968213547449e-09 7.799352518998283052e-09 2.186369412943410724e-10
-2.155763985683053139e-20 -1.175550765219382552e-10 1.397208614975425405e-09 4.524807288514994013e-09 9.576042866699218603e-09 6.938556402512396672e-09 1.014215187781786929e-08 1.005468728203118462e-08 1.395771425087538734e-09 1.427514201383322532e-09 2.607647681535518316e-09 -1.362796647345396319e-09 3.378903217914031191e-10
-2.354574012943624104e-18 -1.884592701836426196e-09 -3.459192887468320031e-09 -3.440919341668710018e-09 2.632446577975518473e-09 7.319812865429506109e-09 4.228368780319522803e-09 -2.319594856296033270e-09 5.326636156560443611e-10 1.075895979112872882e-08 9.468167546862137117e-09 1.273989401382074334e-09 2.526191116382863636e-09
-2.506549326037232551e-18 1.233079120329632564e-09 6.428690330123172651e-10 -1.253879535631585136e-10 2.331961311038074987e-09 2.759122042965629718e-09 3.668157902101966470e-09 7.115768356704076785e-09 9.441227511717518895e-10 -1.888696826507588906e-09 -7.711847620437182061e-09 2.388380074550280927e-09 -2.211554676288848331e-10
3.165719872267372689e-19 -1.301334782645195372e-10 -2.529813822930114472e-09 -1.160475004672540173e-09 -1.897281905491061556e-09 3.622664030542327260e-09 1.453422306602060790e-08 -1.279698781563823908e-10 3.461653782038350273e-09 -1.377227204900321084e-09 -2.004074617201392794e-09 8.755792268021714221e-10 1.129326621215978150e-09
6.302351952280944306e-19 7.910681424479894539e-10 1.210573029014935571e-09 2.729593347309163800e-09 -9.304256340671644928e-10 2.121799708023099138e-09 1.962746933392112330e-10 1.026740644801110865e-08 2.653892281355242838e-09 -3.176482995518843227e-09 1.339487642886442949e-09 1.095172695808981646e-10 -1.298510535381892850e-09
1.544363593504277242e-19 -2.044126214975153557e-10 -1.895568740761984379e-09 -7.126719220889418627e-11 1.226705822546016624e-09 5.655446198017009818e-09 7.626731902962577115e-09 1.084547800759139118e-08 9.665406796890826431e-10 -1.230832126855783668e-09 -3.797697751526782608e-09 1.577153191328110512e-10 8.205574535944734625e-10
1.306591943012174706e-21 -3.710065923280525324e-09 -1.817202307619825572e-10 -1.892110363492674902e-10 6.380812408569050948e-09 2.058560159708094437e-09 -1.620204647799419035e-09 4.426857987287873392e-09 -2.773778644906081471e-09 7.585374743980208914e-09 6.873003126347936623e-09 7.486651859977712244e-10 -9.981130432350612689e-10
-7.189651201801162675e-19 -1.419847219102239774e-10 8.426045461484060158e-10 5.661445882707412372e-10 -1.627278966302263350e-09 6.455279820922597643e-09 6.328066254832488494e-09 1.139495426215480692e-08 1.122463408805705258e-08 -2.346280486367692145e-09 7.138992917158524120e-10 -3.959803291551887392e-11 1.004688856613891143e-09
1.103115562609513325e-19 4.072014354903103594e-09 1.829756693070161738e-09 7.048787335518113091e-09 1.911034390029805055e-09 1.242926813225441725e-09 1.124984754924343583e-08 6.268363857165923177e-09 1.101254198234358696e-08 -2.796706620847989779e-09 3.827068302995092346e-09 1.641923402181519604e-09 1.874944783917219808e-10
-1.038402436554535243e-18 3.626504833541515215e-10 1.200188069969581316e-09 -2.119828503658320458e-09 6.454378293365407722e-09 3.270801967914351564e-09 -1.977067314807745245e-09 -6.146144914867990981e-10 -4.041652406826714913e-09 2.248228653411488665e-08 5.100254428633062249e-09 6.746076689809995862e-10 1.214545949995389564e-09
-7.957798100792208155e-20 2.043000388602285164e-09 3.204398631504151032e-10 1.067436403627195544e-09 7.086986527559816571e-09 6.845682086250578348e-09 4.255946928542515355e-09 -3.658709270817341225e-09 -4.190150366635432358e-09 -4.505431195147745904e-09 -1.265234561562037146e-09 5.482639830911049146e-09 8.267306829243893697e-11
8.509191885062578616e-19 -2.159487522896052558e-10 -1.555838746668840486e-11 4.206837079801772517e-09 5.612072400666209588e-09 5.077058232315446882e-09 5.205966610731545670e-09 9.857623770905171508e-09 5.184347134872963615e-09 8.231099909330813834e-09 7.353877944122413576e-09 -5.455800464416529566e-10 1.729178001860147014e-10
5.543714409001679690e-19 2.841904686003757682e-10 5.558810341770413241e-10 2.657760873781931468e-09 6.785359804101901561e-09 3.913419484260580766e-09 5.750071754065694368e-09 7.179325161633330375e-09 -6.026339229815172880e-09 -2.964828420522035939e-10 -1.760720455528956520e-09 2.779793546825796523e-10 -6.638210694567342423e-10
-1.373903490439098938e-18 1.705711679212976250e-09 3.685156372872470168e-09 7.650650850762019155e-09 1.040730228474656673e-08 1.040227234118909982e-08 6.212796955244658179e-09 -3.079401471576129863e-09 -1.222946645959003885e-09 6.456224847014693753e-10 1.251634107388603944e-10 5.484679719216713851e-10 2.332831216919848805e-09
-2.593157341929964785e-19 2.246461409805164627e-09 5.177749238138122897e-09 6.003457810208611055e-09 -1.111742277957319200e-09 8.974278792373564513e-09 1.430707978665459320e-08 1.044024498018045129e-08 9.168442743250478633e-09 -7.040596596526285228e-09 6.088902917635653282e-11 4.056569634172103163e-10 1.026945523786976571e-10
2.752458302567321499e-19 -1.689178623583979111e-10 6.260992416539906117e-10 5.806588704354743727e-10 1.949920094576336633e-09 8.093280242705985125e-09 4.889197752496188040e-09 2.073485757680822730e-09 7.688919302579875354e-11 -3.765224053759867170e-09 7.355858750239728818e-09 9.850999487037103982e-10 -1.088950295294528637e-09
5.514776374395070793e-20 5.845769621732650283e-10 -4.247710138109728322e-09 1.130366258506645741e-09 -5.445704456246548792e-10 5.810455551250525074e-09 -6.595587520444360272e-09 3.105774908593688188e-09 7.741341945899320220e-09 -1.130798206813790972e-08 6.272632562289717319e-09 1.553381794120256919e-09 5.948017781642172033e-10
6.794780209267226726e-19 1.868288033760116105e-12 3.076811352677390872e-10 3.960090108387413872e-09 1.758426864918644605e-09 -1.660110019929581551e-09 8.348432203075702120e-10 1.798459301238830762e-09 4.687615687706157460e-09 6.291626039132468954e-09 1.472459032420858174e-08 2.501030079860002102e-09 6.113763761761928194e-10
-2.707075027531285362e-19 -5.198901011158399507e-10 -2.089705027645490255e-10 2.478558904468620159e-09 6.012852879061011433e-09 7.026016728866210224e-09 1.236016748856200784e-08 5.733244471904708888e-09 -8.256712377892455025e-09 -9.075606432130545397e-09 -1.428073706152618978e-09 3.763844798261631844e-10 2.759752768787317490e-10
-5.991559165734842432e-19 1.090648802067659932e-09 8.710864789463540578e-10 4.064631400637442219e-09 1.466283037945959417e-08 8.555757392337598751e-09 -6.038811994037392602e-09 5.148962722109203742e-10 4.035834953273431654e-09 1.470641420358107413e-08 5.152740428647751796e-09 9.984089977107912621e-10 -4.098043255522766018e-10
7.405754082357480283e-19 1.482042057036476571e-10 4.279780782363826221e-10 -1.159528727572797885e-09 4.228636252120363384e-09 6.084643773685127507e-09 4.296103583155392432e-09 3.532948742785735499e-09 6.516356333643124289e-09 2.188203796629479634e-09 6.692086148006405192e-09 1.466262799330494823e-09 2.066776601576774370e-11
5.864493574273070157e-19 -1.260655159817720428e-09 -1.334276071508364401e-09 2.940476344062779051e-09 1.015397712109771511e-08 9.382543526226868529e-09 3.856444531924923410e-09 2.379200871912214683e-09 1.132670986726473054e-08 2.629310815883559488e-09 -1.519905886955147410e-09 -1.552699674452446681e-09 -8.557112421813297425e-10
-5.897680184563232593e-20 -4.007275742002394146e-10 -7.026828823487099749e-10 3.391746770196858524e-09 8.037228276620217520e-09 3.198194874476885086e-10 -9.313913302231184835e-10 6.508352666665882972e-09 4.409993003023210012e-09 1.614970670840752934e-09 4.127335859328666523e-09 6.844013466996652134e-10 -3.428712152250134551e-10
-6.493404835242591919e-19 8.816340975325578422e-11 -1.073702342617573970e-09 1.662731219991920474e-09 7.367996148787782328e-09 9.367608676827847954e-09 1.094625287115284088e-08 3.495852001119782412e-09 1.347615701746553957e-08 9.355993299908479794e-09 8.787580525306942248e-10 -1.269325696284190407e-09 4.439915503309969032e-10
-1.724840042686904553e-19 1.518931545022763806e-09 4.208081164104219158e-09 3.870092435758893557e-09 2.554999175572261035e-09 1.033526572276227989e-08 1.135850870104571170e-08 7.273519330780662082e-09 1.035816987579210482e-08 1.023420569627476258e-08 8.615018310442199395e-10 1.997318137926791190e-09 -1.052028968344049035e-09
-5.271327164430734787e-19 -8.211621886687323382e-11 -9.502809031387632294e-12 5.816285464376244135e-10 7.870494159082138579e-09 3.400332772096131214e-09 -2.462294678277814045e-09 -8.151598630509691895e-09 1.038070847285408272e-09 5.865333936153382496e-09 -2.939551458688956508e-09 4.159641532965780721e-09 3.671774126411866714e-10
6.086157149105759429e-21 -1.416708000470647100e-09 -8.679555126544628332e-10 -2.719295036827491593e-09 -3.119674734435477425e-11 3.559917482593433515e-09 6.302238606985626623e-10 8.874048998124731579e-09 6.357193403330539436e-10 8.228805936175974581e-09 -4.678568717710823968e-10 2.328134722546564271e-10 1.977803145570558771e-09
-5.779766197887272281e-20 1.366932194095030610e-09 1.748577996167411823e-09 -5.829734854687392840e-10 -3.162449823219511019e-09 5.090494268954116620e-09 6.574854048628079538e-09 1.248674063989256640e-08 2.430717617032785067e-09 3.345687828489476285e-09 2.372953959298365160e-09 5.888245436610074019e-10 -5.647714960596283381e-10
-1.445627157639889444e-19 5.045293233270171876e-10 5.533455614223734883e-09 4.767339821626521040e-09 2.807254370867123124e-09 -3.579616086878289692e-09 1.944278686585752037e-09 -3.349216981852376610e-09 1.424280830944690659e-09 -1.080535830797542388e-08 -1.765983260165669575e-09 1.578696042792148909e-10 -1.089118016417420037e-11
-6.175593227092727047e-19 -2.034345604249950956e-09 2.679422832737942836e-09 1.416417178527834720e-10 1.093833659422194308e-08 -7.462977475477330188e-10 2.714821011856040773e-09 1.609349274900046604e-09 1.229566755682552884e-09 -7.058876777835456579e-09 -3.651837847231505292e-09 1.556346127739059615e-09 1.045245010794125013e-09
-8.367103974824739137e-20 -4.763416080045094179e-11 -2.088896497819784100e-10 4.786072831467453344e-10 1.912997688557987783e-09 3.967519347975076920e-09 6.596142592680779963e-09 3.289006081488376589e-09 1.321285521385474166e-09 6.100956415074686393e-09 -3.011103157174846910e-10 -6.477420089944315174e-10 1.850887791046772802e-10
3.171039473201934168e-19 1.205231242905338649e-09 1.355378236281988112e-09 4.112180942238861739e-09 3.917016260370283752e-09 9.288308908238332828e-09 -7.450394481634220262e-10 8.744241170920082951e-09 -5.749882304458812774e-09 -9.399843307137572240e-09 6.702257652607328349e-09 -3.351626552454136591e-09 8.950638255826096593e-10
-2.832824024854753681e-18 -1.298735205343103657e-10 2.771883903310223937e-09 6.663143715937524349e-10 -2.281083161418183128e-09 -2.727509273607314053e-09 8.656370688755270953e-09 3.210126184844728089e-09 5.874656701314565604e-09 8.890436091792989163e-09 5.647574636604529216e-09 8.438887402718759041e-10 6.987749196571682268e-10
3.071747747136167775e-18 1.598787787421372900e-09 -1.298610544637706239e-09 1.528154278643329891e-09 5.858996509735879676e-09 6.223150559157969400e-09 1.071459070149925548e-08 1.417306008499691723e-08 1.332593006498931148e-08 -2.629656718652100987e-09 -2.415276174274309877e-09 2.497938525307525181e-09 -6.846667776862736716e-10
-2.011656962315804340e-19 -1.323149714434279803e-09 -4.918967765123970069e-10 1.566968920109036430e-09 5.492117866113949816e-09 3.290263684992660370e-09 2.291593578230153781e-09 4.297431486234405779e-09 -3.738074191938782262e-09 6.770429819486256094e-09 -1.678040831167945218e-09 1.255150278282715104e-09 -7.374148840022571091e-10
-1.973356757292991921e-19 1.422372554887788636e-09 1.485873989018427934e-09 3.404985677323263011e-09 1.145467307133681438e-08 2.031120505064897270e-09 4.629130566299534298e-09 6.732897231486524262e-09 6.699942661801229817e-09 6.313714593733932661e-09 1.900361883056446778e-09 4.569360295831928628e-10 -1.842370195533540654e-09
-3.579112170419002442e-19 -3.758873339081417023e-10 -9.870387782185423491e-10 4.472808502313878451e-10 2.633804887007365401e-09 1.702361055031038285e-08 4.647865746785527220e-09 7.022305739615566949e-09 2.363459300914827645e-09 4.321143136946270613e-09 7.823810076409993581e-09 4.230606091769260219e-09 1.538754994178321282e-09
-1.823840257175371778e-19 2.187032031745581401e-10 -3.219356001038815499e-10 -2.588014591024549748e-10 3.875636330480773561e-09 7.996591275896788257e-09 1.204491063346868806e-08 9.050550196723069409e-09 1.571868532745203402e-08 2.852169244672405802e-09 5.996529998635905315e-09 -2.987241781273165570e-09 -1.117111091792563231e-09
-2.329965271766197656e-18 -4.877932731078035013e-10 -1.922786486752163950e-10 -1.825728122314675377e-10 6.366557244062137261e-09 1.332786533896651861e-08 1.745297834341816992e-08 1.078597831392749422e-08 -6.855534109626234005e-09 5.436564325008699277e-09 8.758324489372569805e-10 3.176776401074851572e-10 -4.229844141699748606e-10
1.177262268172584733e-19 -3.243822104506574606e-09 -4.025858997161787482e-09 -3.857012692168490672e-09 1.577670639732110837e-10 8.906916674339002727e-09 1.413673015613806260e-08 2.571021849984333871e-09 2.374874256191051286e-09 9.320432650146008812e-09 1.876119980295169728e-09 -1.927366759437859404e-09 -7.143113542431037093e-10
6.154831032669604214e-19 2.000089086839255763e-10 -1.200800410250346415e-09 3.373116319532426828e-09 1.517810429937527067e-08 6.993084874267484741e-09 1.168298747912494129e-08 -9.756378535326033195e-10 -6.404753517998531249e-09 1.282362616398626129e-08 8.365969662549499218e-09 2.663386144587279199e-10 -5.563341618032726607e-10
-1.367348622440366916e-19 6.142608409579312172e-10 9.861315331388938717e-11 4.623892581855271567e-09 5.720811197554283134e-09 1.185534731475670772e-08 3.663246323336821658e-09 -2.917001443131892289e-09 -3.694559572086465960e-09 -4.542035832897628158e-09 -4.539469573645405419e-09 -2.083035189096187879e-09 1.135457368307343616e-09
-4.727960027262719221e-19 5.974918531127747543e-11 -8.096089815234587192e-10 9.732098879659948430e-10 -4.612431972844152022e-10 -6.874259982743697618e-10 -4.789874467191895096e-09 1.378841982208995977e-08 6.036982963164794600e-09 -1.094266073219878801e-08 5.666300436741845646e-09 1.675037927035072703e-10 7.414825135597055105e-10
3.818473214482518331e-19 -5.268920235436081711e-10 -4.817164907996371991e-10 -2.208741633551466033e-09 1.101692286644444976e-10 -3.168629492744106489e-10 2.377366536015142107e-09 8.630913349922280757e-09 1.240311283716279948e-08 -8.723053484696295361e-09 6.315233231649326211e-09 -1.880983874962150952e-09 -2.075420551134249106e-10
-7.876228484090738432e-20 1.301738605492401526e-10 -3.023710402690150499e-10 2.916150593341778291e-09 -1.624763915091918169e-10 7.784684166226206221e-10 -1.314963553188014745e-09 -1.896960500860478961e-09 -1.338085319306920166e-09 2.022563612933801024e-09 1.437588740874630140e-09 2.096300809854890578e-09 -1.084122024369058061e-09
8.357974209414886554e-20 1.609720611897876299e-09 1.297695380115509643e-09 -1.371145640070201352e-09 -2.399016549177472268e-09 -4.123786160447629348e-09 1.511091716227771868e-09 1.247583736740190043e-09 1.170609182447078826e-09 8.249192805195419053e-09 6.538251198167716577e-09 -2.451787155114625428e-09 -5.880506438885325379e-10
-7.007211900344703765e-19 -1.570803522065982437e-10 -3.657272791464213337e-10 -1.379063374860065269e-09 8.835239077310440251e-09 2.087324084267685097e-09 1.342149298825776244e-08 7.171564840579154692e-09 1.686021603983162538e-09 5.425228774456148923e-10 1.230378990875081787e-08 4.920794511148619848e-10 -1.976487337758890259e-10
-2.040004158648493071e-20 4.691546695297783736e-11 8.903949902688785340e-10 2.374328739317013285e-09 3.200420317749294261e-09 6.091426965477618169e-09 9.978303591788635212e-09 7.589790247423344578e-09 1.109256004334407137e-08 8.431063452021817088e-10 -6.605223537728718083e-09 6.667130020447980132e-10 -5.507444591361844036e-10
1.068573146867771511e-18 1.193650047217766764e-09 2.244588210855472763e-09 3.660051725241765995e-09 2.874651191830825652e-09 7.099618194969205574e-09 9.554780016984197972e-09 4.547960959045688567e-09 -3.551969310801993496e-09 1.130567082058529587e-08 -9.886048997345748527e-09 -2.861539784334490389e-09 -3.979675772239332114e-10
8.884513497197709091e-19 -1.679419430144669879e-09 -1.247762139757935582e-09 -1.472110433740852406e-09 -3.606725072036993236e-09 -2.969601589102190997e-09 1.104435297958670402e-08 8.463659498941041268e-09 1.178539475126904089e-08 2.219093077114283762e-09 1.091469592485149285e-08 -1.004195835970372388e-10 -6.653107416873234824e-10
-7.238277700817880337e-19 2.544769346250435253e-09 1.469883394892497148e-09 2.321238823269274471e-09 4.641795647191642097e-09 8.113545387208420846e-09 -1.806874841494899661e-09 4.445185422570040546e-09 7.203672576111078714e-09 6.375504072591275299e-10 -5.958090653627061512e-09 9.282279272338446394e-10 1.186449481296269601e-10
-2.208881638553860795e-18 3.393440775670556091e-10 -1.822223174376410786e-09 -3.614046260424696583e-10 4.673734995423605985e-09 -2.706177841169294811e-10 3.227288116450878007e-09 5.668489625952771466e-09 -5.810309923191637127e-09 1.495946233481163662e-08 -2.206711666882976727e-10 -1.528804100210785949e-11 -1.267352879611854576e-09
1.584930079925042607e-18 -3.434073415866473889e-10 -3.262858186654146284e-09 -1.914105819452580671e-09 8.730031788694159543e-09 7.861334931351783958e-09 1.043224391219745348e-08 6.078539964456368351e-09 4.375673434472647695e-09 5.728990389389120670e-10 3.848379108190171696e-09 1.804828267773133226e-09 8.283467498797506208e-10
-2.663863430374234535e-19 1.212752682985039564e-09 -1.293607029678428002e-09 2.053218250386312712e-09 2.158584397965318046e-09 9.095232928741231964e-09 -7.879054450651481218e-10 7.773509129462942258e-09 -9.591298088537712314e-10 6.505297449253525619e-09 -1.344315124509133306e-09 2.558836346264172664e-09 -4.333916919670129256e-10
8.296731667665358027e-19 2.519606714259058028e-09 2.519904088217863953e-09 1.883607709711885761e-09 8.092972755612185196e-10 -3.388517606936975940e-09 4.097811847641253236e-09 -3.260352118409946199e-11 3.095805216161129730e-09 1.103998666755185506e-09 -2.916197700285906719e-09 -1.567095331956179761e-09 -5.915707256151510386e-10
-8.452139340898792965e-20 3.011843233246512604e-10 2.065384819951790799e-09 2.572553926756031425e-09 7.214217593097067765e-09 3.759279836284898583e-09 1.174732181632188161e-09 1.053208356640485992e-08 -1.928004740200692610e-09 -6.123457808322218636e-09 2.678462286521650453e-09 1.753835355494626609e-09 -1.144003520786966756e-09
1.351532241340583269e-18 2.851337566581569754e-09 4.429077208353916218e-10 2.059938958430988658e-09 5.215224534847965596e-09 -4.352100478119828459e-10 -1.728319227153622674e-09 -1.280415007111978622e-09 2.291339650700262891e-10 -3.519340219953299157e-09 9.178288729102921056e-09 1.614598320583603581e-09 6.733758133974241585e-11
9.568368437619107755e-19 8.763926386070491318e-11 3.916313939058774619e-09 4.058622819871206676e-09 7.883951055557727045e-09 2.288921953881739198e-09 8.011137559733538236e-09 1.733328477131310692e-08 1.549239124831320387e-08 7.179287549340087689e-09 2.114653623431980973e-09 4.028100063040371939e-11 -1.377415461792635141e-10
7.400249112009845782e-19 1.768017809703205969e-09 8.857727117436085933e-11 -2.513341837227468798e-10 -7.649603227113953657e-10 5.131087701498161816e-09 -6.614071885523605858e-09 1.171906676774715957e-08 1.316044445571714346e-08 1.098428946253325179e-08 5.464335476787503366e-09 3.936348460891513472e-09 4.949945973814671211e-11
-3.179378858877594335e-20 7.761320416045244988e-10 4.493878857684454890e-10 -1.382508438443989407e-09 2.658407380533126215e-09 -3.423973482293703502e-09 6.118814679831292430e-09 1.366828263722400384e-08 7.721799621013729604e-09 6.180339849870703124e-09 3.005178888731644650e-09 -1.151600329255091449e-09 -1.637733213797151839e-10
-3.411659136174789842e-19 3.068002611942269294e-09 3.279239852799669188e-09 3.931648940330900366e-09 5.256848680759693026e-09 6.047916311967815776e-09 9.594510901300201020e-09 9.256296510617537001e-09 1.707567454928347820e-09 6.872781505505769147e-09 1.096773578804170995e-09 1.209287702598945608e-09 -5.658823213865020578e-10
-5.745212726095133543e-19 1.436378859834644419e-10 2.701960432113614483e-09 1.251941912991740790e-09 3.987198916490998709e-09 5.663063604413031310e-09 6.151869958490182593e-10 7.669422900387123697e-09 1.411856929235080834e-08 -9.980874935445958968e-10 6.435037346447058805e-09 6.374803636831749188e-10 4.866973656536201621e-10
-2.351138272767901572e-18 -5.479355720272768751e-10 -3.759357156082427431e-10 7.509664436391715979e-10 4.689347626949960226e-09 2.625259039214286731e-09 1.320365138891254162e-10 -4.051332826224292633e-09 5.289109700345684213e-09 1.643583784690100539e-08 -3.326893067477562459e-10 2.544369524433893953e-09 5.760243427330014768e-10
-2.444677661625866027e-19 6.836720470342667601e-10 -2.553467230401228132e-10 3.518421039589215920e-09 5.997816843359316808e-09 2.425164564010952855e-09 5.794026140315283063e-09 1.752205591888873144e-08 1.036136575374132060e-08 4.183918508264776745e-10 6.194520553785891096e-09 2.824271015673033729e-09 1.353725217857466808e-09
4.809687490588035008e-20 5.262587329181013250e-10 2.006901579736063804e-09 -2.453423845561360392e-09 1.091709166810103256e-09 7.781252670585450614e-09 5.385867333106145536e-09 6.520324557618472286e-09 -5.556586324648131229e-09 -3.877071520558804221e-09 -5.162963093040598925e-09 -5.851662013261590210e-09 -4.868009975452044503e-10
1.703518599011150508e-19 -5.428926254811871816e-12 -7.122713404819891838e-10 -3.426967614444823701e-09 4.540277718297179368e-09 1.774969236735810109e-09 6.795948438978002189e-09 1.036059861173678335e-08 1.798172396844410959e-09 1.295609696841055623e-08 6.978380437982056855e-09 3.382406730547642595e-09 1.110247591399211558e-09
-4.054805358596072025e-19 6.014103870528284435e-12 -1.253651127497116258e-09 1.868267294072954955e-09 -8.803175511564471559e-10 9.609544345507723572e-09 1.602131298164676027e-08 4.662226457132769368e-09 1.038778897751324958e-08 1.887608634369668188e-09 2.859131051836712937e-09 -9.936922044264708087e-12 -5.870922063287697901e-10
-7.311497203765073267e-22 8.457978750291824513e-11 -7.502769858511777722e-10 -2.885767736449191890e-09 2.943001451467327229e-10 6.101475472334446987e-09 5.961912341895525136e-09 -5.850231541065518443e-09 -1.883194025401014709e-09 3.920251527331764298e-09 1.230396952324918984e-09 -3.599563868891076294e-09 -1.090580115988455569e-09
-1.967020693091038014e-18 2.941390679865159058e-10 1.028247350263108807e-09 1.069505192434863662e-09 2.879253255255001670e-09 1.165321768608116718e-09 4.239065416304819379e-09 -5.242589511495549038e-09 3.673477449731206449e-09 8.512181216397107227e-09 -3.991438229002423692e-09 4.761692687739701383e-09 -9.245357791718122053e-10
1.023390195915365318e-19 -2.182364307367124196e-10 1.030540290342575082e-09 4.015848520691205734e-09 4.304017516818236960e-10 8.537874629793361343e-09 1.348334504929763623e-09 7.023049215500158870e-09 8.264940234644521729e-09 -3.050728976667075357e-09 -1.737407255255438930e-09 4.552704074426298817e-11 9.061460349068121444e-10
7.258322600147180093e-19 1.345261955641880252e-09 1.579703017199000023e-09 3.948602836785419418e-09 5.048151934007775164e-09 8.600619066197136618e-09 6.112755472672942928e-10 3.811977965150258015e-09 1.797097166238871148e-08 4.038962169165939548e-09 -4.649615386260506967e-09 2.962404448722368050e-09 -3.775295712719002436e-11
-3.281180214964015867e-19 5.140402966779815600e-09 1.890327412274199781e-09 2.555269653988929921e-09 2.194255508385976946e-09 7.183593834355624470e-09 8.918296849080979524e-09 3.643562460720293552e-09 -1.148374351858999248e-10 6.859347578220894014e-09 -5.457606994473662174e-09 1.785013786429033533e-09 1.450824425691622590e-09
-8.243744801677961239e-20 3.657542862354349675e-09 3.434915518149042617e-09 3.287084210444765217e-09 9.236360640824413795e-09 3.891407586277386278e-09 5.865230810780788715e-09 1.981559789696576943e-09 -6.599677694068978723e-09 1.131483121606993112e-10 -1.017560901363449897e-09 4.392483308255313728e-09 1.111073605196829490e-09
-3.859778643557899062e-19 4.748500825652978180e-10 -2.406211837283974414e-09 1.487468211360581745e-09 9.838295415101672263e-10 -1.139876727972238392e-09 5.519524997063727949e-09 9.043386861683488122e-09 -2.172611448721966305e-09 -1.117738179620395803e-08 5.186134815252569470e-09 3.852813246113656354e-09 1.915227731563200165e-10
