1.303806005629096347e-19 1.985517450809019034e-09 2.620175473412988387e-09 3.829086270603433002e-09 3.603483193454144103e-09 5.987719271689595742e-09 1.055765228258540559e-08 6.799158590894870090e-09 -8.315409093286738896e-10 5.242072637339643270e-09 -9.101957621468117804e-10 5.473131189975746472e-10 3.050595284427711865e-10
-1.294008843540357303e-19 8.236415823932382066e-11 -1.897550597281901219e-10 2.213513152480855186e-09 2.694386096918931133e-09 5.930168632677138933e-09 4.611534381912671706e-09 5.203205088486250082e-09 3.522923427917856373e-09 6.907047122054356031e-09 5.071826973121492389e-09 1.227231318409753955e-09 -5.189608185178998794e-11
-1.678804130600122540e-19 2.166773628520686109e-09 -2.557008820025584551e-10 2.669310942822227555e-09 7.006804414553589400e-09 4.403617398726551040e-09 6.369248448352265759e-09 6.152569707927803102e-09 1.698012414121655906e-09 1.520936864941641287e-09 4.033224082011595958e-09 -1.352621620646968778e-09 5.518337216103569462e-10
1.622862069390357222e-19 1.034688218064022243e-09 2.318486809493552084e-10 2.218931322402793411e-09 5.175624689174330612e-09 4.782006449483984693e-09 6.184625071051500966e-09 3.811910052772153483e-09 -4.982094650475897419e-10 -5.304929322404353967e-09 2.480032502358005036e-09 1.030471678583232651e-09 -5.379059400033104955e-11
-1.146052601508769880e-19 1.224031806212703065e-09 3.043207311251385497e-10 2.200546339589981509e-09 6.877157424054748729e-09 4.344466231340666160e-09 3.595740397702774637e-09 -1.760465040032676170e-09 3.280682345739161037e-09 1.884484364750173666e-09 4.685046059141525794e-10 -1.121187380427161414e-10 6.555112220874668933e-10
4.266059885973051809e-20 -1.060432812798811003e-10 9.292362543304012791e-10 1.985640376876682864e-09 5.252356193117832359e-09 3.747105764495590177e-09 2.789184673876005394e-09 8.757301612134859151e-09 5.551253961222003944e-09 8.552703808215437507e-09 3.145742324147763521e-09 4.629395756899633171e-10 -8.035727456778333324e-10
4.070734611686243780e-20 2.098799868005192194e-10 -6.588800218931079765e-10 -8.571633472776715709e-10 4.124848051209538314e-09 8.306930746423323771e-09 6.492220505863586712e-09 6.968580584596224978e-09 2.683206072005454262e-09 2.002558385230783651e-10 9.852463208691120831e-10 2.317308393284616181e-10 7.682450938386526651e-10
1.254715607923241493e-20 2.118606812267818317e-10 -4.690981234579375234e-10 2.967059920734693077e-09 3.034813135128597834e-09 3.530420307939306390e-09 1.289229203206226145e-09 2.142443585352440661e-10 3.405308155565031516e-10 5.404723830998949037e-09 1.686740178550826390e-09 8.370965267586105785e-11 2.087793121832702323e-10
-4.785753335513389818e-20 -1.267670541858590623e-09 2.435227166430803011e-09 5.328291209441819996e-09 6.324786530201332953e-09 9.379413648578873416e-09 2.715711542233570624e-09 4.193791499640891855e-09 2.985872103042211057e-09 4.661697463701532323e-09 2.753975719877361786e-09 6.662008649107339374e-10 4.823599767600673276e-10
-2.709280304812955271e-21 -6.032608751471237014e-10 -6.076045936959764123e-11 2.123179890133091943e-09 5.501465410381185560e-09 6.988283693102986794e-09 5.717461197685454133e-09 5.989592629709672555e-09 2.988289124396441004e-09 -1.010103748564429508e-09 -1.177097064698574407e-09 3.659039680446972351e-10 -3.321577922027824338e-10
-1.794709347343049893e-19 -1.459424673874085542e-09 1.900282821247723102e-11 7.204545477620696063e-10 2.684231204206937109e-09 5.078365784295004977e-09 9.153995063664522140e-09 1.206084861941966934e-09 -2.023929446558612555e-09 -2.716009503186346722e-09 1.303618948120804228e-09 -4.578896585641402971e-11 5.326267896746487932e-10
-2.963868852811990175e-19 3.714843207602714257e-10 -1.307225598215277475e-09 2.354333740518329765e-09 -4.016911566658070903e-10 4.843440225345729283e-09 4.791705400381709495e-09 6.765697948617226657e-09 -3.718049936448078425e-10 5.105811881596682201e-09 3.918654503940348565e-09 1.586956958381768960e-09 3.152897302206971029e-10
-1.252361164815467374e-19 -6.473385389943314611e-11 -7.060666182469461612e-10 3.228230708170876797e-09 3.105984638484996427e-09 3.482129048294210843e-09 5.058115001647010031e-09 1.476808057544996218e-08 8.483574130331328323e-09 5.536651795638398286e-09 -2.969502001231616458e-09 7.031455706405051915e-10 3.390002752617716473e-10
1.362397259708703897e-20 1.868011795671486070e-09 2.052581926613618188e-09 4.270681408177994758e-09 3.369029799848196058e-09 2.989355771901560098e-09 7.460417563980247583e-09 5.464722005028326245e-09 2.453584981293578103e-09 2.476194072237118695e-09 -2.552630164888058800e-09 -6.834493220163306250e-10 6.434976774028403422e-10
3.564361812888091389e-19 9.686663089627029266e-10 -2.254698994376318898e-09 3.045639871302320891e-09 3.704302931310151253e-09 4.444067328036086527e-09 7.021279361388893342e-09 9.317101519146055712e-09 7.345501600351519512e-09 -4.843038605098186077e-10 -3.306679278891789839e-09 -1.112768868985970047e-09 5.017823773765202268e-10
-1.570419318308073394e-19 -5.060551911808145777e-10 -1.689050233678578337e-10 3.296584644877012839e-09 3.413033556262983992e-09 5.211046866675285694e-09 3.483466473025180610e-09 2.131173129074033217e-09 2.693102800697212132e-09 5.390279478078326966e-09 2.190792928751925556e-09 5.542132502277203995e-11 -6.038594048407753399e-10
-6.286845866871242724e-20 7.937182017737833273e-10 6.971415272435614624e-10 1.928628896127558355e-09 3.023492503976078368e-09 1.276715192155320818e-09 6.713191356882019522e-09 3.808731393543391240e-09 7.804388656435368133e-09 6.428265651340462758e-09 -1.618400910345092344e-09 1.445264134364602604e-09 5.603592231480093802e-10
5.541815807140644527e-20 8.919290410824828819e-10 1.312075989857052288e-10 4.333918852295804953e-09 3.468423779930132384e-09 3.337677202914277998e-09 5.502011649821963245e-09 8.898610334551276942e-09 3.596697788654924994e-09 4.093915457522462030e-09 1.836061748207076826e-09 1.251576628159701410e-09 6.575283303146760571e-10
4.383646937023115390e-21 9.215355348133915360e-10 1.110292932088273417e-09 3.464400507570339496e-09 3.445050874031294657e-09 4.003815706437470881e-09 1.260597164978178826e-09 2.789945690288069266e-09 1.607493590114760624e-09 2.654358484223874728e-09 2.298837838243594247e-09 1.775130551849850288e-09 4.091928311070149379e-10
-1.086760898313151734e-19 4.178565195096065938e-10 9.644330320332291798e-10 2.115961914065919220e-10 1.762228480539717229e-09 2.292933069884268010e-09 8.873843981147836332e-09 4.420029524276654481e-09 6.860107407608911234e-09 5.418134913262881690e-09 -5.872311933677183929e-10 -7.876229861458228638e-10 -1.797720398536642063e-10
-4.542080261410300124e-20 -1.602809300176599911e-10 -1.081762514994588099e-09 -1.066317719842397352e-09 5.795963779851266925e-09 6.250403469236866943e-09 3.027205375094633295e-09 5.922550767577527029e-09 4.955173210791141172e-09 3.628675284209629660e-09 2.235679964464336061e-09 -1.912845174578182327e-09 -2.795558183263812923e-10
1.212758759601598911e-19 -3.556667589065122229e-10 -1.332985168776784290e-09 2.503898308324312122e-09 6.600647102240186103e-09 8.688137072881421752e-09 6.600645862496562728e-09 5.579032819155445354e-09 3.065731875269074924e-09 5.453263007225020197e-09 5.935468847594552599e-09 -1.081665619965952189e-09 -1.795402919458253778e-10
-2.856609743000027072e-20 1.861367590068020738e-10 1.512588983612381333e-09 -3.896346965309166216e-10 4.188689487214957262e-09 3.293740761081833868e-09 3.479672532566486400e-09 2.158107041466155046e-09 5.152592905434626237e-09 1.807936802368962016e-09 4.859194830494721274e-10 1.369085117779177478e-09 -7.339515013768694227e-10
9.143100824551477969e-20 -1.534344097104044100e-10 2.193800135024630848e-09 3.472993850724552319e-09 4.269259504196071400e-09 2.585433522543994180e-09 7.788355877525217496e-09 8.241267116010500884e-09 1.469815992602866197e-09 -1.142155473833666773e-09 -1.849458736473971322e-09 -7.831706395219975041e-10 8.888583131369008174e-11
-1.886710154957392853e-19 -4.877162987895934405e-10 -9.841236020791555058e-10 4.226412185064283722e-09 1.051029605403819067e-09 1.119644306267196775e-09 6.695279931344947660e-09 4.183083957164544341e-10 3.661546558661557265e-09 -3.428896572130157003e-09 -7.065816486820697386e-10 1.699253507582900311e-09 3.911274346562583466e-10
1.049316394756401941e-19 -2.654769840783137521e-10 4.006453501849557066e-09 1.241037008920601685e-09 4.691370107281254172e-09 4.210946523137000198e-09 1.651451998132209360e-09 3.233983978892553618e-09 4.136151827509056030e-10 -5.234763551848029973e-09 -3.289922459792615839e-10 -1.006033572770140262e-09 1.942726429616116583e-10
1.905972868595608387e-19 -2.591752912941638106e-10 3.679844398555314418e-10 1.142771864980617203e-09 2.958944359667916870e-09 4.776235375210600406e-09 7.963912840714588811e-09 5.385091393782538382e-09 2.389878796900957136e-09 2.195860551340274205e-09 -1.898178751872584053e-09 1.223747051616618141e-09 4.385591984007844627e-12
-2.341019165738181205e-20 -2.424278629151942616e-10 3.445283790327967234e-09 2.013204680835111413e-09 1.440759473451088105e-09 7.158938862388075372e-09 5.853072347166809888e-09 7.794444056322690948e-09 2.839716461433620779e-09 5.113931823346180270e-09 3.855069670566143074e-09 1.359770176934509776e-10 2.886348986674415798e-10
-3.639644234636457434e-20 8.631782898295412823e-10 1.333503022630155596e-09 9.894772338712696270e-10 2.560023159363703339e-09 3.119338125850621180e-09 7.872869484108970566e-09 6.831925337053725683e-09 8.320053982501212580e-09 4.208041679844472587e-09 7.292380999401067167e-10 4.815353323793705088e-10 1.206306614041537150e-10
6.722191718812615152e-20 2.124876131933560463e-09 1.681473038290962687e-10 1.643411648910930410e-09 4.224792817531501556e-09 6.257860332822543075e-09 5.681133347479612146e-09 5.897937545465571295e-09 2.318079889435863286e-09 1.308293714944898132e-09 5.570507784578520444e-09 1.008052144119674470e-09 6.292867306359581862e-10
-2.540104232166132996e-20 8.516264473328509204e-10 4.794011064799011614e-10 -4.065391766599033558e-10 2.078340349584905247e-09 2.068350927033935055e-09 4.260388695970828473e-09 6.337035772721469962e-09 6.260904818222677266e-09 2.448554414556132204e-10 1.377504735596999977e-09 1.814452148501032292e-10 2.976228601533692363e-10
8.958089895532095719e-21 1.037360678976822822e-09 -6.716572343460123159e-10 4.084624628370872387e-09 6.623240384140407071e-09 5.816968685537622997e-09 8.120035002832475354e-09 3.905422485620719794e-09 2.046174920604622058e-09 6.761569566907961023e-10 -8.628573837880941587e-10 -1.716502650941580347e-09 2.278766610889368801e-10
3.935033552388180467e-19 -2.525125350228501005e-10 6.350223743272751809e-10 -1.051744339196910844e-09 1.359697631024761758e-09 3.641103061394725933e-09 5.962046969188800981e-09 3.335436202146719227e-09 3.956272749844258099e-10 3.199955420576738084e-09 -2.403221702376520944e-09 -2.023958223391663516e-11 1.864409333084143886e-10
2.409995120887582161e-19 -6.490463135830258291e-10 -1.146841846816191864e-09 2.188716559352669386e-09 1.492951037565785487e-09 4.801076164298872931e-09 3.706877604250228092e-09 7.225322713284407787e-09 5.103274654697751567e-09 -3.116643841424027249e-09 1.602727974056946978e-09 4.340931255894676305e-10 -1.521832676911804007e-10
-3.182428425773760305e-19 4.192540558625174529e-10 -9.021753202947870265e-10 1.330510625326914788e-09 2.740641731956396519e-09 7.621742912528698706e-09 3.770177154294615266e-09 6.860899057361222818e-09 3.417085168341585203e-09 2.962652565123676789e-09 4.850905839916222971e-09 5.174897155278411241e-10 3.227426954589621193e-10
5.816736699187915491e-20 1.428647788463854571e-09 2.565748000387060080e-09 2.607493629240727501e-09 2.652136318463463674e-09 4.389290200954261517e-09 3.458595035696582379e-09 4.798489254742128648e-09 2.439510339928368589e-11 -7.746317655998285179e-11 1.963914959107611771e-09 2.567942761463548046e-09 -1.892453970326197169e-11
5.595477899611673903e-21 -4.583267723035568605e-10 -1.758521394604837110e-10 1.630676838604797132e-09 4.791700655929979754e-09 3.970395891921409820e-09 2.416291795446240749e-09 5.500475640337700651e-09 6.246567651173356262e-10 4.944841989370293074e-09 5.687092767474425051e-09 -3.173976642481302015e-11 -1.108053710684618617e-10
-1.731690727002503360e-19 -3.019427946709297527e-10 6.464828790107084615e-10 1.055885471432472139e-09 2.937249757470828411e-09 4.117716276028150941e-09 3.183893865898607250e-09 3.785104085003192905e-09 4.877400957717075670e-09 8.756240492442095155e-11 -2.976363876474835986e-09 2.608777292910171410e-10 -2.548040007882727995e-10
2.278993231711782927e-20 1.274686781615757323e-09 1.852888379657400422e-09 3.205331388775964106e-10 -8.717733979466214551e-10 4.755946211013274509e-09 7.442446192837006849e-09 7.980948836503792135e-09 4.555750612095311500e-09 1.372987334402023277e-10 1.869893336167146582e-09 8.408584228069274171e-10 -2.889442361390151744e-10
1.278727234002145837e-19 8.994289057981532396e-10 1.637693420810373638e-09 3.546546558762100949e-09 3.248858355137192558e-09 9.946862019695948280e-09 6.761154011504043731e-09 5.919968324042777148e-09 5.546649673991617585e-09 3.698758681439891974e-09 2.992402563341208682e-09 2.280217664546183953e-09 7.092875931099788200e-14
-9.962296339005852095e-20 7.667131268753634077e-10 7.573321403229470580e-10 3.392931715752770419e-09 4.415342797690253069e-09 1.084835533698554279e-08 6.117896806638556981e-09 4.202160563231150183e-10 1.524008686352254628e-09 7.661792405840638975e-09 2.126977957728421047e-09 6.483412569920404052e-10 9.108979956389437628e-10
-8.317252102067900553e-21 2.146330772699893467e-10 5.981800511699568258e-10 2.769657504888356755e-09 1.779430274502555718e-09 6.210148669766170697e-09 5.260960931188505723e-09 5.331059769158282932e-09 9.322557960410632850e-09 8.096906099653447211e-09 4.711879224198839417e-09 1.421913844436957564e-09 7.109490287721388182e-10
6.343902159765763509e-21 2.203419567515623181e-09 2.305437226748062794e-09 1.682330414332164574e-09 4.506458278107012013e-09 5.937519680817398589e-09 9.668937811680033887e-09 8.949731178085733408e-09 5.787012970464808969e-09 8.987113883281081088e-10 1.559043582337930513e-09 -6.630000360529933061e-10 -4.410949564232308541e-10
3.613725740700114961e-20 -9.614821905686428389e-11 1.796358437957123692e-09 -1.997020660156504061e-09 3.385725034288730098e-09 3.237589517861787868e-09 1.554097821368157816e-09 3.576348438376586124e-09 -1.321424157039341395e-11 -1.757360219949849453e-09 2.326218538455255630e-10 -7.791679482654112270e-11 -2.219843501411541930e-10
-1.101324147017177859e-19 1.665531967017397706e-11 1.657730892702280006e-09 3.424737623433394751e-09 4.817041612526324652e-09 5.015959837669015608e-09 6.144409980261449247e-09 6.999674243863848685e-09 -2.348535445685992994e-09 3.815390295365076334e-09 -1.186099989506708180e-09 7.508651379637262549e-10 -3.443663888052518780e-10
8.356989924111067160e-21 -1.145108559805687607e-09 1.669755664648438784e-09 1.935939539888015311e-09 1.800610986324466080e-09 4.120465321883527247e-09 -2.054243391011802917e-09 2.736196863688260826e-09 5.921993594294183872e-09 3.868784866974196826e-10 -2.665532102721653183e-09 -7.113596321355947617e-10 -4.918731360318138230e-11
-9.334075200983717030e-20 1.952657240460940054e-09 3.134283703333058101e-09 3.142168226490832963e-09 3.420412067701157232e-09 7.055831941539354150e-09 8.436286207646735991e-09 8.570820489313538001e-09 7.337539787830367262e-09 5.631398619343337984e-09 1.636464049811209882e-09 -1.412246618790018756e-10 3.722288748841418460e-10
2.890805180577630197e-20 4.965980551668943818e-10 2.046745428839540771e-09 1.456185756710025646e-09 4.582994146840127243e-09 5.087675967833381941e-09 4.618962679315721340e-09 9.311857926668583457e-10 5.790374439266899251e-09 4.813107005353102657e-09 -2.697158684275001065e-09 1.037635950114372090e-09 -6.396892371771223062e-10
-7.103831308487236644e-21 1.529268993324712970e-10 7.283199923992161500e-10 5.300573941556389750e-09 1.162716965959685995e-10 6.764765083131968430e-09 6.084606592588538529e-09 5.726056868139630983e-09 5.365295501541763212e-09 4.825577927533582622e-09 2.351489745444522844e-09 1.304180871286303579e-09 -8.224205202492473594e-11
-1.845964095512457425e-20 -5.069823681818426946e-10 -1.068879391551042134e-09 -2.722356851963874348e-09 1.817197901301552402e-09 7.393737643839223963e-09 8.507747571140536731e-09 3.706067990282932728e-09 9.073452214235458647e-10 1.667453967940401721e-09 -1.835351104369603728e-09 -1.727468655745622193e-09 -3.618375856812747506e-10
-2.649498718179377136e-19 -1.678567802734193864e-10 -5.000155061381534049e-10 2.622116238866387682e-09 2.465464608865001023e-09 5.151965786786311097e-09 3.758954961506918246e-09 2.209946370234159906e-09 6.726164095379976588e-09 2.625049080614624751e-09 -1.668488325605622951e-09 -1.423311844401260997e-09 2.758988010395810296e-10
1.791403119903323114e-19 1.486948289164968360e-09 -3.313827626888274243e-09 8.201296588719202130e-10 4.547677628542459521e-09 5.723849409116800542e-09 7.243346402870506464e-09 6.802669412187397342e-09 4.976347515907689977e-09 3.770359630576124681e-09 2.604407674685308843e-09 2.280855312951241784e-09 5.895883692851532085e-10
-2.501534617098607476e-19 1.200526922910075906e-09 1.191455161881335901e-10 2.362708762351344291e-09 1.460165386080304034e-09 5.308891497279186987e-09 6.363625257706874453e-09 4.203909548074009282e-09 2.714801997900350070e-09 4.442383783388554068e-09 -2.743599994462217619e-09 1.296973036419396328e-09 2.503350245309120807e-10
-4.794584432484281656e-20 -4.960582026304919262e-10 2.479654273224102401e-10 2.835151815072858891e-09 4.518581550944749862e-09 4.662670799478132822e-09 6.476879713783368016e-09 1.034883110665251701e-08 3.818934767734778006e-09 -6.769647001489887280e-10 3.818486794251747624e-10 6.282155865649262575e-10 -1.664651901024995915e-10
-5.658835123043218850e-20 -2.658757809081596145e-10 -2.491972238536401582e-11 1.211222029393354245e-09 4.360488250865580781e-09 3.851320962668374258e-09 8.242017940279809108e-09 6.029321366053751793e-10 3.882914035708944805e-11 2.515324403834950470e-09 1.422093963146610827e-09 -3.325746864533434681e-10 -4.940979786269916220e-10
-5.394411005065912697e-20 3.220456611329286955e-09 2.639529418316450657e-09 1.399884642097381914e-09 5.055674902932167178e-09 5.269898501895249565e-09 7.419782807631741064e-09 7.422852312686698777e-09 8.276688981426902780e-10 3.964295707958230976e-09 -3.243284385420808681e-10 -2.524445156349388864e-10 1.722770049927779329e-10
1.024804176475691317e-19 1.727804680545113143e-10 4.965741854373223277e-10 1.727334673380126531e-09 5.762759738781491760e-10 8.550929069076345265e-10 4.992238075087619443e-09 2.519711006949554800e-10 1.783865035504706601e-09 -4.491164473005386517e-09 5.609099458868266862e-10 5.186005525038781105e-10 -3.113209714247043072e-11
3.113235952826581992e-19 1.911713756667836500e-09 4.610421362104195326e-11 2.066290554535172056e-09 2.518999965401974040e-09 2.042497789427297995e-09 1.038598334006496856e-08 2.538314067562934248e-09 -3.644457406518718873e-09 2.125857556427274405e-09 -2.566898494832720312e-10 -1.022728507482732463e-10 3.064099067682595704e-10
3.189081458589521915e-20 1.315643795958435893e-10 2.699343918030616960e-09 3.293413353915404770e-09 4.097040927277776269e-09 7.369068937522632429e-09 5.027494192520734305e-09 5.069786633810355592e-09 3.029490891599505588e-09 1.640621268766015207e-09 5.185705575215533809e-10 7.509863691507518318e-10 4.665604585991060138e-10
2.471858058473125127e-21 7.710405295330005444e-10 1.113042028543492995e-09 5.360325989163858913e-09 3.596663518663637020e-09 3.905453734878364935e-09 4.694232077174496190e-09 7.976224028700134833e-09 4.748077420482558238e-09 5.015876287669607706e-09 -1.099283560286227953e-09 5.067481463065143454e-10 -3.071478911348723913e-10
-1.597946988643786640e-19 8.920379906374349889e-10 6.890485151518080695e-09 1.719961252971510392e-09 1.785267408211238903e-09 5.512635193749823107e-09 8.153242882129912602e-09 4.312987560788125591e-09 2.249894573165320622e-09 1.403474158177314175e-09 9.031620088888362594e-10 8.688104802581722606e-10 3.495357877310349737e-10
2.146424818919749196e-19 1.890962692059867539e-09 1.829795520815474071e-09 9.194382603688073268e-11 2.506929064797246884e-09 1.010587875885943840e-08 5.623018536326163746e-09 5.546690858065373551e-10 7.545434808344492501e-09 -7.805152104415830004e-10 -1.148739906004203877e-09 4.822149056620406876e-10 1.411861469202603686e-10
2.206860276125520528e-19 -2.808912629911878694e-09 3.863022694058040090e-09 2.343727180657210281e-09 4.330243602631327331e-09 4.702176468132410826e-09 8.333866512644558304e-09 1.580731803469967016e-08 5.731333120179096121e-10 4.126454613211867060e-09 5.538837990219780042e-09 2.013363020036134532e-09 -1.655613839945695518e-10
1.449074469088226996e-21 6.171562118958487864e-10 1.158135295273261311e-09 6.906660090361329241e-11 5.146129855930565127e-09 7.847793280272503877e-09 1.698674887331222683e-09 5.088150282928608203e-09 1.810169635434552607e-09 -3.550508164362256537e-09 3.746041886202927036e-10 -1.003757983789721103e-09 7.717309255030510701e-11
-1.362319997455834964e-20 2.742271500256238990e-10 6.845903290461287485e-10 -1.534169652738528014e-09 3.096046081043153114e-09 1.801969977787530344e-09 6.754484060295660735e-09 6.348498379525461752e-09 2.916560270018475359e-09 5.533690306155810123e-09 2.197189185141124796e-09 8.344721934097599246e-10 -2.446061192482367835e-10
2.790376854155116734e-19 -5.539451751545127346e-10 6.287422712013540276e-10 2.649237910558486128e-09 4.036531483520420504e-10 3.542453867961802545e-09 4.199181570748479892e-09 3.662529920143478843e-09 1.544090170199664983e-09 3.573909249221852882e-09 2.472052229708305682e-09 7.048382658964116419e-10 1.742942809972454200e-10
-1.232428997972797825e-20 -7.695847143452586872e-10 8.444853379342825490e-10 4.981225572881252557e-09 2.170628469853203553e-09 2.212585431009444710e-09 5.853595864809472817e-09 7.711329838016972409e-09 9.505685275659381466e-10 -1.995422260676893329e-09 -3.395477255841313632e-09 -5.157057595396733723e-10 2.652562740081016441e-10
-2.833962068203538092e-20 6.300732515934544470e-10 1.854652004315596488e-09 2.462594316115633550e-09 4.702484614646621061e-09 1.166731407042361330e-08 7.803135486582853167e-09 7.026143433352415034e-09 7.979614545026230512e-09 4.285609548276576547e-09 3.361019341340020596e-09 -4.685727983824690220e-10 1.718198116789894498e-11
-7.153439043572790347e-20 1.070226086811971772e-09 7.398424040479549877e-10 3.256668179954843635e-09 5.700111178926231842e-09 5.891371541354894474e-09 7.227454355220775291e-09 3.744058443478377269e-09 4.304682212236336334e-09 -2.009666237961993182e-09 -1.368895896984640705e-09 4.428915016157833001e-10 6.632077165350282038e-10
1.503488960094161160e-20 1.180694517603952249e-10 1.796262653419013105e-09 -2.608503134793534421e-10 4.516305751166119915e-09 3.883343618186513160e-09 9.847678028573046615e-09 3.688085159163519166e-09 4.967692756815914361e-09 8.184326794676656647e-09 9.731468165847786606e-10 -2.421867256429191605e-10 -2.157544055132990787e-10
1.750106985963005126e-20 -6.077657565517864580e-10 1.572757077324564468e-10 1.371371818237358798e-09 -1.269364356422416174e-09 4.897090402358290908e-09 1.296353753604273847e-08 6.311206053423064192e-09 6.779385446823642467e-09 -5.424250881204755631e-10 -3.067985898716247129e-10 -1.774476667767564597e-11 7.333414930577795482e-11
-8.894969254268454558e-20 -2.616045239847292709e-10 7.475018414067617495e-10 1.273148130602621380e-09 4.930660618730943932e-09 5.735120121358496565e-09 6.089644541396550156e-09 7.439918800077083016e-09 8.906594216817567280e-10 4.497724752406167402e-09 6.491493839164220670e-10 1.805892794304137202e-09 -2.624470904398477810e-10
3.277240425560519714e-20 1.524263623730156355e-09 1.371041280190816265e-09 1.977643767021820835e-09 2.515093877959648346e-09 5.943040497680422957e-09 7.907374147151357311e-09 2.585166549776643257e-09 9.855837599326263269e-09 8.085211065634507220e-09 2.354538378668790363e-09 1.432246660790203677e-09 2.509675611332588948e-10
1.680579378422632161e-19 1.489113162891786461e-09 6.341612949462266317e-10 3.834097381593736783e-10 3.721652661642298580e-09 3.009637573793479335e-09 5.709669232684348610e-09 5.046882084834290423e-09 3.348073937728820712e-09 1.307160618802520751e-09 5.710118071379298247e-10 -7.138871600109886469e-10 -5.461900531184091482e-10
-1.838688773254666816e-20 1.791914176889697165e-09 1.584482285570039356e-09 4.848609594309043446e-09 4.538135210728754153e-09 7.490199455665561305e-09 8.820412469646506212e-09 3.216423207653341101e-09 2.683276241737750609e-09 -6.203569910021756840e-10 -1.647766036354018206e-10 1.377620421685941797e-09 3.810248735711702890e-11
-1.462538802193618258e-19 6.519315208686598846e-10 -4.963242665063253362e-10 1.369774677210085519e-09 2.153373234301522504e-09 2.043224565883318331e-09 7.616879074988128697e-09 6.654070228151206610e-09 2.920869829343867862e-09 1.130321568111381479e-09 3.944049031181091351e-09 1.832221199283743146e-09 -6.803545066883945805e-10
3.168937154006969984e-19 1.918398145680042367e-09 6.200015751768666366e-10 2.634312246923490380e-09 5.323100387144025586e-09 7.298718308093663760e-09 7.608233105047963216e-09 8.285617875370000286e-09 5.363573980730043413e-09 4.182399543294174794e-09 6.739014133452937533e-11 6.105929324975349158e-11 -6.492383817461468601e-11
1.126505979493547859e-19 -2.147403278629883706e-10 9.373150466031940844e-10 1.605130900790632977e-09 5.518359750871608360e-09 3.873626610646612448e-09 6.434161718261693022e-09 3.929427036350681583e-09 6.206540216560839544e-09 4.555986302353172671e-09 8.948953743630479279e-10 1.257773678352706873e-11 5.530960289965559658e-11
-1.332393330963672914e-19 3.134369917936391434e-10 -5.942819400578816504e-10 9.898546543559561455e-10 6.239813455084277264e-09 2.158933562875437642e-09 2.726880702622247548e-09 1.769469170085808114e-09 2.773418617122905954e-09 5.862270994392164782e-09 3.801628049166869096e-09 2.147332114756257459e-09 6.429391788254605249e-10
-9.206714172585717102e-20 3.793481041936356190e-10 -7.924568216132794768e-10 4.188771137932186104e-09 2.495776491999374657e-09 8.568805717823712071e-09 2.288630062441748705e-09 3.076880786285915035e-09 4.996949429365993296e-09 8.873525396251730156e-09 4.565291244162717159e-09 -2.032650513279651243e-10 -1.163485098763802946e-09
-1.202302897885319043e-20 9.324387696173864069e-10 -7.901865256908400166e-10 2.281515831203027940e-09 3.288139452691658546e-09 4.149177769144015851e-09 5.297129824241357747e-09 5.933914177614155353e-09 6.423581936288916447e-09 -3.081029645626299314e-10 7.619275971811790255e-10 -8.667661042431820746e-10 -2.413435767139540752e-10
5.468510774310469057e-20 8.404380800500724201e-10 1.511149459582010718e-09 8.280984330716780262e-10 9.186019798845849807e-10 3.637702833630218968e-09 7.627827668768821766e-09 8.864259277857823331e-09 6.532349885239938102e-09 1.741504362839398336e-10 -8.885702452633085657e-10 9.726667626905999022e-10 2.544188106214265794e-10
1.502098554530038379e-19 1.154861924218942642e-09 7.935804477490358979e-10 -6.040350913853242060e-10 1.538372651632601567e-09 4.159688766118711645e-09 -6.613379318463008298e-10 1.784769034507098348e-09 4.158617476097970055e-09 -6.680164575604068524e-10 -6.078852175077829448e-10 -4.804318531997089737e-10 2.557823136106409149e-10
5.001048762894412681e-19 3.911948324643422501e-09 2.462519581335609743e-09 -1.098495875964182825e-09 2.111815525972154844e-09 5.589566701293916390e-09 1.183532925253099698e-08 3.654312099793968144e-09 3.609340758708612185e-09 6.655037952636541809e-10 1.891605236622616739e-09 1.769835958659257072e-10 -1.846650849195178534e-10
-1.625553075046490447e-19 6.364247391073407853e-10 1.531559153794751828e-09 1.758952171297173428e-09 4.985517217180012653e-09 4.075662086219309355e-09 8.583017287854361863e-09 4.808208328780651084e-09 -1.148754368359385085e-09 -1.273937776241960985e-09 1.641075838995831854e-09 4.400915340313599123e-10 6.798678556449670019e-10
3.446627037848525520e-19 -6.671791630034726900e-10 2.593412018705588429e-09 -5.622819045966186053e-10 2.401067635835936912e-09 6.114832099574146653e-09 3.400796848255059924e-09 9.682743015081747668e-10 4.802528900983236942e-09 2.743105276206818251e-09 -4.718194484128296228e-09 3.491857550164062197e-10 -5.578164888570804333e-11
-4.699108155712927653e-20 2.498719083980032009e-10 6.569388884394200933e-10 1.494276088818900534e-09 2.291968706521280910e-09 4.165832165965298996e-09 4.302342060056103451e-09 6.011902642451080152e-09 2.899703618181450684e-09 7.634989618007325090e-09 -7.484761576082131942e-10 1.704007581666098056e-09 4.324933583948331689e-10
-1.136467173206570628e-19 2.753043777267894839e-10 1.933800836556910435e-09 1.885092088686611056e-09 5.469910771560687676e-09 2.903091228029764607e-09 5.783111757421177877e-09 3.372939756325719040e-09 3.610982057499079336e-09 1.526315550610189410e-09 -4.614650029102585045e-10 -4.103430457797273886e-11 -3.293795506590034360e-10
-1.641836157988362154e-19 5.027582283266226197e-10 -6.343948432269324550e-10 2.014513634885944683e-09 3.658476098779507789e-09 3.178183390539920105e-09 3.553882096105161338e-09 9.176353087348575914e-09 3.711070361766072833e-09 1.664390476554765396e-09 1.114862078069752923e-09 2.175201654998622396e-11 4.452545074757863117e-10
3.728792223620408323e-20 2.229871129728551316e-09 2.102265946272683185e-09 3.774501976862040172e-09 4.951471631676796935e-09 3.784134643786170512e-09 5.799521258925896954e-09 8.405569028711626883e-09 4.827366463276629494e-09 3.500407735418287714e-09 -9.084569986494319795e-10 4.183637864642118903e-10 1.719119677694038389e-10
-5.486119857146588493e-20 -1.149798706978560832e-10 1.431061943420221410e-09 2.069164719592902082e-09 3.808694611701003115e-09 4.449482122554977441e-09 1.220388285303860323e-09 2.223906084072702263e-09 5.541999388020991956e-09 4.559111195563740581e-09 -9.421591930195588144e-10 5.187783280028371860e-10 1.722569601932086707e-10
-5.006383437342957612e-22 4.454221518223517964e-10 1.427188270990140422e-09 4.065568152707331831e-09 4.114442239430433789e-10 5.077527114110715920e-09 3.372890366482831051e-09 1.089915230772181317e-08 5.050128516322819703e-09 2.325888814295833463e-09 -1.436260674009230741e-09 3.202053512064194418e-10 1.265787764384185283e-10
-2.056404238308430746e-19 2.197182864052831359e-09 1.397693084898546821e-11 4.676838480947735987e-09 2.222284430122757313e-09 5.076410158580324947e-09 8.045784827452341732e-09 4.221209902656274761e-09 -1.536568745017349795e-09 -6.406327476690791050e-10 -7.629991706762957094e-10 1.288021290749828701e-09 5.266251024093174512e-10
8.560057107979149554e-19 9.439792734748041213e-10 1.312834397680053955e-09 2.505134959395753436e-09 5.711746582583933474e-09 4.815389057854682478e-09 7.471781277595115404e-09 3.612060081631151756e-09 3.904524792550918419e-09 -3.157623889596128998e-11 1.027563774652222541e-09 9.165480512020314687e-10 5.300600654713965906e-10
-2.258065704784468361e-20 8.931196809118434111e-10 1.837404950270946535e-09 4.084141536357436716e-09 6.561637310642308546e-09 4.936890586242974445e-09 3.123659974504232131e-09 4.913620016041141218e-09 8.473195451359869478e-09 6.768463690749581673e-09 2.866106498142161714e-09 4.741254233995354700e-10 4.592413480505546794e-10
4.248498735951847829e-20 2.644473152513422868e-09 1.419775391397358040e-09 3.629180053152991730e-09 1.264862607706808179e-09 4.253189139022869086e-09 3.697096559409354539e-09 8.273380594500348671e-09 9.019552242960864457e-09 1.720825335158533242e-09 1.547538443200040526e-09 -2.801634671569859651e-10 -8.452486645853363240e-10
2.085630428908623077e-19 2.814319676179596835e-10 4.214090726590936114e-10 1.862095762627657031e-09 1.738757727999240475e-09 2.509759223669690075e-09 6.262336526563618101e-09 3.771890077159370615e-09 -2.739709152226280912e-09 1.621695210282960969e-09 4.023476659794631172e-09 1.533569518504540006e-09 -2.480564675147509573e-10
5.112713603468281105e-20 -6.391668523848159951e-10 1.406972778026126542e-09 1.933746904516782626e-09 2.643049554993308182e-09 2.542233710197850024e-09 6.625998785412911125e-09 5.973727036666179707e-10 7.697030081562758611e-09 2.591571106099140472e-09 2.391896151216212335e-09 1.091300636064496850e-09 7.229156033007964729e-10
5.942258004813309827e-20 8.415546764227458929e-10 1.372808738726828737e-09 1.699946817250469642e-09 5.541369559149661606e-09 4.487833340449182431e-09 7.300503567025398700e-09 6.920431490921926372e-09 5.597136988727663456e-09 1.696896738610949054e-09 6.422288700805790298e-09 -1.036968573468894242e-10 1.424569197989114601e-10
7.419633605787766614e-20 -7.281805526846852020e-11 3.891776889499021761e-09 2.139606262861714982e-09 3.134687902265311253e-09 4.598499770765541803e-09 8.410994120659394756e-09 6.782362409630891662e-09 4.275740018565461245e-09 1.994423744854583985e-09 2.077014751292887755e-09 -1.306030412630412897e-09 5.142194060216703634e-11
-1.534745086597329618e-20 -8.469565966874906884e-12 6.046954090503467316e-10 2.944642811548183685e-09 2.792725353600102093e-09 5.047389352513643559e-09 6.717399463023779056e-09 3.369419706172508213e-09 4.546153034564529565e-10 3.304869826042495240e-09 3.731258658113688256e-09 1.295954748974966854e-11 3.424985614499436498e-10
9.654056102992087017e-20 1.376391860576050288e-09 -8.130756610425667090e-10 1.451375352693219810e-09 4.986896439554378445e-09 6.957808800447108094e-09 7.783385764365616573e-09 6.091257444772920731e-09 -9.551894323669655677e-10 -5.485469720793255118e-09 3.493969599495047656e-10 1.230213135833459731e-10 8.828510703104946417e-11
-1.169718094028133564e-21 -1.646854977567748625e-09 2.093285172729692410e-09 3.954688213890500296e-09 1.332789252964235717e-09 4.732022188542061494e-09 5.321176707794450332e-09 1.313047831195877119e-09 1.665213468397510063e-09 -1.293382603531493238e-10 7.675310220323767991e-10 1.178550332912215958e-09 5.725372435728258952e-10
2.009857856093190895e-19 7.032559383098739849e-10 -2.498840886562210140e-09 2.765171785028196277e-10 2.395065020554950331e-09 3.921160611787376583e-09 5.802065627031606306e-09 4.949231545130613924e-09 4.002755500222559719e-09 -3.991352601608122425e-10 -1.819886998158255570e-09 2.647733099437688484e-09 8.495169617529032324e-10
-2.401639739562494640e-19 -1.261271597495534115e-09 1.882408655948682507e-09 4.594497090900122504e-09 4.058667327052825274e-09 4.086500159757060974e-09 5.450364034322571823e-09 7.689948037542739903e-09 3.903289912454899057e-09 2.198822435457676400e-09 1.683115954962220539e-09 9.038395321688839324e-10 6.340190477331928593e-11
2.222202318274966611e-20 3.679217928939011638e-10 2.136595217513479001e-09 3.614677818626750708e-09 3.721927648215461499e-09 5.164863640034098836e-09 7.934993187303835461e-09 6.526607130677781352e-09 3.303575722316428979e-09 -4.301687645547213904e-09 1.241093509310905842e-09 6.836467286731397664e-10 -1.827284011961252726e-10
1.011279080590606879e-20 -2.222217609386862563e-10 -5.982986613438107591e-10 1.406927516270408194e-09 5.705322665092828362e-09 1.315232876276107354e-09 6.956855639802615184e-09 8.176033138683871140e-09 4.741556834291524744e-09 6.885047951959703873e-09 2.410284603378598421e-09 -6.099106894288287769e-10 2.972134276377292086e-10
6.704105854478774577e-20 1.145853139281341406e-09 5.878671686846972802e-10 5.068319257476558715e-10 2.960164613351353998e-09 6.551204235961742453e-09 5.246166437287221221e-09 8.107633940263881189e-09 -2.444714656854913732e-09 4.695186560271540002e-09 1.102923118449127542e-09 -5.447368606720656306e-10 -4.883094120028704603e-11
-1.626459925258293185e-19 5.323221332661290126e-10 2.950586252221536934e-09 3.698045516255780568e-09 2.055471055997286978e-09 4.966638538274229135e-10 9.360082726729033552e-09 6.705697891021710770e-09 4.829724163286573519e-09 7.830073914385569204e-09 1.205049260308214219e-09 6.903428419087748417e-10 -4.556194736424496997e-10
8.302110530491345592e-20 2.165011125751788217e-10 -1.706581929723758115e-11 3.075443854690986612e-09 1.738917913911501395e-09 3.931242849217678469e-09 7.259185166324295380e-09 2.871355227885640274e-09 3.763884423811201457e-09 2.885812932018793023e-09 4.539624335460636267e-09 -9.506868689619299663e-10 3.394198450411055873e-10
6.962800775413924344e-20 7.026614566921156093e-10 -6.459891041647950155e-10 4.187415545588475217e-09 3.699361752698321963e-09 9.690892031978222667e-09 1.024507289986697629e-08 6.110103083403049054e-09 3.079109328790154720e-09 5.490605633451189110e-09 1.979067965161517979e-09 1.336264751657096049e-09 6.760294247535527179e-10
-2.961725838921014282e-20 3.380495328569489296e-10 -6.938789349549700434e-10 1.036148334676915155e-09 2.499101473620730755e-09 7.033777064755947120e-09 3.365924777214278300e-09 9.038900169430672279e-09 3.780913668153267519e-09 -2.375886993230926718e-09 -2.380087171309987124e-09 -2.305528499246265516e-10 7.532704143642190687e-10
-4.063739102381548227e-20 2.586880493981970516e-09 3.128012357499118270e-09 4.848036503116971088e-09 4.452658616939961710e-11 7.438549776742751732e-09 7.876390918678894019e-09 1.597074135911693927e-09 6.044391416624930807e-09 1.715757163275751695e-09 -1.487656812589274736e-09 3.045224880229488729e-10 2.764781785847858609e-10
1.228916403022658283e-20 -2.596171583798797027e-10 5.277703535613624306e-09 3.384310676078242831e-09 3.489714571851573312e-09 6.911874311199464420e-09 1.931305112443763212e-09 6.652361110188079109e-09 5.401928706343839793e-09 1.374372006477992897e-09 2.839500925972583508e-09 8.464909446210355892e-10 2.496927523555900349e-10
-8.950262158190027562e-21 2.668661946255182106e-09 3.543922545049386782e-10 4.333238247331099045e-10 3.421643984861107331e-09 4.939994684394216039e-09 8.271368195598368466e-09 3.565704284174861037e-09 5.073825796710950747e-09 2.277655543980710131e-10 -1.431714289731326664e-09 4.246090369256361279e-10 1.529854085801967005e-10
2.578227414408662660e-20 1.672200587081383234e-10 8.316253108325856647e-10 2.958044789820312269e-09 4.304822918142575663e-09 6.730876697282053673e-09 8.029791890277580082e-09 6.323300883680807380e-09 6.070942283068859459e-09 4.165690248502273273e-09 1.844492171103817784e-09 -2.170096737178391947e-10 -5.866827005688159099e-11
6.392561220900854431e-20 -5.542222652883517710e-11 1.030364709061898230e-09 1.317770807719687196e-09 7.749571690123743769e-09 3.756630775034894120e-09 8.378083398220197591e-09 3.173635603352070495e-09 5.604562824817532643e-09 1.745278694146735563e-09 6.767816228346767112e-10 3.631134256624061376e-10 1.645897910224722089e-10
9.719419552712331580e-20 -1.258449014611131008e-09 3.600307424295696504e-11 3.433205207706650789e-09 6.658282334091667227e-09 5.920230375237242485e-09 3.765909610247932908e-09 5.051726304790853863e-09 4.210023529466140645e-09 -2.674990558576750242e-10 4.769840813338366361e-09 1.197303654760248563e-09 3.128677944927239685e-10
-6.958541936921140441e-21 5.852023030584676564e-10 -1.245402509626122092e-09 8.440060613875671358e-10 2.277244316951857742e-09 5.046157429544958228e-09 1.019445259243050381e-08 4.446884463542009166e-09 3.638133816314839012e-09 1.707453782944641404e-09 2.863209983682944330e-09 -2.430681182478484692e-10 -2.545766155309973034e-10
1.230141129203754019e-19 2.920868713489941084e-09 5.125826729251138277e-10 4.235158713515158117e-09 6.505793261516120913e-09 3.763314341879574177e-09 3.288558599281004720e-09 5.167164576999752125e-09 5.390107843953946908e-09 -2.970128424465341341e-09 1.290877449981277032e-10 -2.679375980741589429e-10 -1.396753210411710373e-10
3.031892259832219107e-20 -1.662258073294688754e-10 2.489363665902728945e-09 4.314702250259137791e-09 8.599060926786040070e-10 1.385341579201242867e-09 2.462558825089869308e-09 8.432037465538508589e-09 3.271083119349306727e-09 -2.491197819072178440e-09 -1.000310195342762317e-09 -9.571307429999625737e-10 4.480844604497507472e-10
4.404074269375726322e-19 8.036828808015530763e-10 1.866931673036246756e-09 -1.670926315986618189e-09 3.606689993655063633e-09 1.960282001420316255e-09 4.639582417471471248e-09 2.624159501138604197e-09 6.324013246579004495e-09 1.806494078848107168e-10 2.833093332054165772e-10 -5.671871112477379838e-10 -3.622094125800946473e-11
-6.064091458521423452e-21 -7.919907056854962672e-10 1.283673680246341860e-09 2.117038921691409103e-09 6.720789913772442511e-09 9.225657230632492729e-10 6.945575614956988185e-09 6.247310121474239054e-09 5.074555410013494961e-09 6.355822046344278913e-09 4.732599240932781695e-09 1.421190996865590033e-10 -2.627259836645205031e-10
1.104865081465406437e-20 6.725153238455109763e-10 2.243565118960345343e-09 2.215025858964588368e-09 2.437976831903158991e-09 4.457822195477840500e-09 8.407489402323938395e-09 5.334088154927538031e-09 3.985825069458254847e-09 7.818141438479407585e-10 8.376917875863826579e-10 9.411666452420984859e-11 -5.682170086744779614e-10
2.894593114038442682e-20 1.424943833993730303e-10 -8.619046269506394507e-10 3.496950148709627663e-09 4.620100432067419915e-09 6.578031474968184085e-09 7.696350268895193962e-09 6.434392204531473266e-09 1.772570372404173572e-09 1.429385928571544931e-09 -3.055392084533285482e-09 -1.276290308972402500e-09 -3.241741350639762094e-10
-4.441455773126216519e-20 -8.351740557737688282e-10 3.854946053299106158e-10 5.140748979240060756e-10 9.166628908300200832e-10 1.915546049912842512e-09 3.724603129589268663e-09 2.678820359647512296e-09 4.857440669607677764e-09 6.272559647707901952e-09 3.896832683323035178e-09 -5.411988138634054971e-10 4.506895681401759711e-10
2.322162626894119616e-20 1.040862498641634844e-09 4.734302203071761423e-10 5.748657363699821411e-09 4.081557438368929996e-09 6.265043322135771668e-09 6.668491473475715046e-09 8.422871695738746830e-09 4.376653389606251878e-09 2.687488775793728822e-09 -2.655709568741313663e-09 3.482426799640167905e-10 4.896491987724737038e-10
-1.034379952010886558e-20 -9.340474338797370383e-10 -1.733799285433118147e-09 2.134340753716561913e-09 4.312154370772287326e-09 7.372202635104757556e-09 5.047537758246846603e-09 3.767078628839456998e-09 5.079782093220985071e-09 2.406804902559028305e-09 -1.807199488403353572e-09 1.163027638076198233e-09 -5.092541388295056332e-10
-2.924034494347479788e-19 4.341101923607620239e-10 2.903239015800322319e-09 5.234884539938256737e-09 3.604938145323290380e-09 8.205740065402281524e-09 6.199469416925503871e-09 5.030417065858294743e-09 8.668649292895900372e-09 6.200754382828278772e-09 1.580575205109908705e-09 5.139536142701463300e-10 -3.244960444437276317e-10
3.431825576423274558e-19 7.360085216037012191e-10 4.646584411220475934e-09 1.762851273545025864e-09 4.941720188893439126e-09 2.888508193804214792e-09 8.019501392595757339e-09 6.594205641731127449e-09 4.600343183081290338e-09 7.099867522657988070e-09 -1.491368614181920725e-10 -1.103507198695470811e-09 -1.312312335950146698e-10
-2.896742455238528968e-19 -9.227529418289849560e-10 1.242769508741894611e-09 -1.622878237096707204e-09 1.599110068407588786e-09 6.574278680639981038e-09 7.157850117133576986e-09 5.132066233231147797e-09 2.036343949915330660e-09 3.828218924800825982e-09 3.824427680206553824e-09 8.452348806088613969e-10 8.785039466318567811e-11
-5.654911494970329005e-20 2.040312644709541788e-09 1.679533193367293696e-09 1.001938712295315769e-09 4.191652867174448077e-09 7.348910116474726759e-09 5.740449801185890692e-09 1.448634664592414393e-09 -2.548642659212932540e-09 2.702411002674695424e-09 -9.607313784109229665e-10 -2.553715879437220740e-10 -3.659214429234797454e-10
-1.540475363411844328e-19 1.226719252340262540e-09 5.934029036986531289e-09 2.972154431309114654e-09 4.341439946874006955e-09 4.625080038274981927e-09 4.628499877964618059e-09 7.575886962039611174e-09 2.018766657401645432e-09 1.403547557283640679e-09 8.710893882937406720e-11 -4.020776895004996655e-10 3.646139315248446213e-10
-9.820882082931317864e-20 7.954548589830123700e-10 2.036679833369942821e-09 6.374440175705751964e-09 2.298880308290921358e-09 5.957813996612606634e-09 6.655075768825534756e-09 5.550892555277572817e-09 1.440642931140671439e-09 4.091149630804228095e-09 -2.481984457351514668e-09 1.567595557250823168e-09 1.158924051275348608e-10
-1.717734850606702194e-19 -1.618371409550659765e-10 8.367272895698181971e-10 -1.595764277400812522e-09 2.014782346707495945e-09 3.190428894732373833e-09 4.965920962924639214e-09 7.607711125298471924e-09 1.116462681035773473e-09 1.470419122026542026e-09 9.628736031337213437e-10 3.094756972618734310e-10 7.292113512755805648e-11
-7.045761303382330069e-20 6.150293796351195929e-10 1.634833618353889100e-09 3.279826252406449016e-09 4.623618210939849532e-09 8.276061614803618550e-09 2.930303124580537815e-09 8.584730602305912134e-09 2.373454476268188738e-09 7.720285122316327605e-09 1.494018870832106171e-09 1.356816726481589939e-09 -1.647641558762066600e-10
1.328192778757210275e-19 -1.662590900014346643e-09 1.003907020842852259e-11 1.240311461724823696e-09 3.967667764118457161e-09 3.149385966034147545e-09 6.134433732104259954e-09 5.534297094211935715e-10 7.986971335068550347e-10 2.942954833511042727e-10 3.195833035731026751e-10 2.112858623819303133e-09 2.441790248124600894e-10
1.142446888637763504e-19 1.092299163062012832e-10 6.410413792547440135e-11 4.287935958900431475e-09 5.385275901164773880e-09 4.501133349009035537e-09 6.960927010486950462e-09 8.157964884888443908e-09 6.287332082366818299e-09 2.479599006422185288e-09 4.129423368990464851e-09 4.515008907671080955e-10 1.045168693835407703e-11
6.687623300051138571e-20 8.083678024187629578e-10 1.606709278207087702e-09 2.872170659447570387e-09 4.101023429548687928e-09 5.750132651061280472e-09 6.274833268023400042e-09 7.720285534100536299e-09 4.578370718625901714e-09 4.313847824733688041e-09 3.821041744834941163e-09 8.236865726530244422e-10 -2.236587994379691716e-10
6.162784646632778773e-19 2.222581018635231384e-09 -1.729076751688198431e-10 4.362965636329413221e-09 3.680818008647006459e-09 6.305112471522915605e-09 5.667298721022515331e-09 6.564005796113360645e-09 3.820655779806156569e-09 4.181940157325899227e-09 1.541395961692016210e-09 1.399053460377497055e-09 3.652798511927006310e-11
-5.374462376917984768e-20 -2.971027933096485905e-10 4.861195765626403797e-09 2.842826558639029578e-09 5.097513932331428037e-09 5.122309931502328080e-09 1.055525978199505010e-08 9.693478308256744600e-09 5.296532692142106928e-11 3.239943684960141121e-09 -1.209994285856184912e-09 5.966132339207673299e-10 -1.387474945096376076e-10
1.367654808519757624e-22 1.143781598141472451e-09 -2.028187840253903603e-09 2.162182354113136982e-09 5.399625029234805287e-09 2.734254678135387978e-09 4.347753958355069735e-09 7.538783171688404416e-09 7.830731983534747936e-09 2.828801266112231852e-10 1.529769155139737732e-09 7.795507213356319278e-11 1.839671104373374060e-10
2.539158828739601389e-20 -5.588265461540659892e-10 5.186566770939414642e-10 3.248928055379935211e-09 2.748547746693621461e-09 5.037890415949043910e-09 1.035857133848061181e-08 9.581347859536159077e-09 9.245944140327428133e-09 5.815143914814374475e-09 4.496038442945564721e-09 1.991601221225186096e-09 -7.573080629210798285e-11
-4.955325033699708924e-20 -1.028447611008077778e-09 7.987380163790069878e-10 1.019787773088454845e-09 2.175762573453225541e-09 2.060777344372981434e-09 5.100283972847728278e-09 5.188543508693747888e-09 7.819761703255622434e-09 1.755134298381447054e-09 1.141380787905909608e-09 -9.664867025615693097e-10 -3.932611473742686900e-10
3.388721141724272356e-20 -7.208693194960793052e-11 8.202057962029613071e-10 2.239229789782645086e-09 6.209749168095492544e-09 1.554764115126931428e-09 4.788913467656352592e-09 4.928087438569038192e-09 9.621114748490385399e-09 4.691805483194548654e-09 4.142930913212654938e-09 1.115455739856684796e-09 1.852417973069651954e-10
-3.624981861543913088e-21 3.769816461335395484e-09 1.432629772496345531e-09 4.701000046405844213e-09 4.501416582766715681e-09 3.628442244553031618e-09 7.348358583481524128e-09 3.556556457572935780e-09 6.003756751808597069e-09 3.284511189211804813e-09 3.755777484545619345e-10 1.815789885176214283e-09 3.033222010065473574e-10
-1.788440848797528365e-20 -1.517386600551608360e-10 7.081442987686880183e-10 2.213570390086015326e-09 2.884209838985900993e-09 3.216162409860478588e-09 7.679952141103591860e-09 7.833503111357407818e-09 4.490963515757712344e-09 4.566350462721052849e-09 3.643354747702683797e-09 1.295200996171990666e-09 -2.819053313579612583e-10
4.036944349458450807e-20 -5.908711839936813830e-10 1.851055986040649684e-09 1.956001478917609191e-09 6.480787033745310566e-09 4.762292413794720306e-09 5.665049304820025869e-09 1.336209471580415370e-08 6.347990338784317863e-09 4.693637177672586919e-09 -1.151727717349136038e-09 1.730536571542072827e-09 3.181599397705851349e-10
-3.052612685270130689e-21 -7.387474443470322582e-10 1.923131738954419772e-09 4.043496075978752294e-09 2.590151111314870148e-09 6.457489948169186452e-09 3.185344384012994936e-09 6.910227238817710895e-09 6.155722191700264737e-09 1.577334071471789132e-09 3.130993100665924147e-09 1.018147668449314084e-09 -3.124765011456255146e-10
7.838317524949514592e-20 1.967204258981442409e-09 1.868008493568680231e-09 8.125013659251369095e-10 3.645854337889658747e-10 5.925440855653471801e-09 6.724958393939137445e-09 1.030877252033530905e-08 5.255462278849068536e-09 2.088718472247380457e-09 3.388720350037896004e-09 -1.332045962447187797e-10 5.326748236052679902e-10
-2.331603484839966567e-19 -4.647389245365437267e-11 2.779741160936950743e-09 3.637600348459936978e-09 5.112622976666872526e-09 4.096396312446387015e-09 6.790122676854935715e-09 1.141030319613487448e-08 1.164037181220004689e-08 -1.349396231394664223e-09 2.098888791471064789e-09 6.949917238761813849e-10 2.064020562170552789e-11
2.508345747658209085e-19 1.393776047035578556e-09 8.741772361316663771e-10 1.336759225610742606e-09 6.000991303940440259e-09 3.579748131402037961e-09 1.259785433883823866e-08 7.887071758612290498e-09 1.278310119289385080e-09 -2.307696997224131044e-10 7.483127118404688489e-10 6.328679650273556280e-10 5.459341516173558271e-10
-6.668881184782001604e-20 8.682270650516651732e-11 -1.529553530009171329e-09 5.472415347832078290e-10 3.439970571800499966e-09 8.470741716898612296e-09 8.249569713061254237e-09 4.754598519445927257e-09 8.440531565876338563e-09 1.411791121588618944e-09 -2.539054367836199807e-09 2.560837549249462184e-10 6.585221881097618662e-10
2.975784643325855471e-20 -1.348927271037124638e-10 3.438172949720514839e-10 2.714524063705149319e-09 5.274407390231313555e-09 6.316005547964935740e-09 7.120119840448923044e-09 5.093996285986842892e-09 3.297863859475207517e-09 5.613422774497419839e-09 9.660365294315423864e-11 2.801295936443238181e-10 2.645519329744364789e-10
-2.245473112571057843e-20 1.069971168738516498e-09 6.841786391620106698e-10 1.757806287519416470e-10 6.802061974555870795e-09 5.021435533191019740e-09 5.023104209091682577e-09 7.483243523895790176e-09 1.332323682096342294e-09 6.037475777826561785e-09 5.302151760654793195e-09 1.615298152129738433e-09 5.769733170370230477e-10
8.898338829307055492e-20 3.330435108501363137e-10 1.005777013688055829e-09 -9.779119136532202375e-10 -5.607381286223826086e-10 7.444244427117264828e-09 9.435772117107697549e-09 5.686693722919306044e-09 6.272751880998437579e-09 2.544006973804364247e-09 4.034737987776514946e-09 -4.280037650530406731e-11 -4.512670571882001170e-10
-1.260028935389625591e-19 -4.835450095905747049e-10 3.361393796449414160e-09 2.882490644636781601e-09 2.912925353497761300e-09 1.549983023663629740e-09 4.781634633956181435e-09 9.003095797337319222e-09 3.566664598141036048e-09 3.320344916542734244e-09 -1.138293813706673894e-09 1.672247697569685645e-09 -4.296162600047842556e-10
-1.062516628692221520e-21 1.472042764218749240e-09 1.598760778196681878e-09 3.580802670355211191e-09 5.403317437842356325e-10 7.184062262605724645e-09 1.271764646211530159e-08 8.806630726592780152e-09 4.415094467542714572e-09 3.290369366607862142e-09 -2.094262004003794027e-09 8.359576647138315072e-10 6.840310405429549901e-10
6.278759756249534155e-20 -9.703398671557082596e-10 -1.928754964539379745e-10 4.059850702121590898e-09 2.648752916269570698e-09 6.374740145191627118e-09 6.568525836087807457e-09 6.725601651958229877e-09 2.035225649956420890e-09 3.024935193517485028e-09 2.351681986571130355e-10 9.267388424903982012e-10 4.063917014669525529e-10
-4.403600060153820350e-20 1.323785696546924927e-09 -2.351450928285287562e-11 1.965000703674700192e-09 2.388996679583984005e-09 5.790348897581010829e-09 6.849763155448434281e-09 9.914237847195436707e-09 1.140183552525897641e-08 -1.338521431209186275e-09 1.876709338185325156e-09 3.218903028964363022e-10 2.166656422992571351e-10
1.933247646437773706e-20 -1.045252113768848878e-09 9.855039412732827703e-10 1.826318221537446160e-09 2.716184168362280189e-09 9.754939943598002776e-10 7.700654658023852647e-09 6.849774126892578164e-09 1.694899468266893999e-09 4.566522469784162218e-09 4.204383118093968406e-09 7.710651653365947582e-10 5.564838263855287717e-10
4.730074544798122018e-21 1.525133783197822574e-10 1.420300486935600499e-09 2.015321442501944898e-09 5.176476579662838247e-09 9.424346427412488519e-10 6.091704095881524009e-09 6.613407865359545755e-09 3.772206701779528052e-09 1.107572692364803204e-09 2.836734570226798732e-09 1.848998859650645038e-09 -7.925410397571458889e-10
8.239843636899975417e-20 -1.840869465715791301e-10 2.981645748688970249e-09 5.474885458135662226e-10 4.018714776885383613e-09 5.786627202798132230e-09 4.090351973332480661e-09 1.328456123477489645e-10 1.068768484154861911e-10 -4.082587971007308927e-10 2.532527256895474876e-09 8.258219590405098759e-10 5.513913897728039586e-11
1.175838890244612845e-20 1.672238099969256355e-10 8.054532084336138529e-10 2.475633807982865044e-10 1.005664880419799790e-09 5.399649384946678813e-09 4.735147076952626040e-09 7.022184604757441674e-09 4.801091984086764546e-09 4.540151558162609971e-09 -1.195015167209691974e-09 8.926211134941383419e-10 -5.003499196375101996e-11
-1.587388806127485789e-19 8.790975559714086102e-10 1.727120626484954760e-09 3.627387428989324413e-09 5.557568102058463443e-09 3.969667591254766215e-09 8.342616133928795453e-09 1.117956421318630773e-08 5.630355875541302353e-09 8.955405029466151883e-09 9.936320157039701906e-10 1.164958101024389664e-09 7.582512711010786362e-10
2.056881824088395857e-19 2.330983103794432468e-09 9.038402571812448268e-10 8.212452123077985424e-10 2.220989040614247018e-09 6.191496482286321016e-09 6.559100417702622102e-09 4.267700551058487016e-09 1.027407906024615954e-09 3.222451774591377658e-09 4.104706224883762533e-09 1.834901717935847246e-09 4.412478894861864339e-10
-1.959664617358083115e-19 3.418027675923528250e-09 1.266343753358215095e-09 9.085638160773279395e-10 7.738896779126976574e-09 8.946280587981133146e-09 8.920346766307530263e-09 5.013443770752061498e-09 -2.290806505217504004e-10 6.498168413235791030e-09 -2.584080619144138456e-09 5.728688182265343040e-10 4.930965748980772112e-10
-4.658711415657014313e-19 4.054106031263869595e-10 1.628212567869488362e-09 8.112781077380223701e-10 2.350018277488906625e-09 3.915163405037963994e-09 5.961220342832794657e-09 5.026771561894084705e-09 1.017125326259204908e-08 5.202530643923507877e-10 -3.265787913868697406e-10 1.283292114035586022e-09 9.771312723260378921e-11
5.289808452053103487e-21 -4.002479502259442874e-10 3.145375513670062864e-09 1.869467394762093586e-09 3.279176194621586324e-09 6.894371664216013434e-09 8.657736269529016240e-09 3.856186949526747594e-09 9.554658808693249062e-10 -1.758720300731230758e-09 4.480717587810845032e-09 -8.610249474197056355e-10 1.737758207240091768e-10
-5.397851260029571486e-19 2.808827959639704650e-09 7.244181442221477601e-10 6.935542170023855856e-10 5.292656483994172940e-09 4.626328664694279667e-09 4.484234895733065990e-09 5.385320989472416591e-09 4.068827214343736410e-09 5.519705211256843991e-09 -4.666654996285720357e-10 6.311251065278092937e-10 -1.109761619060307431e-11
-9.595401486290036997e-20 1.075165159524521326e-10 2.684890358486438741e-09 6.904819395368482740e-10 3.905555219238292605e-10 4.197681365518979429e-09 1.609503581336499599e-09 6.999537629088667817e-09 3.399313446595395513e-09 1.845413415476886118e-09 -1.510634075833037093e-09 3.732761092426479772e-10 7.173264145713106470e-10
-4.619224372988456558e-20 -5.547963860400243302e-11 1.600590647484023204e-09 1.097767446288631917e-09 6.922852696328184518e-09 5.750928234739042103e-09 5.168174033409565603e-09 4.330144638258896987e-09 -7.473873886042968044e-10 1.150735610908752186e-09 -7.021846185014465701e-10 -1.807583979702345285e-09 2.107713907807175486e-11
5.322736330069930981e-19 1.170087924316157114e-11 7.917604248134114162e-10 5.812145756133972229e-09 3.726439330542304593e-10 5.772704842448559027e-09 7.145536452077432906e-09 2.368109976604180309e-09 8.162122841333181233e-09 3.767233149495743873e-09 1.683963516507573153e-09 5.636737310473716956e-10 1.451442180896066349e-10
-6.760746771788043393e-23 -2.812952229826191153e-10 3.356871588195694567e-09 2.064237688438111514e-09 6.898115007257480259e-09 7.836796381999437062e-09 7.643139581146490037e-09 3.954321991634811249e-09 -2.225796753344254980e-10 4.584175049076514324e-09 1.906908277523291145e-09 1.269303663054505156e-09 7.415403695764996300e-11
8.720163694071439642e-20 2.777038525402332898e-09 1.706559769304823928e-09 2.322943514106129489e-09 3.663443523902131774e-09 4.521595179217637908e-09 5.361901688518232226e-09 5.957009096466493297e-09 1.750990251496968861e-09 5.086746087073690376e-09 1.029774593177574853e-09 3.241304979133003690e-10 5.094023914938626632e-10
-1.003548705288032195e-19 8.118617218396429996e-10 2.216557493081271182e-09 6.666269502921638964e-09 6.292866589610279968e-09 3.860535148353089701e-09 2.426039257475336453e-09 1.939190777167071384e-09 1.634495450749937544e-09 3.258199139158627939e-09 -9.308493772913916817e-10 7.407096678197508396e-10 6.770930796452740946e-10
-8.701463071596331762e-21 1.403218251489598117e-09 1.904015945919710108e-09 4.457212360537910925e-09 3.684064608947622211e-09 8.308980452446953821e-09 6.036657381526106074e-09 8.873939056361118350e-09 1.113748131608250609e-09 -1.204946671609548213e-10 3.548219171298710992e-09 1.520674365506251893e-09 4.389811010920847974e-10
-5.364076845875582736e-19 1.856690740639582372e-10 1.076280956162742086e-09 4.943780986577007644e-09 5.239718493456417070e-09 6.193507121670873860e-09 2.081761975296283134e-09 4.649088191463762395e-09 9.392195803186578684e-10 1.189278669519806529e-10 -2.546150007357712655e-10 -1.222946583528171674e-09 5.710642747465432874e-10
-4.886173697577373630e-19 1.226584190682647933e-09 1.682996758510819216e-09 5.324382507025156375e-10 3.616124166456610840e-09 3.061429525267680297e-09 1.872388092937116063e-09 6.810164008309435003e-09 3.613788297937326360e-09 1.479476096997989235e-09 9.508816880448194587e-10 5.371206544004935347e-10 2.801461786820310047e-10
4.648840285172217931e-20 -7.545757402208777640e-11 5.150864117741520324e-10 3.287172132195648065e-09 3.123487112985094740e-09 6.294178237956654497e-09 6.842453418096465936e-09 6.363823375657298697e-09 4.411148255746569995e-09 -3.622022245919290319e-09 4.252113353638768802e-10 9.764851450341342170e-10 1.040756518370589142e-10
1.207165297470706007e-19 1.961101088649798904e-10 -8.883859200359874150e-11 -1.089781947194320962e-09 2.352721514011503395e-09 5.661511550605635488e-09 5.601459004808048421e-09 4.016050200569493652e-09 9.098184644727193580e-10 1.428098234708192969e-09 -1.543211692084590238e-09 -4.759619875057757278e-11 2.057311384051209795e-10
3.904381636082002682e-20 1.011131458154898466e-09 -1.806576360765664274e-10 4.440425681882619985e-10 2.861926043431143526e-09 1.541743628922694996e-09 6.719638734781957693e-09 7.960938760257542965e-09 2.719615594095457409e-09 3.535474101251600427e-09 -4.207002847541898732e-11 1.582077150349325043e-10 5.588696431460284221e-11
-2.379503711763650744e-22 -1.354572344521632208e-10 3.128271538012107380e-09 8.220319552856688163e-10 3.521870833641770319e-09 7.959689514192755116e-09 3.429795861293880928e-09 7.175889499444963016e-09 1.795756788307189539e-09 8.814185478037664819e-09 3.440430788162729581e-09 -3.027869467546137926e-10 4.498641702215906238e-10
-1.231242923867948512e-19 -1.854991836925363613e-09 8.850818073600163752e-10 1.220781578275655370e-09 3.894254087427321977e-09 5.977343338876915323e-09 7.124581294224946551e-09 6.151890163995877753e-09 4.058178899819982132e-09 -4.211460015366254603e-10 4.097541448559663429e-09 7.839046266171331115e-11 -1.563755437315975401e-10
1.936153970820017837e-20 1.665177646977341533e-09 -2.070675065800629994e-10 1.658991857486332215e-09 2.383727048242579813e-09 4.914822444557164129e-09 7.119515081101168310e-09 6.522772022398179102e-09 2.361962318851717774e-09 1.478385092453757614e-12 4.776465556941529691e-09 1.501924055284952854e-09 -4.916320910545784477e-10
-1.888497490350683521e-19 2.732522787516690695e-09 4.403230929039996861e-11 3.909547576531378866e-10 4.703807366693595912e-09 4.893803591906969221e-09 2.924436547023792598e-09 4.255727331588431252e-09 2.844712592001298197e-10 4.571119311128802776e-09 2.782902391584117950e-09 1.532773974811410366e-09 2.962473962039583959e-10
-1.350374294490573216e-20 1.495698382229450828e-09 1.642982622739287527e-09 2.436300598432228805e-10 2.653639572339037950e-09 6.826791832757786911e-09 4.448946812096601845e-09 -9.985465816300544150e-10 2.393073439916820692e-09 1.078434270814433101e-09 -8.655322276066768876e-10 1.104397851720239718e-09 7.155861556953599125e-10
2.624269202240606622e-19 3.200604682142801920e-09 1.060259022632926431e-10 2.719792315546507319e-09 5.778187296007250310e-09 5.844864697972472234e-09 6.428242992073659496e-09 7.889968837131831465e-09 -2.195033127786257992e-09 2.429189921023359750e-09 -1.864899172888612995e-09 1.176238134430907523e-09 6.463946053759512288e-10
1.180768155239786815e-19 -4.335290062277385997e-10 1.452978664587414749e-09 3.452997238708661542e-09 3.787676492441919237e-09 3.484713166218766251e-09 3.793839525805862984e-09 2.878960997053949990e-09 4.351245355883900419e-10 4.399110417821789771e-09 -3.372077330685911811e-10 -8.740563568736113144e-10 -3.930484873002411926e-10
-2.322117767804240645e-19 7.115521649196793316e-10 3.087432429174637765e-09 5.301636634364776066e-09 5.726897319651963548e-09 1.592608736979455194e-09 7.277194454726477289e-09 5.041825878810387721e-09 9.921423919313028920e-10 6.126807988210146799e-09 4.025652511416843616e-09 6.881575975356465513e-12 6.285623575999134459e-10
-5.485142525474128136e-20 2.018921691669617925e-09 3.729442933244581128e-09 2.810665078890747673e-09 3.287638653414651319e-10 4.251874406524543705e-09 7.445992672546688879e-09 6.485471302720068820e-09 3.753516861776620745e-09 4.128651767093948691e-09 2.445143782639333758e-10 8.831852345178067183e-11 -8.713585900081048482e-11
4.374606777365367258e-20 1.552271594692994840e-09 5.455781676956591793e-10 6.419012614482716101e-10 2.978298731785759973e-09 1.052219952272963383e-09 8.309221357390869104e-09 2.099947000249787293e-09 -2.323055088510136756e-09 2.857719446890146930e-10 1.601285252403401078e-09 7.761544172117543724e-10 -2.628130820446272248e-10
2.217106157133709319e-20 3.225868981416409542e-10 -1.896290853828664749e-09 1.385170946657234288e-09 3.188839845044213170e-09 3.171339195695342253e-09 1.206947431312219866e-09 1.006697753702052409e-08 2.776964311288079304e-09 -5.242098795824493342e-10 3.146908106421745607e-09 1.275733712294127198e-09 7.605066739868881778e-10
1.480286834183854161e-19 2.691501245250605663e-09 1.021552659252553305e-09 6.309670734147126387e-10 2.143713416278263548e-09 6.659373594447011065e-09 6.003240155955364253e-09 7.533271898150564117e-09 1.017063782146649584e-08 1.412193509871218559e-10 4.017724952840091529e-09 5.294444411886573125e-10 2.797850616744505880e-10
-7.493084166909763062e-20 1.082127054144697297e-11 1.450625198060657998e-09 4.329868149814417780e-09 5.364409753686354398e-09 3.908707859056140412e-09 7.495284489532439608e-09 8.621333288584419782e-09 2.358239350033101406e-09 -2.248640200539555297e-09 -1.872559938276152849e-09 1.646884634840316580e-09 8.912973868110418963e-10
-9.673994694617525874e-20 -1.177095989728371798e-10 1.173634184927320127e-09 3.711900086559676589e-09 3.327611060991315597e-09 4.268546843767612160e-09 2.452768158832794050e-09 4.454023780843107330e-09 2.434732874122789037e-09 4.888759161520269418e-09 2.553754601852418057e-09 9.224527145937729983e-10 -2.657857206213095027e-10
1.687240583651999057e-19 6.000207479596134284e-10 1.341450170815021975e-09 2.438927470688485247e-09 3.685745898331069593e-09 5.215272520725785206e-09 6.610183622228408454e-09 1.309027749184133650e-09 5.162823488274711966e-09 2.479158701657777840e-09 1.769709992977109506e-09 7.211009244180479439e-10 2.410393499418385288e-10
1.051266360243233628e-19 -2.626160073686066693e-10 -7.839314180866628132e-10 4.769271034694220663e-10 4.082596773830315485e-09 4.126568100553127366e-09 6.489291218522015282e-09 4.366889438353812963e-09 6.901250456838855162e-09 6.472264914120141029e-09 2.817698885358721551e-09 1.013814268010436481e-09 5.408289737957086424e-10
-6.568668814505730888e-21 -1.186566206500139778e-10 1.465938007345791895e-09 3.577736691089039145e-09 2.615915361618036632e-09 3.494362199128837983e-09 3.689475171798419850e-09 1.063126641174947021e-08 1.968223098104737940e-09 -2.149715845259844206e-09 -1.319342685391266132e-09 4.995337826367281750e-10 -4.779628272454701313e-11
-1.844898957616482223e-19 2.103410513301214623e-10 -1.069113117791005033e-10 1.905981051218809265e-09 -5.078225818323649357e-10 5.219637768183861037e-09 4.851653683403585328e-09 1.816637239579991759e-09 4.224252025321875820e-09 1.098782452882042589e-09 -6.103968289869706437e-10 1.058553782753529075e-09 1.317675905204375806e-10
-4.539581662585718785e-20 2.270325820501198192e-09 4.168415022944068262e-09 6.021571463263062712e-09 4.230756480938853731e-09 9.839465763570974968e-09 9.448627847121373842e-09 6.536412456244091687e-09 9.279980156624511181e-09 5.803780559851071511e-09 4.896471932302623563e-10 2.599567620135242785e-10 2.697184988967081148e-10
-1.275955383361848715e-19 -1.091138966633488417e-09 1.876785145975089886e-09 1.504288719245121041e-09 5.409110987179707656e-09 7.537679722351611165e-09 3.366153557539154366e-09 6.478110348615778370e-09 2.596287998592504335e-09 -8.638468653078940604e-10 -1.651681754135939218e-09 1.014524073252803451e-09 -2.818880433205707798e-10
3.983436917670538631e-21 2.241254964906124493e-09 2.144779801036842411e-09 3.090680871637254582e-09 1.220147541742150908e-09 4.818463447855173807e-09 7.682544727166517630e-09 7.603396878895103200e-09 3.941286793596177758e-09 6.575215303802462543e-10 1.835112543819480657e-09 -2.668598585607785000e-11 3.822345561833295395e-10
-1.179320497369942635e-21 2.911066393639927719e-11 2.773748115034476723e-09 7.529284612900012654e-10 3.885644045265033592e-09 5.595764540919630122e-09 7.489661740985478436e-09 3.744750398529825884e-09 1.386826579481764442e-09 4.171739900910115270e-09 7.139592748976609458e-09 1.370137271359668024e-09 -3.061574840848614680e-10
-3.486222880955124876e-20 8.087399052111438812e-10 1.964556073925589657e-09 5.059758874164191855e-09 5.589006003205676305e-09 3.033787137231201707e-09 6.080335800507425696e-09 3.106073327182527660e-09 4.286305208132337661e-09 1.025682597073720287e-09 -3.115126016107078480e-10 1.070667078859991265e-09 -5.910134511990789199e-10
-1.042880338162865453e-19 9.721419828041516296e-10 2.986365480537847748e-09 2.371883851309269197e-09 2.402541339142509454e-09 5.547435315080125202e-09 6.337324895616685667e-09 5.236883955066878538e-09 6.341973411788418522e-09 1.252668390730723331e-09 -1.593633483770959661e-09 -1.608795790706517842e-10 4.196273466642162953e-10
1.495241742894139859e-20 -5.384989758684678186e-10 4.973979818789589346e-09 1.338211727773278106e-09 3.594668969364112884e-09 1.993882221985912698e-09 4.456748861457656671e-09 1.043013607641524122e-08 5.590394898101268195e-09 4.931723435048907575e-09 -2.127797527214527182e-09 -3.116265933304696974e-10 5.622214803200087136e-11
8.224020216743392914e-20 2.368730771337945476e-09 -5.305312484781760762e-10 4.960802166376463384e-09 4.467319551630449602e-09 8.969639456004817036e-09 1.314964326595616626e-09 3.575441149078115237e-09 2.195082619641302144e-09 2.618310726104780412e-09 6.280779373826474424e-09 1.170502833114523431e-09 -2.316240366917507519e-10
-7.127061477483401934e-19 -1.902203142284829019e-10 2.179700353059179366e-09 3.078283474593181113e-09 3.597540972116764644e-09 3.371163776104500495e-09 4.689052425116090252e-09 2.068351779475907738e-09 1.788438463968894102e-09 1.820119971195821705e-09 2.557385716208562196e-09 3.064767329610787277e-10 -2.820935320070892499e-10
5.625996822045444471e-19 1.199370712024390157e-09 2.509456615843748682e-09 3.147155755019408478e-09 3.320269739450697306e-09 3.512958065598833474e-09 4.453850951229592579e-09 7.433471618833952188e-09 1.037748939770034497e-08 5.299045494966946389e-09 1.129064430138920344e-09 4.309860174276237848e-10 -1.590093223103361276e-10
-2.454299268054485677e-20 -1.361097222288129233e-09 -1.858196309129796645e-09 1.836070577402825290e-09 3.664361472061734528e-09 3.673208057079427107e-09 7.990785965440524533e-09 7.801776147532994963e-09 5.283851745831944683e-09 1.886717591544869077e-09 -1.073587236385179489e-09 1.511035622346343215e-09 -3.371829488480475760e-10
4.398061020258869958e-20 1.109773393666161865e-09 1.076270209273643762e-09 2.350625539503833663e-09 4.122550584107213229e-09 2.416588476097372290e-09 5.561816172551478542e-09 1.189735078204514309e-08 5.742945048412932791e-09 2.861189985874525077e-09 6.767645150825749587e-10 -3.870084786991186202e-11 -2.983669655294531833e-10
-7.230749208633309723e-20 1.527522755631522499e-09 -1.437758429668607967e-11 1.346203961072597475e-09 3.250690955730567452e-09 4.691505791366918988e-09 5.558471408505409136e-09 9.986729257755684378e-09 3.373599761735365553e-09 1.977812731067458154e-10 3.409108433544237587e-09 9.720315314916066095e-10 3.746332317733048792e-10
-5.086028707331423408e-20 2.744843631167690643e-11 1.496803947989910020e-09 -1.523529036944875280e-09 5.267565609762920860e-09 -8.077102873271559416e-10 8.266991722938574861e-09 4.313767015769417478e-09 1.351781544530424472e-09 2.145226527696062623e-09 1.176036796531279331e-09 -7.764804094094824372e-10 3.278022949593022178e-11
-4.709109356791457013e-19 -1.165790164246311256e-09 4.932139774737750887e-09 2.075241095549689619e-09 4.485460941623828321e-09 4.118197637395372383e-09 9.135844569790399515e-09 4.477356496918698095e-09 2.816377629549096959e-09 5.269285457268964514e-09 7.179580668051867878e-10 8.538174793668870201e-10 -1.126179787750522239e-10
6.772595176961991043e-21 -2.355705945074626017e-10 -5.620066312470552034e-10 3.725398136291937461e-10 2.493020338633269331e-09 5.200601177435445930e-09 8.406759910460398641e-09 7.762370426876250437e-09 3.709479351092955496e-09 3.305883311387912519e-09 -1.407291592178388888e-09 -3.977951061062773714e-10 -1.676695939182057049e-10
1.528114813683333556e-19 5.294519859230083685e-10 1.206152452341926749e-09 1.044459365207485739e-09 2.326022903193479122e-09 4.866564487171845641e-09 5.633322064239307068e-09 5.842448661511364909e-09 -9.472002476583419247e-10 1.207985851844705620e-09 9.361562805560493930e-10 1.313077803964719793e-09 -5.741776307843381014e-11
-3.163707054348244385e-20 4.153786576686413779e-10 1.804976188019809531e-09 2.424947366477094904e-09 7.918501519261237605e-09 8.154183367083995587e-09 6.408351511417071654e-09 1.064249916164386388e-08 8.587323806194510811e-09 2.362919052784999303e-09 6.014260197057038136e-09 -1.134066590698890098e-10 -5.572510870959983802e-12
-1.186032523198459002e-19 2.980691213210563393e-10 -8.917246210245770316e-10 2.884793541056369586e-09 -8.138151076908235980e-10 1.831827184019150781e-09 4.285745776400318249e-09 8.692362528245675919e-09 9.971834052941251531e-09 4.416283089466340072e-10 6.779372871153824408e-09 1.155276800540429953e-09 -4.307622343038838274e-10
8.418293942724664523e-20 6.464905961413271325e-10 1.996684714176263756e-10 3.243131318669451690e-10 7.618373343154369532e-10 2.156930832838627531e-10 6.706374604690389412e-10 5.507508506211941191e-09 8.821786280547004166e-09 6.611738416604035383e-09 8.830168523197684148e-10 1.220000803602417034e-09 -4.212196565611192891e-10
-3.334524747792716325e-20 -8.267909782006680498e-10 -3.091181793012058654e-09 3.231165715405431988e-09 9.891761130492292034e-10 3.769186477079848872e-09 2.893830750808978457e-09 5.153500791395214682e-09 1.071461619966820048e-09 6.563159177088227025e-09 -4.166357693822710791e-10 -7.963635599636020532e-10 2.782241470174782160e-10
2.619828374122547972e-20 -1.009125641418344908e-09 9.887525514892343740e-10 1.783153544455003278e-10 4.824563083323610258e-09 2.513137240608408275e-09 4.669377473779354676e-09 4.029809459538642327e-09 6.899247226658029024e-09 5.060445427340566711e-09 4.522065022758087779e-09 -2.107188847900960627e-10 4.193747335450438268e-11
-1.232591871083445151e-19 2.030129151638976945e-09 1.120292937397777197e-09 1.087740005933852305e-09 5.148573102572787192e-09 4.697964207373719046e-09 7.369710525683750743e-09 8.856637398687995318e-09 7.037439181962171794e-09 5.763423698375192572e-09 2.311842563489187183e-09 -1.405548786002150029e-09 -3.746004842660697646e-11
-1.361339257566326842e-20 -1.868862338815008949e-09 4.787334976810536838e-10 3.190458665894819906e-09 8.542301139682533739e-09 8.029248581178719594e-09 7.956545605158680908e-09 2.702805264038548532e-09 4.673285157466181637e-09 3.950093637389323726e-10 -6.006555677365643757e-10 -2.758718384928631482e-10 -9.581288426411107683e-12
2.178282291683663775e-19 7.182942718428594579e-10 1.113911861913520164e-09 1.788043228375348700e-09 3.464606348009806514e-09 4.527236338255315619e-09 6.434089085572693138e-09 4.930778107742328664e-09 -1.432955857448042289e-09 6.305092914615943814e-09 -6.880411169435359550e-10 5.680819409403985030e-10 1.468310584013638097e-11
1.852028161556106693e-19 -1.789888028622812080e-10 1.736928929195080946e-11 2.219795090802394531e-09 1.709465983820046599e-09 2.208780631651947524e-09 9.155031565593842697e-09 6.321161950059584630e-09 4.452443716103442070e-09 2.916715363029639409e-09 6.105401170335274573e-09 1.622372573371371998e-09 1.776284078992955911e-10
-1.118617697118256928e-19 1.516869730146967497e-10 1.490955727516684265e-09 3.715448326770800038e-09 3.710049971628013139e-09 3.284656758864065693e-09 6.187799718252978073e-09 7.528008230312010992e-09 8.105728763239479312e-09 6.471098325901592128e-09 1.090521457588403691e-09 1.157173738875299023e-09 2.308757878029201673e-10
-3.960304738191570115e-19 4.320524523479379799e-10 -5.189478955344243155e-10 4.695912907313580938e-09 3.408864564446376826e-09 1.101864333574031960e-09 5.572852988157597590e-09 6.192767384421364148e-09 2.471002450916826108e-09 1.138242652012969671e-09 1.243660786144486172e-09 1.244576330711374961e-09 -6.222396238087596463e-11
3.125805931231407768e-19 2.384251488126036624e-10 3.220062671081381018e-10 3.404052778832513172e-09 4.868748649161375911e-09 6.498210992102416948e-09 4.872897711677371249e-09 6.203030870039953424e-09 3.618736881528615311e-09 1.027272160101686570e-09 -2.283647970505602902e-09 1.605733016670532281e-09 1.120595703609901095e-09
-4.155624103985540177e-20 -3.883107239429278003e-10 -5.588846893823013715e-10 1.300042372755305741e-09 4.662319076695788291e-09 6.608620397845194916e-09 4.906788794099491768e-09 9.794225952477579591e-10 4.801970977484630545e-09 5.848952739947386304e-09 7.268646227858019399e-10 1.099090871644010222e-09 -1.903095270486706399e-10
1.690253445780655230e-19 2.045288172811774250e-09 5.710208296016895134e-09 4.680787410277460951e-09 6.620676620238638474e-09 4.921044993300780994e-09 5.917311771025244808e-09 3.169960206836571810e-09 2.966137493157143714e-09 3.938487078880347692e-09 1.177209310401782240e-09 -7.796559427709880323e-10 -1.195360733070934536e-09
-9.066506048243225189e-21 1.181433275607511771e-09 7.661490961756767545e-10 2.484074194478292491e-09 3.383651191854734273e-09 6.431137029450294630e-09 4.630824636819967756e-09 8.438909788856184435e-09 6.083458299247982267e-09 3.341105962839652364e-09 1.853702327343008974e-09 1.183558255307857368e-09 2.627787508859203736e-10
2.592687176079658149e-19 2.805983367169500628e-09 -1.198131585285912917e-09 1.982818535885491647e-09 1.520439941453705733e-09 4.134244664191162927e-09 1.689645465362654813e-09 -2.187396997076771570e-10 2.215152619258636723e-09 3.806494708049692418e-09 2.752256237997100399e-09 3.306805918213821031e-10 -3.122884314150864633e-10
1.641196917613761519e-19 7.621661206834313556e-10 1.937841346109849005e-09 2.774314638655300142e-09 3.777897209092811307e-09 3.004819487679586714e-09 4.279728916587856205e-09 7.245755166352902983e-09 9.665039826788083966e-09 6.048353230050915676e-09 1.524214434311657786e-09 5.235034201273733017e-11 3.535245871415741616e-10
1.879411955997874845e-19 -1.414992729471767685e-09 -1.518399407340760904e-10 2.460591147742582371e-09 2.369364530951142201e-09 4.127911989642188178e-09 7.138709737530654663e-09 9.633368787154293123e-09 9.650815172613880153e-09 3.376676172002452543e-09 1.940815140459807147e-09 2.102250648070442045e-09 1.077720737168805443e-10
-7.046405868435070228e-21 1.735184547424605838e-09 1.616797698152624845e-10 1.943516807062162984e-09 1.276319283054435851e-09 3.300752459335096507e-09 5.180132838496655706e-09 8.807613692084729696e-09 6.878879197998663271e-09 7.301563494941491571e-09 3.789931634916172178e-09 8.592033364988629111e-10 3.075259760320734375e-10
-6.446073446911814277e-20 -1.074595250809412697e-09 2.981466487897083877e-09 1.240153997609674611e-09 2.467007071336891912e-09 4.607078474164349169e-09 6.158038491973586416e-09 5.101821742273703986e-09 2.766837772694503337e-09 5.088009028421273390e-09 2.903959090056699766e-09 1.055602037496878616e-09 -3.273425227268394935e-10
-1.198089707169079155e-19 2.397962165012843103e-09 2.612677112221333841e-09 7.582742794968989784e-10 3.266392911412402898e-09 4.149982604287515524e-09 7.731863762312793285e-09 4.083070016045439464e-09 5.643839694156026183e-09 -1.756352702284234520e-09 4.450464351896052746e-09 -4.129688764764396125e-10 -2.045419815881155913e-10
-5.148945168770518295e-19 -1.380876407672761701e-09 9.415939757829531292e-11 2.710886174625524949e-09 3.193182394145094721e-09 2.300116588730743072e-09 3.302632176312768791e-09 -8.259167424092697571e-10 2.059587001226661486e-09 1.889757608286407887e-09 -1.185158874354941731e-09 -2.693708610959245899e-10 -1.149027360155502860e-10
-5.146087160258626440e-20 7.882062757466684995e-10 5.784275679125166333e-10 5.421346178232027215e-09 6.595206227778839290e-09 7.356757601650185409e-09 2.963053773433569711e-09 7.739331651907079481e-09 5.113900030639216454e-09 -4.692226500501787156e-11 9.528320112399728616e-10 1.858117752058725259e-09 5.332794087748350853e-10
1.059954550075628109e-20 -6.476551259107435478e-10 2.567638350051536586e-09 -4.598856238728123037e-10 3.040447416216926552e-09 1.380211505948826865e-11 5.280179506924764114e-09 3.200991048700869059e-09 2.075628605402131463e-09 1.814179932503992898e-09 4.137944529638483607e-10 9.468988409223561275e-10 -2.832158794529069614e-10
2.307823656906822053e-20 2.783111976099785973e-09 6.225824836117580196e-10 2.319214954411677090e-10 1.668572889874761763e-09 5.984504813067822936e-09 8.914799440658740846e-09 8.193476404196481438e-09 -6.317178024777349332e-10 4.668613404246193038e-09 3.865516585066787900e-09 5.461610975542198097e-10 1.118948476230152482e-10
-1.096728801757808295e-19 9.219169864694918047e-10 1.644970718499488640e-09 1.140662211141000751e-10 3.714111514532156092e-09 5.466093206744425270e-09 7.520607520884325828e-09 4.832873462806003626e-09 4.438302291592462817e-09 2.476458024365879763e-09 2.074584674900759344e-09 1.210225866121725311e-09 -4.888729916388970526e-10
3.180180806712235327e-21 -3.090025280407250271e-10 2.780188394681072943e-10 2.837459744351644093e-09 6.360455138910250793e-10 2.848568877580084557e-09 1.055799746936445298e-08 5.965134356787638757e-09 -6.685072785450369499e-10 2.833394012310821427e-09 -1.947402589474704199e-09 -1.247968710693609788e-09 -2.594074445861542282e-10
-4.167021744616544350e-19 3.381277972293831794e-09 1.613889483715027835e-09 9.266117267792201062e-10 2.738115822673386572e-09 4.720085230962846125e-09 4.829325453343842996e-09 1.366280475452438748e-09 1.126233563079538294e-08 5.474339335493811910e-09 -2.113709074256508402e-09 2.345636049801041722e-09 3.204918564859784149e-10
-7.392368759784801570e-21 -4.502435443107252964e-10 1.385850040460880324e-09 5.539125788919289090e-09 8.760641161804440172e-10 8.101232489575332795e-09 5.679166100123857001e-09 6.708581935608720605e-09 1.903425669273423427e-09 -2.143376280534815764e-09 -3.326796799231200495e-09 1.348948654993964151e-09 2.919419858225330765e-10
1.143088687482748138e-19 6.647286952239076761e-10 6.168279892806502067e-10 1.579873741315757486e-09 5.727782770181055752e-09 9.258043120327501747e-09 3.682384289556124273e-09 5.043605475206727245e-09 5.427025743076762468e-09 1.404736583875580759e-09 -1.895071944893461238e-09 1.631918217863110840e-09 -9.122636594111947502e-11
-7.662102877874449997e-20 6.947168359355235091e-10 1.386101459727329931e-09 1.693557383339896410e-09 5.395752250574546003e-09 6.802937948445864786e-09 1.049847345306055534e-08 1.415158643713068850e-09 3.140048356765322066e-09 4.075332234498407145e-09 3.629274290476039654e-09 6.506482967510837399e-10 7.676905083815152114e-10
-2.885500300025329073e-20 1.416456784003195597e-09 2.448868286555093920e-09 -6.935816334511965767e-10 5.245782739264398062e-09 8.888904739482340244e-09 7.953882232658776500e-09 8.592105456421166330e-09 1.994515038887914898e-09 4.955622887086327168e-09 6.014986203384940895e-10 3.947218503811092274e-10 3.210026747877770972e-10
-1.105167688595526472e-19 1.129433834781910233e-09 1.203532717124809111e-09 1.926908836260525438e-09 1.042557069755427449e-09 3.488747908812742672e-09 2.090746784320347558e-09 9.359505539695451599e-09 1.371100186364353406e-09 3.053315020798732737e-09 9.435757223292294765e-10 -1.897980671021094322e-10 -2.335279571843207564e-10
