9.645968428707690730e-19 5.890825003393325112e-10 -4.526289897225535061e-10 2.259851806932903837e-09 2.714218205739932008e-09 1.943750241100952856e-09 6.303771131779811340e-09 1.360917872263596822e-09 2.347433328345660877e-10 1.277723964414071515e-10 4.819718238671611626e-09 2.492972133924860856e-09 1.790349725864981982e-11
1.092171770941578811e-18 6.439368035469906519e-10 1.396116243553415435e-09 1.655154574371102467e-09 1.876995362103669646e-09 3.123027984772709935e-09 1.785893467253195218e-10 6.463365487784087110e-09 4.289557715115982382e-09 1.073468518573933013e-09 1.020458532691546531e-09 5.816734537420082184e-10 -1.958464691591370047e-11
1.527389327372519614e-18 1.303664421158737832e-09 9.020630058338783268e-10 9.386771796726206902e-10 2.506552874461276995e-09 5.156959998820277435e-09 1.261327942568716905e-08 8.906872708713122602e-09 6.340316174137251140e-10 3.783274489337502621e-09 3.595365646508499195e-09 5.603133681978956535e-10 8.144972075418675129e-12
9.547445254817728778e-19 2.796101468471713534e-09 1.217452249014698708e-09 -2.153129601088806792e-10 1.693833766237492029e-09 7.219294962767596988e-09 8.607791545546903558e-09 1.173645704662750783e-08 1.224927727058272781e-08 2.053128757649481276e-09 7.519716633181883860e-10 1.133925425979381454e-09 2.481338070328335393e-11
-2.342989828075838476e-18 2.252741771868846722e-09 -1.215721264107233442e-09 3.742387224480241354e-09 6.457280148149817315e-09 6.171997758397418354e-09 8.410097303176912988e-09 5.265316861655922366e-09 3.473968471178952979e-09 7.766268850177794355e-10 2.007003846397756008e-09 1.023051465286457723e-09 1.060326237676541139e-11
1.837927562524231701e-19 3.466471359411517018e-09 2.325992549853877444e-09 8.304710522137699812e-10 2.744431336897475868e-09 6.521486926510134260e-09 8.691866159428410285e-09 3.811599685816834747e-09 6.048532539537901487e-09 -2.759181722738753328e-10 1.676589176380795477e-09 -6.579477234292766726e-11 1.361732237322140188e-11
-6.612675515343903019e-19 1.182202083578601161e-09 1.215408745081839323e-09 1.863345174835305749e-09 2.808525146836339101e-09 3.320638603495836692e-09 5.863026514103037659e-09 7.252303459123219958e-09 7.942692403463176861e-09 7.620131107493449196e-09 1.102574459716430480e-10 -2.295867084398287259e-10 1.889971261185237811e-12
3.475084398975491869e-18 1.155002175332040961e-09 6.443032289694910041e-10 1.027703270506255179e-09 3.376196433467722284e-09 4.284123739429060504e-09 1.534161729815185163e-09 4.025972787936993898e-09 1.609925050169711319e-09 1.011481840692790267e-09 2.455452998849740382e-09 -9.166578318782510660e-10 -1.877155045837541875e-11
1.943986235733930075e-18 7.062304619738601060e-11 1.557703731721501591e-09 7.996445394471474487e-09 6.097655384325542396e-09 5.892823090920243641e-09 4.270416664375264145e-09 4.383028526869494210e-09 -2.799567482676147269e-09 4.721739032955814004e-09 -1.108324650724088460e-09 3.157716607383110553e-10 7.060215567016810691e-12
-1.895602808457558003e-20 8.803993059271385502e-10 -3.354005027148066711e-10 1.862017541396105045e-09 3.970244106383926226e-09 8.753506034037138726e-09 1.068775049374904180e-08 1.809703008385617483e-09 -4.067373862321499054e-10 7.180001445593859582e-09 2.722775218173904692e-09 1.822662408285441299e-09 2.067707013608558794e-11
-3.227006234341981436e-18 -1.385070956429685032e-10 5.303613031770482395e-10 4.262984879336056369e-09 4.963699229996037200e-09 6.343869297584483014e-09 6.887577224237350079e-09 1.922430476210754701e-09 4.355276713858608448e-09 1.477552728294141707e-09 2.655215670964793071e-09 8.721882850031958902e-10 2.291411986868265206e-12
1.422962891980108956e-18 2.214224872476758058e-09 -5.816053968930884252e-10 1.989889943485819527e-09 2.578116538970340544e-09 6.358001135319357431e-09 2.123284885243122319e-09 2.516877848847987459e-09 -1.076789716639886510e-11 -1.386760276973213462e-09 4.213198419834688970e-10 -2.419380452132383434e-10 -1.743982409189647852e-11
1.195309749056462003e-17 -2.220392971162322575e-10 8.696224497851807782e-10 2.795384289268442501e-09 2.443108786881680093e-09 3.373870066876164984e-09 9.529060048945523171e-10 4.323028322867216942e-09 8.531809655742636284e-10 5.349208483800602537e-10 3.439891911592588439e-09 2.025740903127465624e-09 1.052010000025663357e-11
2.357864443460354815e-19 7.740488372169508624e-10 -9.788527876571372472e-11 6.169464543544080226e-10 9.980715014004700373e-10 6.533194787281846348e-09 7.262876564059773110e-09 5.964831261640939182e-09 2.526374930399154426e-09 4.945927007382832615e-09 1.031154449958421635e-09 3.599435106039442852e-10 5.132319201634875254e-12
-9.166447614382307446e-18 9.772856664306244479e-10 4.214822474921750878e-10 3.505740369235922233e-09 6.016326813134106797e-09 5.055331336192158762e-09 1.664671731782135251e-09 5.041951698423236661e-09 7.255663195663608139e-09 5.282816847098901807e-09 2.616430295923291970e-09 -5.086477340404625671e-10 -2.878870534028164781e-13
3.739333030359874193e-18 -7.268670688045171113e-11 1.242221308857374600e-09 3.834385142128988664e-09 4.578938481395850493e-09 7.382867509438517696e-09 1.276578944131531479e-08 6.544460067057891093e-09 2.354030145620387229e-09 2.708577282132819913e-09 1.945575918064796314e-09 5.875932512368631486e-10 -2.033609893300610297e-12
4.680315280409986735e-19 2.288175062368117352e-09 4.109960354797123792e-09 1.779954288426032999e-09 3.783789280180153649e-09 6.246116005421080245e-09 1.718193422918260913e-09 5.692599067065729972e-09 7.167140381719855745e-11 4.168768415692898945e-09 2.277556555976864527e-09 6.471617923315569098e-10 1.864802413119088617e-12
6.665748585096312639e-20 4.881558231125962612e-10 6.447329356404995457e-10 4.715196835885479968e-10 2.894104456298983607e-09 3.249086992641147606e-09 6.421773232238322985e-09 3.494102848989796412e-09 -6.426002548319447471e-10 4.505517049185845992e-10 -2.348149930790084355e-09 1.102165791042316633e-10 6.892649909081886214e-12
9.587741814376066782e-19 -4.198321476871490335e-10 4.339502039495614468e-10 2.134199848342176079e-09 2.467892064953563571e-09 2.961871291725454904e-09 4.281596502889123816e-09 6.170505835680940230e-09 4.549070568271929273e-09 7.113597832682040051e-09 2.507288427972195441e-09 1.282882603410612305e-09 -8.595447258328059376e-12
2.002015013829707791e-19 1.270042022101973876e-09 1.571302420959413673e-09 1.859465474703634003e-09 3.388774538188874434e-09 6.522970129821953329e-09 8.472396351353372843e-09 2.947529066561051454e-09 2.574228384663050721e-09 -5.025027108906239668e-10 -1.567063889591509235e-10 1.579294969387823941e-09 4.284831433203459564e-12
-5.255225805465302023e-20 1.400362440856560231e-09 1.466896114569625303e-09 2.126406832063084446e-09 3.581765243433460068e-09 4.025224560723342902e-09 3.224381697786167423e-09 2.699167945157867568e-09 -8.445526674991800436e-10 4.065239134182753401e-10 2.313245871553314140e-09 -5.143706049146472234e-12 2.460839294618304696e-11
-6.532740336685763119e-19 2.588143376954360979e-11 3.648555607840341590e-09 4.815442378010065170e-09 2.738663967083322940e-09 5.395544897139947420e-09 7.203323717041307634e-09 5.546177336568825155e-09 9.762333410956501850e-10 1.616162013110281191e-09 -7.282891459476194447e-10 1.453252164664392920e-09 6.565822130476690136e-12
6.411985651412200693e-19 2.259775197950238116e-09 1.773033355978699041e-10 1.334460702881321668e-10 1.172927832165751838e-09 6.165256597222518602e-09 1.488594791516771272e-09 7.968312240396137014e-09 7.517839422861371248e-09 3.353986580905206059e-09 2.980491431856219220e-09 4.860653927164601973e-10 2.836588710344554527e-12
1.164898403057224266e-18 1.569011605750943054e-09 3.026090232686943017e-09 4.418178138676961962e-09 2.411985871147101057e-09 3.236204534576800430e-09 7.247009601897454776e-09 9.708094511535186165e-09 4.904337174777363482e-09 5.182815804726071616e-10 -7.775700417605318279e-10 3.076162184198587271e-10 -4.036926491699936695e-12
2.726517089014119949e-18 5.462555755179557559e-10 3.561132458626271258e-09 5.243890527805877635e-09 3.112182303651971188e-09 6.343222971653402871e-10 9.887099453341265948e-09 3.830200816724005986e-09 2.945471967937717604e-09 4.624603434531506856e-09 1.712369779016573660e-09 -5.202922323529888476e-10 -2.065057275123489392e-11
