4.151277527005505833e-18 7.803755806437981915e-10 -4.141710883304835065e-10 1.505754771347015286e-09 4.263975905613799293e-09 -2.616326025239080194e-10 3.192936608236245724e-09 8.005606891723975740e-10 6.697536258488302513e-09 -5.174997769065732388e-09 -3.691144135067838374e-09 1.373895097179729222e-09 8.111113692061005666e-11
-2.190856811387556310e-18 9.759809647471795167e-10 1.575677807164545677e-09 -4.014132679642181436e-10 -1.044434215155709683e-10 3.638300506233261582e-09 3.909871693820547634e-09 6.822542063586581901e-09 1.292947419431391964e-09 3.342485482145123585e-09 1.793156499534408943e-09 1.976255669894859402e-10 -2.051175394774465488e-11
8.035137585044511032e-18 -4.353357576481118483e-10 -4.904563038398503025e-10 -1.704816228916429026e-11 1.188816687431383522e-09 5.623346617905842004e-09 1.057251078078676590e-08 8.311179234545477737e-09 1.039191508400794260e-09 2.415187245534115734e-09 8.987839882851840548e-09 3.024219342425542623e-09 -3.972332211444807418e-11
1.439426372925318094e-17 1.875312355533887654e-09 3.462939597416404251e-09 -2.054749778930287152e-09 -3.304211874100056327e-09 7.678080621594006707e-09 8.897860798843024098e-09 1.015259408743525683e-08 1.699043135431636372e-08 3.554396225362696453e-09 6.516189265463623099e-09 -2.306337609149301425e-09 6.369137317670373081e-11
-2.652841703003510313e-17 3.610861064618912688e-09 -1.310927217868112126e-09 4.875010173602203065e-09 6.707875665872642691e-09 7.592915059540362818e-09 7.839151534497819144e-09 9.893839277847007195e-09 8.393567631939859085e-10 3.560497265047862299e-09 7.896826137088261053e-09 2.195398723082705040e-09 -8.414630296494914559e-11
2.628357709692981826e-18 3.093285679828019188e-09 3.208682433349945406e-09 2.359905200382427612e-09 3.227553932413260164e-09 7.279077818660599230e-09 8.930334020484304150e-09 -4.693479869513454896e-10 7.269338521748120150e-09 -3.364679107252597735e-09 5.606954525151375866e-09 -3.605435919784196781e-09 -1.901276296348389817e-10
-3.981064168797318963e-18 2.150855414952770573e-09 -6.074025149332848094e-10 2.948565879350029323e-09 3.469467930997719711e-09 7.072729961664756058e-10 4.374928896702824028e-10 9.156022742091439523e-09 6.082427286932532406e-09 1.398479206183261836e-08 1.032388713700382287e-08 -3.879420166530042638e-09 -1.867306807557148792e-11
7.011746137777345943e-17 1.276348242617027259e-09 1.020503635453834403e-09 -1.564759090637391012e-09 4.781434679912000249e-09 6.580717703317581233e-09 2.879595134546246976e-09 7.569706818124147736e-09 9.483958260642575094e-09 2.241481927394437022e-09 2.962449333882585984e-09 -2.236386326867932264e-09 -6.268464465524179308e-11
-4.641257148645748607e-18 3.417709674547085195e-10 2.541298834682795450e-09 8.473954709580409921e-09 3.978743124467480992e-09 -2.103409158615577855e-10 4.703399849917289451e-09 5.101866753009573078e-09 -7.548115370840739798e-09 -3.302073547323460101e-09 -9.721317269573998394e-10 -1.647214058254568085e-09 -2.873260478089801355e-11
1.914624351928428203e-18 4.992530713029712138e-10 -1.170437369704038098e-09 1.282835063312697885e-09 2.008404615445484111e-09 1.148054155675788592e-08 1.132608017715304887e-08 -2.540806833866621218e-09 -1.178734388684825215e-08 1.114326679159165855e-09 -4.521830650235626210e-09 3.913146314594911559e-09 4.328564024765330988e-11
-1.527686599684233193e-17 -2.644133039828456747e-09 3.286111962904995841e-09 5.696056026538657940e-09 5.834147167516986368e-09 5.847691462601416425e-09 5.139634421649067896e-09 3.502532679035921252e-09 2.240714886975758897e-09 3.317507494912728476e-09 6.942307107389836888e-09 -6.681217271608256505e-09 -6.375078526466670602e-11
-8.123589608184027261e-18 1.988893706677553309e-09 -1.663200861130597813e-09 2.199607777429231071e-09 5.435289071307827502e-09 9.315728687057167869e-09 3.276568183391139156e-09 2.334305887959562222e-09 -9.762563780916065438e-10 5.823555045508482244e-09 1.715366268459250638e-08 -4.956391755613688341e-09 -2.136847437502452969e-11
9.208020521856541397e-18 -8.477363031389053414e-11 1.879689377213266854e-09 5.563692368120650876e-09 5.844657814987934169e-09 8.292696785812750202e-09 -2.638861781241654961e-09 7.029184250553417360e-09 4.245389174663179193e-09 4.655482931626068918e-09 8.439084340268985980e-09 -1.740365438100426472e-10 9.721346077379104453e-12
-3.583428706815055493e-19 1.283413415356310147e-09 -6.617803177988851518e-10 1.237392364039293715e-09 4.451139199382509827e-09 5.035980892939632237e-09 5.836261312186510202e-09 9.651489561716179160e-09 1.340027635812171094e-09 6.929919271124161869e-09 4.061101763904932677e-09 6.604740392996142026e-09 6.433182784073896917e-11
-2.822496202357591136e-17 1.404454044287647743e-09 -1.492493098198616559e-09 4.508889064378074744e-10 7.777670275073158097e-09 4.069728387673104366e-09 5.234840148687834849e-09 6.817883755463610240e-09 5.510514834395467415e-09 7.269750562195059060e-09 4.257844034904040572e-09 -3.380253423203984138e-09 -2.343579907529173084e-11
3.852801160747990093e-17 2.356690891430799732e-10 2.675811546044784786e-09 9.965987763542936761e-10 2.591058696629765446e-09 7.488867462457106785e-09 1.075354683860144969e-08 2.661336016220183598e-09 -3.989165939379173133e-09 6.289139428048197243e-09 6.175634249255227477e-09 5.132681399119772019e-09 1.454580642862021830e-11
-5.047898365672618576e-18 2.238629366044215142e-09 1.631238609902423144e-09 3.198858876895314293e-09 3.967512169731010823e-09 6.249012125660338663e-09 2.721071362674197427e-09 5.568017376977495155e-09 -1.581499944319710980e-09 -5.434671095205022534e-10 1.128736265746305490e-09 -1.520323081157317750e-09 -4.681279370408132026e-11
-3.197522339110106156e-18 1.070420168924848469e-09 -6.163385098902203571e-10 -2.870376636294628101e-10 -3.397667808046267923e-11 -5.137410467378432170e-10 5.734517242965943636e-09 3.893459033451052043e-09 6.764610211450698993e-10 4.652969860934830319e-10 -3.808649964302469427e-09 -5.035619652512027497e-09 -8.162121538584314835e-11
2.564444601874296952e-17 -1.090881703100992360e-09 -3.492316623319004001e-11 1.903509813432523219e-09 2.096756433028286431e-09 3.306697022704622655e-09 5.626272305192500729e-09 3.697030583936765638e-09 4.751039654781394340e-09 1.099029736771373778e-08 -2.760802553337800957e-09 -3.654745396563241779e-09 -1.878833876886585677e-11
2.378597193783886403e-19 1.318150665603687793e-09 1.033291429246021167e-09 4.406456750855006864e-09 2.750186453960075171e-09 6.941708639944274652e-09 1.530204063756884937e-08 7.205771780679550064e-09 6.151278855784117018e-09 2.368670771838247371e-09 1.357261635577524051e-08 2.062605727512482587e-09 7.820328301464410878e-11
-2.570840253381230231e-18 1.151063752621133229e-09 1.413486638267635406e-09 -3.085045519428763142e-10 1.960878843490939749e-09 2.328149364432079333e-09 5.334795574003152297e-09 5.642159872649892453e-09 4.322276355833741897e-09 2.547166402828678515e-10 6.173766054737642480e-09 4.214336073477763338e-10 2.785513180757146092e-11
2.368298151256480551e-18 2.239167017303814455e-10 7.486336622208857879e-09 3.808657256806377409e-10 3.091652337398308163e-10 3.472809748222728057e-09 1.152430001266663078e-08 4.603925459336722210e-09 5.704327034415527842e-09 2.534774761894241155e-09 5.358870857998883244e-09 1.768198014988859224e-09 -4.740501288164734479e-11
-2.534996499423614934e-17 7.802473109713058533e-10 1.989931050163210900e-09 2.077347514145353952e-09 -1.190389857504627763e-09 2.547648490274664992e-09 2.392105614583590592e-09 1.116881913625854153e-08 1.472842418412378270e-08 1.240599021830571183e-09 5.125684363239248388e-09 -1.938740972692406147e-09 -2.459909797727887098e-11
1.204242525629533993e-17 1.300861198584470389e-09 3.421509109393759403e-09 7.011247657160203838e-09 -1.408913940037325928e-09 3.469441889225370490e-09 9.591152662471469438e-09 8.284908015544836191e-09 1.101504251659093196e-09 1.157576588173744891e-08 -8.544008763721710989e-09 3.516279392709331070e-11 -4.687806027955175806e-11
3.007258457079046927e-20 -4.599299028023248595e-10 5.238957218820298889e-09 3.818614234948899941e-09 4.207804754470801352e-09 1.025271761555013421e-09 1.198186570953102770e-08 3.775453302022208902e-09 8.130254659757129638e-09 1.135740562529809379e-08 5.334558217164308319e-11 -2.917040879169004721e-09 -6.497583406022863811e-12
