3.699837628545607340e-14 1.881244113319557705e-06 -9.652238903479095258e-06 -4.826706011245664906e-05 5.308128548208544272e-05 5.530360338302294388e-05 -5.073046557722051133e-05 -5.834181429379423425e-05 4.851596388547990804e-05 -3.145936000946993977e-05 -2.944040444341217014e-04 -4.374165157336043562e-04 -8.209133026264313392e-04
1.295031222795729958e-12 7.446445705249762344e-07 2.404752723106159617e-05 -1.725088895309243112e-05 4.053239727006319090e-05 -1.259345896662066108e-05 -3.146175978057276225e-05 4.111339302688679013e-05 1.945892049208184900e-04 -4.633878075145633009e-04 -2.716504276557013412e-04 6.789335511770791835e-04 2.348105878686020066e-04
-3.045116249686881654e-13 2.933640289295229197e-06 -6.831429846544756950e-06 -3.570160586957362987e-05 9.091392119725598704e-06 1.170956375265843290e-05 -5.474721838263150699e-05 1.474841240823429513e-04 -1.157151754912779214e-04 -4.152464287936177205e-04 2.078792324110498302e-04 4.882614218646828146e-04 4.613378932677066340e-04
-3.719434831642762457e-13 -4.004259760557832679e-06 -9.279342631939424327e-06 -1.889846733150045392e-05 -2.558187929444829587e-05 -1.519353711506443755e-05 -5.014883232563850558e-06 4.019381379286983560e-05 -1.638864804235188002e-05 -1.198117470436472744e-04 -6.704419383030027057e-05 -5.312496129200051367e-04 6.764060515832612643e-04
3.513568079250944622e-13 -3.088447823174084635e-06 1.601834426476205783e-05 1.297264562883849996e-05 -5.653874738525541418e-06 -1.417785878662198691e-05 -4.507077983296762948e-06 -2.392716458420251506e-05 -8.287054408755629737e-05 2.990427419959741174e-04 -4.745252250145022034e-05 4.575081009745724918e-05 1.149670558553616217e-04
-3.082913767448386667e-12 8.439666205497431929e-06 -9.875658516875721133e-06 -9.634242087642794150e-07 4.924752625354356827e-05 4.035150007453654951e-05 -2.815644016078137804e-05 -5.091082800198082087e-05 -2.235827300585689929e-04 -4.865098469500210077e-04 -3.321149143962288182e-04 -1.057595255814558271e-03 -1.176440745388473308e-04
-2.317629031194564901e-12 -9.329382757186066894e-07 5.050115912430255740e-06 3.102761780667659768e-06 4.105438069179317674e-05 1.445933527502676110e-05 -2.063640522748588172e-05 -1.319961979024344317e-04 -6.829022524281097345e-05 -3.686463087674300611e-04 -1.163592906971661120e-05 5.565833751634819798e-05 -2.166438690180204731e-04
-1.085902433765326832e-12 1.034290490774634722e-06 6.160176558122758576e-06 2.269652475878520346e-05 -2.920644256169859987e-05 6.582252954632083809e-06 4.812239682732164452e-05 -2.303771579432423066e-05 3.447966003782304990e-04 6.571116906127099950e-05 -6.377882520666512157e-04 -5.613336140808154002e-04 6.795858110401829496e-04
1.261009369491460523e-13 -3.912821901566796095e-06 -1.873866217884022922e-05 1.460592131213495904e-05 -3.741016247589299895e-05 -1.221366741793245740e-05 1.054394031616388030e-04 -1.288774716447184041e-04 1.696025199573971862e-05 -1.328513457725633787e-04 -5.602704007011972400e-04 -4.584345273607015711e-04 3.686343661798672524e-04
1.850658041608823995e-12 1.313068537183292085e-06 -2.702396218336939328e-06 -4.005776592978527319e-05 1.320930631510388725e-07 -9.845392588335090902e-06 -2.312827300798129968e-06 -1.118801203565607530e-05 -1.377873850808776946e-04 -2.325230644237662311e-04 2.659333488964042160e-04 2.043140774726699986e-04 -4.214947485539033244e-05
1.914629293861873439e-12 -1.484401977017241104e-05 -6.263172339247565867e-06 4.929828778340415554e-06 3.873864426656151492e-05 -1.686810730433415846e-05 -1.259831547507534474e-04 8.616917184246203790e-06 2.016027549527540919e-04 1.912688647758348771e-05 -6.608331365606220703e-05 6.826723057185750745e-04 1.099888435701675080e-03
-3.726378616891375177e-13 -3.800230122961508023e-06 7.983645951095572025e-06 -1.352111848598630470e-05 -8.749783194938087595e-06 -1.930148063020168111e-05 -2.514307940578768942e-06 -8.043751661403271384e-06 -5.684216968991470137e-06 1.064052499389867793e-04 3.823254107185778913e-04 1.112157064574864239e-03 3.746291528539473210e-05
-7.555454960534985521e-13 3.858699709792626015e-06 5.427845137901573065e-06 1.059254035081978163e-06 -2.648238696854891131e-05 -1.459225401492837805e-05 8.999951824215123627e-05 1.578046447512511906e-04 1.852606520195859447e-04 3.083853839808839230e-04 2.805635266488333999e-05 1.050404414803168167e-03 7.476461479056383972e-05
-8.609636212429815503e-14 3.091219433922917593e-06 1.972569820421805564e-05 7.915238155791894133e-06 1.466638347682838941e-06 1.241319943529369149e-05 -5.604156232656773705e-05 9.029183020617128589e-05 1.928486087730463445e-04 1.939665645964155785e-04 5.106185268986680433e-04 3.297607993141941658e-04 3.610482560608637998e-04
-1.145267639578936540e-13 4.006124783221303737e-06 -4.287134059241111305e-06 -1.097737806374416997e-05 -4.598207947049091915e-05 6.546939339219268823e-05 5.689429090791758847e-05 -8.320741078684650580e-05 -1.378604031489054687e-05 -9.404512365688778755e-05 1.066261031640022215e-04 4.475803362237848238e-05 5.802667075484584797e-04
1.515129028668267196e-12 -3.310866763874942005e-06 -4.883859493018269938e-06 1.797455530863222530e-05 2.815673141806474843e-05 -1.592576032113018008e-05 1.104431060086687888e-04 1.036662391035061661e-04 -5.608439520350127924e-05 2.329134218775117228e-04 -8.648063699159064461e-05 7.644733735680622234e-04 -1.004925413476535798e-04
-3.293248192553327941e-13 1.715285818254842234e-05 6.848970675334683488e-06 -1.803835593863522727e-05 -5.833890741281047581e-05 -3.370821953269360856e-05 -1.325104232720267695e-05 -1.286739687753332760e-04 -1.107642388847606855e-04 -9.522043509012015819e-06 -2.816728585721980471e-04 -9.606154037804090148e-04 -3.402950114827245549e-04
3.535180004921825607e-13 2.642702155206719240e-06 -1.495487837050150264e-05 -2.404433515526162906e-05 -3.180500355756792763e-05 1.795837441847426564e-05 -1.472617241668362634e-04 -9.126298674243234568e-05 -2.470097690108947577e-05 -2.637368972584694382e-04 -1.216753406574046860e-04 8.731329778164025697e-05 2.158076380503242341e-04
1.350245643090735776e-12 -3.856673235349921446e-06 -7.626850457780840653e-06 1.950751655656103600e-05 -2.346514192045229827e-05 -3.206391893809074989e-05 -5.363749881902038578e-05 -1.605260839794972667e-04 -1.864151266736658702e-05 6.471493533348190790e-05 3.614737589153745674e-04 4.405067507657459044e-05 2.434965649143093697e-04
2.550330966082054599e-12 -2.729188702557739378e-06 1.027879511075601587e-05 5.713087724648097442e-06 -1.052583509884978594e-05 -1.196656425432133216e-05 -5.761584098254709992e-05 3.975356544230916936e-05 3.727339918738085072e-05 9.486169620343055364e-06 -3.559798843300819560e-04 4.583191902172027211e-04 -3.528221636386667218e-04
-4.661426781391738509e-13 4.230293736476597603e-06 -1.816695391762055529e-05 -1.721291589359694047e-05 -6.833150570346553487e-06 -5.883017758941610615e-06 -1.173827118722126621e-04 -9.023610382338156791e-05 -3.163841036521253063e-04 5.653280420724074396e-04 -1.178661199706554390e-04 -5.319610123964723693e-04 5.814055883575699199e-04
3.803143584880839260e-13 6.809575419170726134e-06 1.244318351234857782e-05 -2.648511800853872990e-05 -3.749924499743209237e-05 -1.579520203061826199e-05 -5.025818300048031463e-05 3.453699367027539833e-05 -2.242484781954677596e-04 -2.073651347169273558e-04 1.796232503240752546e-04 -1.034298869125404360e-03 -4.664886080927555488e-04
-2.418636482756568192e-12 -2.781950869492083131e-06 -1.418450108791014846e-05 2.248490388861463865e-05 7.682624602359906866e-06 7.431470559960940108e-05 -3.054592826888386501e-05 1.485419027121204706e-05 7.995869772635547459e-05 2.752428326534730042e-04 2.789912600090881253e-04 4.990331698334017543e-04 3.249456814897957340e-04
1.855918882667809524e-13 -1.702129945435011208e-06 -6.845978620477331996e-06 1.316356477828984745e-05 4.985044082854949815e-05 2.851499965063153416e-05 -1.233495929210387109e-04 -1.915640704026100088e-04 4.635207959405016797e-05 1.453975328047205811e-04 -2.671844965119624668e-04 5.282571155547049997e-05 -4.413720293860149313e-04
1.369884834516006101e-12 1.517020135173358428e-05 8.234843882682486063e-07 1.672398646770156904e-07 2.585931224018085195e-05 1.235177479423865057e-05 3.442923306487914850e-05 7.646172433373840031e-05 -5.395358679788244386e-05 -3.439803943984067521e-04 1.802616088387702534e-04 -1.865538672966468548e-04 -2.306440997204639923e-04
-3.767180922058411484e-13 -2.304859357798567843e-06 3.993139938509183956e-05 2.273332804199488516e-05 -1.996156541208976508e-05 1.228604171313734143e-04 5.069180369222914105e-05 -5.221678829319981608e-05 1.410292866528820759e-04 -3.365575722420817602e-04 -8.977187323377895179e-05 8.853720932557280566e-04 5.618889624108225561e-04
-1.745776700117340116e-13 -1.163366210635635488e-05 4.959485701574918767e-06 -3.186342534477592386e-05 -5.467794124020212417e-05 -2.810466243577827318e-05 4.683085319606350634e-05 -6.975068409198973546e-05 1.238941122772066732e-04 2.607092230399794710e-04 -1.044969623587222634e-04 1.951748608490618735e-04 2.462605464575300953e-04
1.631853953376941442e-12 1.576285381755562563e-06 -4.537349656075693595e-07 2.556349522144261415e-06 4.788804355613293634e-05 1.028794775869424348e-05 -8.757842778872076863e-05 -1.439750594761828116e-04 8.349975095778451725e-05 4.841315465548940252e-05 3.630477798113242605e-04 -7.756205252499411744e-04 7.528371842511237327e-05
-7.223336754467587027e-14 8.405561423606145216e-06 -8.129040944349251048e-06 2.263725149035250640e-05 6.161868860368380414e-05 1.400127849082483115e-05 7.436552468009919638e-05 1.569316717763851016e-05 9.070702577041401193e-05 1.749744432498052905e-04 -3.655474870172862830e-05 -1.319844340564126084e-03 7.824091018431474098e-05
1.620253365717260236e-12 4.200438254036414486e-06 5.367809031454457661e-06 1.605963631676911562e-05 3.658248438526579428e-05 -1.212185299699415759e-05 1.757148666010831150e-05 1.009803334894699653e-04 4.918394627435791133e-06 -3.747139061980778147e-05 -3.157734783036418515e-04 3.186929848981370038e-06 5.735326641062999786e-04
-4.754535223615503950e-13 6.309499573433677843e-06 1.435472305307159594e-05 -1.405027377760190503e-05 4.107328587214884724e-06 6.389406692777485424e-05 -7.595867963419817823e-06 -1.232546148167304001e-04 -1.597070059538119953e-04 3.245171840496264746e-04 -3.040310535960930754e-04 2.135187637127367933e-04 -1.419266612596437581e-04
3.089961979652093877e-12 -1.365528340622285870e-06 -5.579113398519667609e-06 1.561349015510069238e-05 5.493764392045922134e-06 1.274651484224585956e-04 -3.808950723213961909e-05 2.768578076798722570e-06 2.235529303845057013e-04 1.496628940380312204e-04 1.915434816240522368e-04 7.338457389884570211e-04 7.440293004879857319e-04
7.405999741551951548e-14 3.667476944369474760e-07 3.295169066944649721e-06 3.081845922908235533e-05 2.915178901921282911e-05 8.603415296475138980e-05 7.144475019759132175e-06 7.492311632016851811e-05 1.996849125358387980e-04 1.180117456497385741e-04 2.774413564133579898e-04 -3.334450869545813154e-04 -2.250545447632244702e-04
-7.617876258070253003e-14 2.821221563097929038e-06 1.185597310463196485e-05 5.350043510194589821e-06 8.882975932835703728e-06 -7.691272817787400814e-05 -2.492677950435503737e-05 -1.369693062378811324e-04 9.597083544173760767e-06 -4.057996733460313664e-04 -4.413656267713463445e-04 6.685860923175238361e-05 -3.172368106054198472e-04
-2.294610533454330974e-13 8.175618791268581651e-06 5.048738114089431537e-08 8.686984112314181431e-06 -2.710967879965360926e-05 4.181203181313860737e-06 -1.015300980666592433e-04 1.625718924311618464e-04 -2.459164964288766252e-04 -5.771064963067488182e-04 -4.990309197727523438e-04 -1.019659533213537576e-03 -5.833451554198340589e-05
2.237192446708622792e-14 -8.140701664302567731e-06 1.018369297762458414e-05 -3.444151160166813167e-05 -1.441986443206432573e-05 4.988021039341014232e-05 -3.538745440917449101e-06 2.335105380049731173e-05 -7.810359838425088913e-05 1.578583052169145733e-04 2.858882823696629006e-04 6.296097905596195537e-04 -5.880464735385880623e-04
-7.345556581140706136e-14 -7.844124733380186326e-06 -1.974951292577950044e-05 2.670657351906477388e-05 -5.461815032125521066e-05 6.342184906409110425e-05 5.008113153336522425e-05 -2.767494205037024043e-05 -1.504243938006227755e-04 5.264662270149254641e-05 -9.707892353790963460e-05 1.879526288887617714e-05 5.327906959676037514e-04
8.815381887067637808e-13 -7.766613950347307533e-06 -6.122661930149875301e-07 1.389964333547077588e-05 -1.614443305818013958e-05 7.645381109022558684e-06 -9.169649601011165680e-05 2.493694393803939295e-05 -1.899045747941391550e-05 -1.260439929997884338e-04 -1.174482078744263085e-04 4.046681018608199587e-05 1.148572200344730220e-03
-1.981387263218551297e-12 -1.029964620259607754e-05 -8.316780796997340578e-06 -6.922698652205650025e-05 4.762970355996616704e-05 -7.342232672719865730e-05 -1.183460373360880870e-04 1.107126299750171764e-05 -2.087746332553054021e-04 1.493920841218919157e-04 6.118984844336597872e-05 -4.065963428695898788e-04 -2.836085279110007475e-04
-1.735342693607420896e-12 1.130186008311147408e-05 6.182940166268126515e-06 -2.199961552211526891e-05 -2.288130015568374154e-05 4.886704818238624061e-05 5.101588749896796460e-05 1.810742943112834144e-04 -4.822046152816925453e-05 2.853196655839348333e-04 5.936040796226165010e-05 -5.738610922276053813e-04 2.393316722853969919e-04
2.179379614202043603e-14 1.431742562467799070e-05 -1.315692923171553619e-05 2.491751317341606609e-05 -1.960567909079159499e-05 -3.332573200766028067e-05 6.061201561313916058e-05 5.247410911946395908e-05 -2.275855235077202030e-04 4.383571042773706106e-05 -2.698485345502157394e-05 3.294733644829605178e-04 -1.030136117183857091e-03
5.011839487218955376e-13 3.401619957141878487e-06 1.016686615486420385e-05 -1.957668020849108884e-05 2.254919952535293904e-05 -5.661575881917585581e-05 -2.076658252135510751e-05 -4.159853902081938368e-05 -1.229289285768562622e-04 -3.601172169126628749e-04 1.726782790576489258e-04 1.151738910606166802e-04 6.342094644197299397e-04
1.795122533309393742e-12 4.149834357249541484e-06 2.112019292482884036e-05 -9.398482662565055224e-05 -5.532938511265036568e-05 4.013874775236035697e-05 -1.983560212495361506e-05 2.168547570790464412e-05 8.524645204625127843e-05 2.538534403049881724e-04 1.044092692526365536e-04 -3.527451737161291668e-04 -1.162504572549802242e-04
1.767874230276346863e-12 2.373537823558070517e-06 5.886520651204943795e-06 2.331458612759800580e-05 3.429547567570820306e-05 1.040763206507637003e-05 4.236235093205180179e-05 -9.167767489742761325e-05 -1.484208151543027737e-04 -3.160968470470575261e-04 -8.522506185604465775e-05 3.346444338990738326e-04 -9.044035839549015993e-04
-9.320187145899402427e-13 -3.955872344939420682e-06 -4.510739238495953142e-06 -5.866825124483622322e-06 -4.828116827573687855e-05 -8.772876492690560044e-05 3.551174598734013716e-05 8.016084872812181831e-05 -1.559921807650015526e-04 -3.584196421922570663e-04 3.210345575566346809e-05 -2.700926152279692523e-04 6.775658845727695065e-04
-2.396500102293616534e-12 2.484740734965479859e-05 3.469428294362851165e-05 2.875001648604588367e-05 -1.618656504875056734e-05 4.086136681220126700e-05 -1.016915700382369766e-04 -1.040753235485328640e-04 -3.705176023069782623e-05 3.687612181523905225e-04 -3.504550673866740993e-04 -1.203025875386866628e-04 9.483340196786325612e-05
9.822915826004005741e-13 -1.330827887229297613e-06 3.632750201718326459e-07 4.516658438839763899e-05 -2.407470157548287270e-05 -8.011922524045237776e-07 2.677940457521249258e-05 -1.164420364436419317e-05 -7.221116233752577873e-06 -1.502603211115627021e-04 -1.688286357306808432e-04 -1.385569120801489596e-06 -2.900785884756799525e-04
-1.466001027405473533e-12 -1.467704189200627796e-06 1.079485403711493878e-05 1.635226962198208127e-05 -4.447748200683510159e-05 2.414696390165373794e-05 7.496553885299697033e-06 -1.552920580204584361e-04 2.632044509987810279e-05 6.162601451884684375e-04 -2.006495597212358138e-04 7.226181688467225861e-04 -3.780463894061910951e-04
-7.513420187632019586e-14 -6.957984689325957934e-07 -2.673388791969293042e-06 8.549245651327354445e-06 2.278644952653550052e-05 1.284453515087010976e-05 -2.021945878602806254e-05 5.963683836230492815e-05 1.128607370507413084e-04 -2.444212365393033182e-04 6.116529923287747795e-05 5.913068236341793117e-05 1.174020769510344562e-03
9.697504558912200206e-14 9.034589468419409621e-07 -1.843486769234733348e-06 1.337264223680058588e-05 1.526713990866915120e-05 8.593826254857900402e-05 8.336612993620250503e-05 -4.723797285366630700e-05 -1.349669372899731828e-04 1.245972232793717441e-07 -9.376084457723411444e-05 -2.422635362536780404e-04 7.889924839928437114e-04
1.225204210115679024e-12 6.331762018736829046e-06 1.853581340089036542e-05 -4.215260790393800917e-05 1.880480753525812297e-05 3.462098963660393820e-05 -7.257600523552162219e-06 2.119902369951684121e-06 9.512550960332769783e-05 -1.253184670950343822e-05 2.291353264508754677e-04 -3.145171245591152440e-04 -4.722053879151000624e-04
-8.312932081729113059e-13 1.076725102363247878e-05 -1.309250947560154265e-06 3.688076126488642109e-05 -1.430236559609139802e-05 -4.035443947149919545e-06 -2.114927467612594039e-05 3.447721318304665126e-06 1.908830016250621337e-05 4.572779536420154729e-05 5.507926471568008395e-04 1.469787168591642559e-03 6.211705220411389318e-04
-4.123337415134156154e-13 6.074607639329216834e-06 1.868597616628173041e-05 2.026725754612652964e-05 3.746737226178641149e-08 -5.472601959856071395e-05 -4.249489946002751975e-05 -3.430953076713047549e-05 2.003717790138348541e-04 -4.240455420879950536e-04 2.899654180099309696e-04 3.115053008365386840e-04 -2.939395596701815700e-04
1.693672098641686022e-13 8.976986324967728714e-07 1.827306096479486744e-05 4.823421141590839982e-05 -7.317498587893399413e-06 7.312962797374419639e-05 6.686177535117617606e-05 -5.940433236107189418e-05 -8.219203419773206387e-05 -3.128781097363881572e-05 6.341019704812157686e-07 2.347164128266996579e-04 2.156522549720252247e-04
1.106446075078980554e-12 8.523577713267450605e-06 1.665707911686472852e-05 1.554561067970671787e-05 2.771644739809042465e-05 5.119062834836385557e-05 -1.422685062342855572e-04 -2.674299592178805779e-05 1.130346416413432635e-04 -7.689197778350306137e-07 -3.036236746792280567e-04 -1.402070102914756413e-03 -1.221554616938903827e-05
-4.061434564494681121e-13 -2.337177400887207309e-06 2.755855496689447631e-06 1.810665188801022259e-05 -5.976546438080005032e-05 -7.389665982510098196e-05 -2.184555895119279356e-05 1.271809276882687994e-04 1.844932212785904864e-04 -3.625564081970657107e-04 2.076538208646679584e-04 3.845985135165559308e-04 -7.105994782790383537e-05
-4.569345195177763558e-14 2.477772781283222474e-06 -1.349114141855697117e-05 1.449744149439102329e-06 4.325880347971061273e-05 6.048160787461910230e-05 -1.660246295444462109e-05 1.534680420275838617e-04 2.687825381257327923e-04 4.703885485088410185e-04 7.181010342872362054e-04 -2.326699129769713040e-04 -1.019569143534986071e-04
1.633581261157923805e-12 6.132944708526175328e-06 2.741202248186965212e-05 4.079207098553169400e-05 3.783913237739688066e-05 -6.595925551038950838e-05 -8.509389171471388915e-05 -7.885214007891917733e-05 2.195291684249277232e-04 -3.374790595475029003e-04 -8.668316904782295872e-04 1.437202447069336846e-04 6.095485737443388351e-04
3.405842899174561301e-16 -6.090738774766221157e-06 9.074999058894120472e-06 2.322109739718677848e-05 6.549136170511582391e-05 2.009665902075218326e-05 -1.712062264960970313e-05 3.277541764265315801e-05 2.191385104616904291e-04 -1.488938214847417886e-04 2.638196601372673760e-04 1.600236880411793922e-04 -1.267331865177314840e-04
7.778873086714750051e-13 3.666736973383242758e-06 3.565804730079016638e-05 9.701168599066069934e-06 -1.780639917810301242e-05 -4.260638040888819886e-05 4.216230832711981763e-05 1.453531530388896958e-04 -6.412696982526949242e-05 -2.914870952900919820e-05 -5.337257906339775348e-04 6.378203023140197265e-04 -3.036153536157386594e-04
-8.589712549483121994e-13 -6.904759193671894526e-06 7.372350784551487172e-06 -8.530096847273256185e-06 5.666584192492147664e-06 6.856836341766099528e-06 -1.151257317087476521e-05 -9.048925617449959943e-06 -4.465882090159969888e-05 -1.026407448506446162e-04 -1.452535744133481854e-04 7.023276610313842388e-04 3.568345257936212538e-04
7.813345027258401566e-13 6.153852838175481386e-06 -1.854478434729527734e-05 4.288543025651360085e-06 3.094061451267424498e-05 3.249426306423408323e-05 -2.414618123048438092e-05 -2.911094866476663656e-05 2.675738761370811329e-05 -3.068841850448281454e-04 -2.910403291803151187e-04 1.030698125425253547e-04 -4.994252483778992583e-04
2.911757907307100581e-13 -6.141264934258393363e-06 -1.200884868271362812e-05 -2.036645202222125980e-05 3.367938235161522018e-05 1.509957233321714594e-05 6.225921564052328862e-05 -2.720413634932386957e-05 1.099455430052215894e-04 -2.884282637251257462e-04 3.249346687421747850e-04 -7.443254477506458045e-04 4.491628528440714803e-04
-1.868492620576230712e-13 -2.002680715428310134e-07 -9.886463797342108121e-06 -8.120392237559389775e-06 4.372467555978518085e-06 1.091444573678116304e-04 3.904625856012114736e-05 1.289914444821271421e-04 -1.033596368636435656e-04 -1.106159968886182688e-04 2.928915906811521957e-04 -1.304194743302361124e-03 -1.522047728337870326e-04
-1.641143106090661647e-13 8.326134652460335850e-06 -2.069749806858666753e-05 -2.080039924994782062e-05 -3.708697211380495060e-05 -1.909613249687367313e-05 1.302614081707118448e-05 -2.612756105016694289e-05 -1.915891579945477137e-04 -1.866624618744371978e-04 4.187627251541665725e-04 3.660756785014390551e-04 -3.955540204182157304e-04
-5.500304582924251783e-16 -9.490180079576866334e-06 -2.372190678928694406e-05 -4.642225445906445950e-05 -4.849559260081621933e-05 5.207918638058644107e-05 -5.999266251665407026e-05 1.625217559790750465e-04 9.367864467860306972e-05 8.318599844367713912e-05 -2.853733425910709161e-04 -1.583861921757560463e-03 -7.136872416072303832e-04
-3.741327570945277350e-12 1.783942483769067197e-06 -1.275741413529782796e-07 5.070199476380716293e-06 6.216632580694279972e-05 1.014979154913613432e-04 3.834329487939714060e-05 -8.972595750251404281e-05 6.217202781629546421e-05 -7.285635202324099635e-05 -2.302694503738958790e-04 -4.295793342959327611e-04 -2.464157256657193459e-04
1.432211704178233652e-12 -9.228977100840473109e-06 3.690024606448941792e-05 -3.821207297572692149e-06 -9.284259110623002364e-06 6.317471104642044825e-05 -2.057971345275890485e-05 -1.041687863959745531e-04 7.895240943932264150e-06 -2.681381277153135987e-04 5.762840301278265577e-05 8.429825816406309638e-05 2.282361345104180642e-04
-6.453562147446104545e-13 6.084905364339852854e-06 -1.699444920534490372e-06 4.536329199108841003e-06 2.590394237809645552e-05 -2.264123316753870860e-05 -2.414195530420420600e-05 2.043131124794425219e-05 -1.299676487556560326e-04 -1.960511070156611274e-04 -1.376613568205132089e-04 -9.997962593872560932e-04 -4.149633666012170663e-04
9.057347706485513085e-14 2.282576180234963507e-06 -9.010337191545838900e-06 1.248822037099107949e-05 1.723913143705162014e-05 -3.935917048242762066e-05 -6.479378671689994633e-05 -1.713506161503564214e-04 -1.664347726286397229e-04 8.263344589024617325e-06 6.073834830082250726e-04 1.261504953090579050e-04 5.411908103135831469e-04
-4.250694209539146119e-12 -2.490327376936186105e-05 3.450453128507094645e-07 -2.702824529453787866e-05 -3.158486852860508217e-05 6.131940917361869191e-06 1.092369634160017159e-04 1.344973847241472576e-04 2.053549023599183533e-04 -7.019578895582866118e-05 1.784355811166172916e-04 -2.223466278865983750e-04 -7.869236806494267142e-04
-3.423436742745828323e-13 4.035130824174621480e-06 1.391497676825587529e-05 2.213394373147634792e-05 -2.019382701909147910e-05 9.898189644880071964e-06 8.739161127453025141e-05 -6.437283947680640095e-05 -1.139842630750408895e-04 -2.742784320924309327e-04 9.721363377274555302e-05 2.815065433094213220e-04 -1.018496320664618584e-03
-2.109642284727304312e-12 -2.341032640335293268e-06 -7.675985050794888379e-06 4.759156877843950020e-05 7.549563576489879671e-05 4.644259624586640086e-05 2.215472461683625548e-05 -1.690070966512042009e-04 3.612504605187745075e-05 2.223028366961326662e-04 7.803236095810032720e-04 5.196223513969101251e-04 5.529674607135555420e-05
7.515050780647094001e-13 9.192093791421663879e-07 1.807409246325284078e-05 -3.802343455685204106e-07 -1.956132043138954316e-05 5.106830730464815182e-05 2.617949048419033976e-06 9.996514126607434136e-06 2.107155942532613901e-04 1.470340291587726614e-04 9.219503273855686812e-04 1.737261831293803631e-04 -4.853556672355562799e-04
-2.371748278111008088e-13 1.111935693714869639e-05 1.791154119918296039e-05 7.475536643470974758e-06 5.088854636401850720e-07 -1.206047141558428602e-05 -6.125431715312920525e-05 1.509989270021742751e-04 -3.047461651247293255e-05 3.329095394962127796e-04 5.113347438284028502e-04 -2.036875856126771963e-04 -8.448440769280787929e-04
2.682486769923829839e-13 4.145579044785668336e-06 2.991474207122005567e-06 3.692263152980290237e-05 -1.028374374514691371e-05 -2.902711157697445798e-05 -5.035719474110849210e-05 -1.684972081927927137e-04 1.270625685437189645e-04 -3.037740942895343871e-04 -6.808452916898277999e-04 3.114541077965565964e-05 6.652292739142560063e-04
2.119148190617540004e-13 -4.580773038999758141e-06 -8.753276524847718705e-06 3.227406548196519014e-05 -1.204642848691665458e-05 3.081319772809652135e-05 -8.834011225494969117e-05 -8.523832384033237081e-05 -1.706307597813562494e-04 4.037927692178519979e-04 3.937142563657583527e-04 -6.391153122040190077e-05 -3.050645577048318249e-04
-4.684843729290074694e-13 2.115730963908417537e-06 2.122869327755350733e-07 6.279136445535742951e-06 3.933730581794797100e-05 6.424679261881908392e-05 -4.149792329700722826e-05 1.597473035924741722e-04 1.946557525037396444e-04 -2.222634202062778643e-04 -5.684270797241360767e-04 -3.210350503887365371e-04 -5.626093478391285332e-04
-7.146470346682351170e-13 -4.482594908128492174e-06 2.795892563163644658e-06 -1.876275014104444936e-05 3.243875565203460111e-05 -6.739247307537261195e-05 1.516922103520533829e-05 -1.144646407104295700e-04 9.498013120146996493e-05 9.057224400653814600e-05 1.543019099497462752e-04 2.029317554824910453e-04 -2.566343640491657008e-04
1.368478369153680960e-13 1.713652350520259015e-06 -1.016546529496438429e-06 7.792925176847490237e-05 -2.946116554202362272e-05 -3.923681362888373068e-05 4.472437006488949276e-05 -5.157939774692257856e-05 -5.711067547700734304e-05 -3.506395493243859751e-05 8.921834706757116008e-05 -3.685083984099762639e-04 1.792703211871213970e-04
8.298140546897557063e-14 -1.009367539299927369e-05 1.488150256502739012e-05 3.771882539544807569e-05 -1.856031530150985826e-05 6.660284488206771978e-05 8.439602017904088897e-05 6.459857646607480668e-05 -3.413244338955668964e-05 -6.187866767956452915e-05 -5.149827171594865104e-06 5.280988656332978549e-04 -8.788952573815607871e-05
-2.891178352900160924e-13 6.164994771220314155e-06 7.279098734339958545e-06 2.333635001689424470e-06 6.719320114293366574e-06 3.005523291542239490e-05 1.419698985061504045e-04 6.733696452446304550e-05 -1.149207703933602504e-06 2.740020510871718430e-04 9.292604886099382119e-05 5.562743112492365017e-04 -2.033715097780585399e-04
-8.181744136942271248e-13 -3.052780698500072464e-06 1.240599091670686930e-05 1.795062279826250867e-05 4.563291351691822278e-06 -1.402652450336702608e-05 2.518457989249553517e-05 6.324544705192014949e-05 2.429102539464996153e-04 3.269481702167377057e-04 2.558656650706788989e-04 7.463330220080170024e-04 -2.179797301629461182e-04
-1.012674559064920434e-12 -6.813729772283280516e-06 4.258549603388841925e-06 1.858789023150222762e-06 -2.540690664527429560e-05 -4.178721481222730325e-05 1.020393801760818320e-05 1.075270698186774125e-04 -6.771984563552459679e-05 3.216575681131762267e-04 9.470217039883585325e-04 6.217880237958333495e-05 -1.148944969949137037e-04
3.739126354325172686e-13 1.146663505629835692e-05 1.735858613885540208e-06 8.006063908745983523e-05 -3.896867410553897098e-05 -2.003220644076419301e-05 7.536017192913665509e-05 -9.398576687160005124e-05 1.298520383335908652e-05 -2.119399097944315690e-04 5.406888771519088302e-04 -8.055735123911866294e-04 2.548380274739440337e-04
8.456187181154079287e-13 -3.720816132788420477e-06 -1.504453052503443125e-05 -1.108391146523271453e-06 -6.339040809428057833e-05 -6.785496669208730442e-05 -5.801958305843353800e-06 -1.205081298015055007e-04 9.158455793949452810e-05 1.563725882511054599e-04 -1.006548269048267050e-04 2.245084432712610861e-04 -2.577584851447626548e-04
2.501231729541898011e-13 -3.555766998527138930e-06 8.128643247008685741e-08 -3.917430148059292621e-05 6.484668626885141221e-06 4.920733600431183557e-05 -8.956173667041748929e-05 -1.494956111170519564e-05 2.982916424488663031e-04 -8.394173801144586163e-05 2.108714402238982564e-05 -1.686020241920554053e-04 -7.038919000251642058e-04
1.826057586034992016e-13 -8.666702845027733989e-06 -1.085329611434515238e-05 -2.209923042668320591e-06 -3.133530716772975946e-05 -2.700465863443818503e-05 -1.535224328155265335e-05 1.486178196331786603e-04 -8.404441842242070483e-05 -7.687798005529156316e-05 1.382044084198510872e-04 -1.226038856745372821e-04 1.117064418149855341e-04
-5.311991079211136393e-13 -3.018734431951318650e-07 2.140496800288186190e-05 3.835910018795703457e-05 3.275402867135670978e-05 2.768404072068886637e-05 -1.211030065231109452e-04 4.366470561193799989e-05 2.577006835896591920e-04 2.204943559569394950e-04 -5.285935115998404528e-04 -8.182701898540942079e-04 -4.981479865467437112e-04
-1.179096518523254874e-12 3.640421244467313896e-06 1.253052898743689106e-05 -1.125192711223502188e-05 -3.126097386143177329e-07 2.428239564135964297e-06 2.610297424750357894e-05 -1.733022684226152865e-04 8.273404361512737312e-06 -1.869826888475119157e-04 1.622327274975727369e-04 2.624056716502925720e-04 2.096465828838293835e-04
1.778214834984988618e-13 5.674812277977444501e-06 4.443495606206171334e-08 -3.130123284733373742e-05 -1.078655403040964683e-05 1.126854086307135452e-04 -5.528712613179928787e-05 -1.010213006710128342e-04 -1.460363172956533702e-04 -3.419470269102747466e-05 1.469131583612413373e-04 2.233075697182367611e-04 7.413062149311146069e-05
-2.007167649821622697e-12 4.348770342861706913e-06 -9.549522645326332667e-06 1.724068671613827690e-05 3.408134090352102347e-05 -4.680596509816099116e-05 -5.640415970404618853e-05 9.261618384083984505e-05 5.874785014351287048e-05 1.722020634156593228e-05 -2.852825537777040153e-04 -4.074281787670545343e-04 -3.827820256687965920e-04
-5.580879990217172129e-13 6.892018549623501469e-06 1.263870275293099386e-05 -1.356497379306989022e-05 -2.022947806218696671e-05 3.807100339149399674e-05 -1.518084392028144921e-05 -5.188247028301701258e-05 -1.677542010163356572e-05 1.594165430076689195e-04 8.028246530794508936e-05 -7.098016533815712081e-05 4.898872833083058997e-04
-1.834353630023983714e-14 -1.728268001010125543e-06 2.150891561544977324e-05 1.607464159671728182e-05 4.119112242440247642e-05 5.045663987174077030e-05 8.339535334636140383e-05 4.068351358439022250e-05 3.850799857881193376e-05 -5.256121146236979657e-04 -5.466368190886243756e-04 -5.433959700826194962e-04 -5.423919368972577237e-04
9.727575611371316071e-14 1.155709059461099391e-05 -4.040337782602948855e-05 8.845443707489338863e-06 5.823556609919125347e-05 2.498597295681225365e-05 2.903486359697346375e-05 8.749623502242474327e-05 -6.396104704339488863e-05 -2.387652324029076569e-05 -2.227253936535151461e-04 9.331551667072580979e-04 7.090481260943939240e-04
-5.746036904482795114e-13 1.060376259565426261e-06 -2.780299543683056873e-05 1.558973972031615853e-05 -1.818594091502075919e-05 -3.720815858829090321e-05 -1.783591632386345282e-04 -2.662910647659224789e-05 2.461454072143886423e-04 -1.063427836774780334e-04 -6.621486090012925277e-04 1.669813592167553124e-05 -4.752411637563744534e-04
5.772856746050815232e-13 -3.419513204869567916e-06 3.170309678407951431e-05 2.272792863189515363e-05 -4.201208239830521007e-05 8.824216162182170649e-05 2.663963863131848600e-05 -2.842304430474842328e-04 -4.345653557486168009e-05 -3.205795833995476736e-04 -3.704379915118023400e-04 1.940142901346075243e-05 -4.492824079075363199e-04
1.990657459788202332e-12 2.250298838766241774e-06 1.017001646349385508e-05 -1.409853805493578164e-05 -1.505088648157741617e-05 3.985984586722946926e-05 -3.532814530938377254e-05 -1.552086053098936753e-04 -4.841711422678962855e-05 -1.074922175632179907e-04 2.805051532855908907e-05 1.745606509309165450e-04 1.165193936532086497e-04
-5.563032759750741066e-14 -9.737649668868337435e-06 1.548640215807549781e-05 4.717635728627562851e-05 1.467916077603271835e-05 -1.407265918093939650e-07 -1.172777239050916279e-04 5.343933487331865621e-06 -1.519639986415346144e-04 2.270849586426194791e-04 5.283785710392499861e-04 -3.676712212342635042e-05 4.712855913430985099e-04
-2.099761354631269596e-13 3.687753439575969121e-06 1.468117003257200375e-05 3.209071734648865426e-06 -1.097177219656866538e-06 2.070559332887951322e-05 9.109893680265640460e-05 6.167005746882086431e-05 -1.416656294834574314e-04 7.942799149127021679e-06 1.117394966989626354e-04 -7.344496617719608808e-04 -1.086883898249972310e-03
1.687954753920144640e-12 -4.211024196116805947e-06 -3.019082803396460133e-06 -9.441613576148991891e-06 3.232108733385103192e-05 7.626770873479153076e-07 -9.142577709687894793e-06 -1.984153735740127719e-05 -6.765992173729438411e-05 -2.361496703907081749e-04 -5.226957382258249209e-05 1.153075803296094723e-03 1.032050699973387697e-03
-5.032020128115370669e-13 4.184582835292451910e-06 -3.263451342336861851e-05 -4.198315992834394040e-06 -5.225174454273917160e-06 -3.326884859718740589e-06 -8.894157467339198036e-06 -1.365835382974784166e-05 7.245401319489726342e-05 2.325990008673825549e-04 1.377949784329722863e-04 1.567462883049856859e-04 -3.334934319886370549e-05
-2.582273673962815843e-12 -3.781239118962230831e-06 7.956045305647925417e-07 1.170044859679876088e-05 -1.559502219077697231e-05 -1.207157773203662049e-05 -4.388102258298209028e-05 -5.863620773797493987e-05 4.074920102754156308e-05 -8.589470070148517132e-05 -6.965797372479633751e-06 -5.736692639177525194e-04 1.844739906854557835e-04
4.755410585759679811e-13 -1.349513934885690997e-06 -1.038174276939868029e-05 2.444238289869715510e-05 -5.291383152331745939e-05 -5.991376795352354071e-05 -3.044315980163368892e-04 -1.600907576996827073e-05 -3.730042992315852111e-05 -1.157032020351101315e-04 1.973255863736297043e-04 4.759565630262573791e-04 1.260986588352988418e-04
-1.970632376807464978e-12 1.153820701623907331e-05 1.563203739503999882e-06 -1.485436948127174868e-05 -2.679032733177257378e-05 2.648660693928081989e-05 1.021789524365010863e-05 1.399583439086479828e-04 -9.685368476947743858e-05 -3.958516166761077092e-04 -2.644856753718964420e-04 -5.725087680345956670e-04 5.423283180830390228e-05
-9.008518011287944459e-13 -1.104388840213982175e-05 -7.734039892764439883e-06 -1.666859832768691950e-05 -1.150632080333774468e-05 1.894324225005065840e-05 1.358892908370285999e-04 -1.526898235268325441e-04 -2.485171083033377803e-04 1.469265230363525870e-04 -3.483558805192309951e-04 8.437168806985986000e-05 3.333043750157821329e-04
-1.624399180609347361e-12 -4.107384542528222335e-06 -1.535691480942576547e-06 -4.909900351507113856e-06 -1.972839399557207017e-05 -1.282393655226718530e-04 -9.444673908668960551e-05 1.923002512918159677e-05 -1.240510053045718270e-04 4.253494355401690849e-04 4.396145011407793287e-04 -6.852192049472973466e-04 -3.392032288286994223e-04
2.818410016484848403e-12 6.391902064976495393e-07 9.194706409057461962e-06 4.127370544296696362e-05 4.262823764909499566e-05 -2.127833783098171400e-05 -1.361042279973532392e-04 2.927303535328404716e-05 4.503580701078718058e-04 5.932840151722122484e-04 5.623311511624755560e-04 -6.280338991939451694e-04 -1.968301381042164013e-04
-8.056774817702343205e-13 -1.481374747054932519e-06 2.710906991434878965e-05 5.733890974872415918e-06 7.237348620901653776e-06 -1.064063201307001512e-06 -1.010728153417395965e-04 5.156934130327973329e-05 4.782729712441171184e-05 1.293542565888294025e-04 7.936897671396319666e-04 2.299406797248411752e-04 6.152701326828591754e-04
1.128774796828155130e-12 -2.707855997969261377e-06 5.914626617697334036e-07 4.773243306720758612e-05 5.432116452025484524e-05 8.335605294421964931e-06 -1.932264701750083455e-05 -7.015095861112431524e-05 8.202839245257261783e-05 9.942479106385605130e-05 4.818829960599564578e-04 -5.078500829171446245e-04 -9.609460946211474631e-05
1.909013120464574303e-12 4.996434768422096898e-06 9.276281009199431002e-06 -3.009374039112625201e-06 -1.692548575708337588e-05 8.511888347130699679e-05 -2.923447455202270664e-05 1.335102672854037581e-04 1.604287091452097607e-04 -1.577038936441328731e-04 -5.261394986558684539e-04 1.203222896843401864e-04 -3.786789873942274383e-04
-1.355456277433090968e-13 -2.572921998883053799e-06 -9.543816629601831387e-06 -5.173846492662496659e-06 -4.754488320590779339e-05 -5.998482793697387620e-05 -1.069726768188935650e-04 -1.385493623981021594e-04 -1.605926286971245086e-05 -7.021931181464135413e-05 -2.952557422353781582e-04 -6.926577725817114478e-04 -3.929151662005827845e-04
-2.000938113602441395e-12 4.471722471360622358e-06 8.750484935643259264e-06 5.127191835190385158e-05 3.476579171638170026e-05 1.984170437748667486e-05 -4.892057470036037249e-05 3.743707186760491276e-05 -6.450223428506759690e-05 -1.176690655751870730e-04 -1.910534077584903590e-04 -1.584223104674568330e-04 -1.086709611709269765e-04
-3.559319841870097898e-13 -2.605843429733469537e-06 -1.624189211915191386e-05 -2.458048282563977862e-06 2.965127992585227788e-05 5.197410857462411178e-05 -4.427810772098442730e-05 4.760835878713059582e-05 3.769149487519607460e-05 -1.615602113419490596e-04 5.166804655650860962e-04 -1.238740858709177660e-03 -1.224591970259007766e-04
-1.769207535492972344e-12 -2.411031711865462078e-06 -2.981654379017208292e-06 2.563366524464766471e-05 1.590895139646767139e-05 1.783515594411471558e-05 2.054316962971598079e-05 -8.397347247483169638e-06 -4.862784339134183037e-06 5.929689579597460526e-05 8.482921163845239280e-04 4.805436752992524947e-04 -3.682683940785951601e-04
9.713729695333323934e-13 -8.419534852867873589e-06 1.261371464524799569e-05 8.986676595757720718e-06 -6.398181279088910888e-06 1.797399931742349799e-05 -8.039037869421195590e-05 1.886456290863724523e-05 1.691753604446345944e-04 1.531560352103807489e-05 2.795072385168993387e-04 -2.860663886079249413e-04 -5.726389012549374215e-04
-1.271994664357115977e-12 -4.261577083161699411e-06 3.440918465299199904e-06 -3.455227657583669298e-05 6.234178895380740033e-05 2.665881831620809099e-05 -7.661175017831602129e-05 -2.315359815918347766e-04 -6.621952275588360848e-05 -2.752843833233999745e-04 5.274209740706195353e-04 7.416454500791751876e-04 3.887147707706504487e-04
-8.963284475703662625e-13 -7.482949089647573468e-07 5.699672879967111955e-06 1.110426539302729126e-05 5.785170633236726003e-06 1.641383524032667712e-05 -1.152262135445402467e-05 8.280355257291964466e-05 5.020633783932279286e-06 -3.231266109188635888e-04 -1.517600477803361355e-04 -5.699636996818877770e-04 1.932056173688333602e-04
5.526823513036672706e-14 1.178117167072685496e-06 2.282338246270607565e-05 4.387086729904427401e-05 1.474330693413397001e-05 -1.590513406770526885e-05 -9.765906547680074719e-05 -1.474291172115238840e-05 2.481432017402848092e-05 -4.752012993158291946e-04 -1.928791191976096761e-04 -7.430410611469414088e-04 -1.204724589598452208e-03
2.060089360487453560e-13 -7.817702865063963098e-06 -7.466910588141031310e-06 -3.276151259867254737e-05 9.345870514805904562e-06 -1.135417536891884278e-04 -4.561779778711828924e-05 6.302746658642722963e-06 -1.384769955228581668e-04 3.127569182328389114e-04 -1.770625679733208748e-04 -8.996843962261279583e-04 4.394853695088115128e-05
1.631616009765792794e-13 2.016883311224737996e-06 1.730057077118906110e-05 -4.109794009341701238e-07 2.265685403694062204e-05 -7.624313071887007652e-05 -2.976930564288737509e-05 -2.022168515228195377e-05 -1.310889897670041034e-04 3.842479943146485027e-05 -4.887484580378300938e-05 8.391191097822495214e-04 5.067748203186089222e-04
-8.142691294553532053e-14 -2.879317642001785069e-06 -1.424852434537056563e-05 5.514952690348381943e-06 -1.896979752753937118e-05 -3.986994422742489341e-05 7.695592765916651825e-06 -1.300598942793851626e-05 -5.099973184554583905e-05 8.093988840154118082e-05 1.109333513059303130e-04 5.221604739729610598e-04 -3.218709829693698881e-04
1.012575277090206256e-12 -1.154619381880549351e-05 -5.644397796593885039e-06 3.904208785994612842e-05 5.111329389451019244e-05 1.201361902152277002e-04 5.986860250758188157e-05 2.069808274604609973e-05 -1.301529575235270170e-04 1.326449034095865994e-04 -4.243467654006287068e-04 3.019475874657531820e-04 3.277249615339841021e-04
-1.385650470109126334e-13 1.157986824179147031e-05 1.676737606318275822e-06 1.157464456592031473e-05 2.435114231865154460e-05 -3.362181473567039047e-05 4.321211839431116563e-05 4.231106300276545512e-05 -1.023851189166456445e-04 -1.176449889745196151e-04 -1.985681289861916145e-04 -4.949791952547480172e-04 8.517440272990776668e-05
-1.043410705625766513e-12 -3.867885561297514697e-06 1.086242780311122106e-05 3.167176611497684609e-05 2.243726642191635788e-06 3.460633822020839161e-05 1.929707965593646424e-05 1.713433666863959173e-04 1.784484426788879275e-04 -5.085687637925151292e-05 5.164933378092614966e-04 -6.528463461722170888e-04 -8.391199295950921332e-04
-7.817564293593876720e-15 -5.380542111727959979e-07 3.737836925975346190e-06 1.612495763472990696e-05 -1.604318643642520875e-06 -4.418253258948522073e-05 -6.187796007329492988e-05 -8.209219615762186975e-05 1.786290303969129058e-04 3.210866401706371988e-04 5.774483773148184323e-04 6.316299406112256066e-04 -2.971972448733535489e-04
1.515290768997874423e-12 3.774865877144651044e-06 9.788530090444201077e-06 -1.460797869057584744e-06 -2.109267652286856266e-05 -4.823034418483118651e-05 6.749445719307050773e-06 1.196625592062616940e-04 -1.788721903175716839e-04 -4.814172140921860795e-04 2.732412280012918595e-04 -5.849568270579705862e-04 3.620502378925991656e-04
8.717551950941051498e-13 8.022997684869509396e-08 -2.910139431834916020e-06 -3.771085507215787819e-05 1.138613213215647432e-05 8.632952552507138291e-05 -6.326846546333901957e-05 -1.608610341155359047e-06 -4.195370613890711184e-04 -1.242197291832306536e-04 5.671107019103179643e-04 -8.427964118852592293e-04 -5.328689488096417836e-04
5.876690264518991793e-13 -9.987055243981772190e-06 -9.141856579912912651e-07 -1.543795896198369910e-05 -6.261762496819535959e-05 -2.101160517232878626e-05 -3.954667325499087110e-05 -4.799948209441206519e-05 -2.425746300553400798e-04 2.263069997416713498e-05 -3.384581906572712656e-05 -8.084244918319178274e-04 -3.884105169580496809e-05
7.848149141148879367e-15 1.468745571853403402e-05 -7.467388010881130457e-06 -1.985893450032850133e-05 1.584237610824109043e-05 9.441245566682128162e-05 9.264642365540290761e-05 3.874030749501379106e-05 3.721776946116185333e-05 5.280655376187725052e-05 -2.538048450182146874e-04 -2.534959452967571695e-04 -1.313551082720555653e-05
2.787044826812772942e-13 -1.278230024954243773e-06 -8.316899865874275837e-06 -1.922999896009872862e-05 1.174865914311163002e-05 -9.266594237110574569e-05 -5.654383317143579839e-05 2.364457068403333722e-05 -3.953267665339336469e-04 -1.022611949297142181e-04 5.156088697747237886e-04 -1.153379089389680069e-04 -6.975301239814300737e-04
-2.379364531334915726e-12 7.964930213921371925e-06 -1.567642471238191553e-05 -2.358572666148008834e-05 -4.066867539523101864e-05 -7.649768950788689899e-05 2.581363358609761476e-06 -3.082519590453744880e-05 -2.448213934890839942e-05 9.590233534720621225e-05 6.450134195275274629e-04 -9.071987817027548371e-04 -6.221147040092637447e-06
-5.603377359916948392e-13 -4.739195221837512940e-06 -3.875675070998409167e-06 6.858917558646055792e-06 -4.694235176455253023e-05 -2.674614354021212712e-05 4.977664140213154047e-05 -1.108943321619894410e-04 -3.609367192784603755e-04 1.701130333873091755e-05 2.318674286209812313e-04 -6.348515541292795413e-04 -6.298018731003936698e-04
-1.491836285997058225e-13 -4.119067653208078257e-06 -3.601786734895478069e-06 -8.762284171942538683e-06 9.129757317937060152e-06 3.549349096469449816e-05 -2.073592822963947406e-05 1.008960975988031349e-04 6.605631028760572800e-05 1.785134060847221876e-05 5.353514305784345517e-04 7.413516963250768740e-05 -4.242146351984455604e-04
1.515782223732651513e-13 -2.924889802756225725e-06 2.323806702460698480e-05 1.437363539078299192e-05 4.725543355457758189e-05 2.079531411302142446e-06 1.085605945536371860e-05 -1.473970586396123835e-04 -1.419289390694879833e-04 -2.213050184937993294e-04 -3.881877589184508983e-05 -9.267771231000753200e-04 -2.015347130059204578e-04
-2.593096817703678431e-13 1.892075285392536120e-06 -5.259964479218235538e-06 -1.739936730870989684e-05 2.366416911822666723e-06 -1.233378253346289464e-05 -8.161500631321224518e-07 -5.135566388591507217e-05 -9.844923162422680285e-05 -3.015343911844605871e-04 1.809799816889142170e-04 3.054326874172494377e-04 -1.663644885081430982e-04
5.995179424333409686e-14 -1.505649734524709409e-06 1.595864409972430292e-05 -5.360825462106648036e-06 -2.203370916173914905e-05 -7.387829886778026877e-06 -8.743717512281674355e-05 -4.035370703811429259e-05 2.577286025775617239e-04 -7.358432779738706047e-06 2.185386075097392380e-04 4.541584319720961388e-04 4.984880684668075834e-04
-8.336645995667155188e-14 -3.654179325436603512e-06 1.961559728053917983e-05 1.637343899492885591e-05 1.579057541385142028e-05 -8.290173057400684702e-05 -1.724260587932227373e-05 -6.006298656964821630e-05 1.804639723140900377e-05 -2.281379188299571348e-04 -7.328065593310092876e-05 4.833898722146891079e-05 -8.885385676532672966e-04
-3.318664752851027658e-12 4.403246661409306017e-06 2.949639452364084471e-06 7.119122593636883329e-05 3.292807442578606412e-05 1.823627575411505770e-05 6.183650939195786363e-05 4.387981983655371809e-05 1.331572208727389447e-05 -2.238772924970268549e-04 5.358622682354538411e-05 1.158879470754746818e-04 -5.464843603339163179e-04
6.264686529091039268e-13 4.594198447372244268e-07 1.437398954058317382e-06 5.701690144768195324e-05 3.570729304975700941e-05 8.227621086785502028e-05 -2.379515532018878688e-05 -1.098648381299903139e-04 2.454013881429932734e-06 1.895230045585305360e-04 3.911138600543148831e-06 7.231177463805847335e-04 -2.842526513312640783e-05
-3.213782859418247853e-12 1.205941621998253765e-05 6.722375119006120087e-06 4.674782513451646543e-06 -1.157370583047835509e-05 -3.343639780875000135e-05 -3.428876945837268370e-05 -1.535312796618947613e-04 2.509769967989276644e-04 5.408476081925741100e-04 2.118081577635025543e-04 5.662903960710194071e-04 7.146805710325560739e-04
-1.138568622220114379e-13 5.201375122859664795e-06 1.034329344223063210e-05 -2.170991098504498911e-06 -7.472723246187062446e-06 -4.405398695736409496e-05 -8.498362139206135091e-05 3.037700534715779958e-05 5.241621190844904108e-05 -3.060749426831404075e-04 1.458149826356842981e-04 1.792891027986019171e-04 -1.323198859881727113e-04
-6.036750112353554059e-13 2.699256237675018873e-06 3.010928617530287210e-05 7.262581452382141865e-07 -1.982881616217051257e-06 2.027920682278909603e-05 -8.829663996172804652e-06 5.478657624530514195e-05 -1.635115766555084464e-04 -1.688251712635929042e-04 -1.229874003837849034e-04 -5.978107340815040768e-04 -3.594943755405185203e-04
2.492027804630055305e-13 1.579284554722547844e-06 1.195093569598973915e-05 -1.477800070287478176e-05 2.591086050945315349e-05 -2.586956815766728497e-05 -5.613910139756795334e-06 1.501910771857699647e-05 -7.248507193979255084e-05 -3.365707064606600975e-05 1.820041259976067311e-04 -3.512254115720668860e-04 -1.123450425437761557e-04
4.389296299232667876e-13 5.964559782199321085e-07 1.560261645942773555e-05 1.084345677187327278e-05 5.730915593511080804e-05 -5.828928472659592846e-05 -9.353190751460416458e-05 -7.080819469074619448e-05 -1.530444027011486526e-04 -1.149510606345646209e-04 -1.958783142411786755e-04 -5.545266933297738655e-04 -5.596395568387363753e-05
-4.078593099466199170e-13 -5.505638791648620628e-06 -2.455374181534729010e-06 -8.365962661053462181e-06 -7.646432282484286183e-06 8.114775139375077548e-06 1.027714691180898560e-04 9.754194608163647420e-05 3.216246026136046422e-04 -1.861317393257824499e-04 -4.718308263625611978e-05 -3.448208770520801267e-04 8.296519344439785100e-04
-3.098534874107831297e-12 4.206339350392559625e-06 -1.213162801805895330e-05 3.758227333071965080e-05 7.851491003092718891e-05 -8.924630236897922587e-08 3.322168589974823218e-05 2.485946616401536543e-05 -8.148078579824068483e-06 2.800553061297310223e-04 3.060705361962632004e-04 -1.439820444386186562e-03 -3.786209908385863398e-04
2.586984196168668752e-15 -9.489468565458479771e-08 -1.139175613949456577e-05 -1.896126756850338843e-05 -2.039371010065925240e-05 2.367719130188492387e-05 8.982444921854379147e-05 3.647886292326363235e-05 -1.163323839336029243e-04 1.123335040077430115e-05 -5.639709897266117654e-04 -4.374280997775685455e-04 8.220299559012985184e-05
-3.398029246981961543e-13 -7.047347456593402108e-06 -1.467457456788690939e-05 8.941210724572004297e-06 5.947990756361236241e-06 2.250756987554979169e-05 2.334506261609018384e-05 1.628724248970960995e-04 3.686385785194908184e-06 2.393419504983185459e-04 9.663217662704244116e-04 6.011903553717121282e-04 4.532709868472715726e-04
1.932712744090967564e-13 6.844288937824811515e-07 -2.576021686310225906e-06 -2.383149377508476808e-06 3.076822817355307784e-05 -5.023599884670477213e-05 5.574165546684285824e-05 3.432717106944740423e-05 7.081242825910862178e-05 -3.355700882801977009e-04 -3.766587785630397061e-04 2.272746297758552645e-04 -6.399456849637278266e-04
4.595639407304263153e-13 2.641058556960949154e-06 -3.344762858831253874e-06 1.243820134494075416e-05 2.960575441780588374e-05 6.793141402407061446e-06 -2.283830451725939422e-05 -1.337912552433784014e-04 -1.182470519457372570e-04 -4.353364031427543621e-05 3.313976586893076725e-04 8.633055306710244597e-04 -8.371713995326719726e-04
6.101747069098099301e-13 -7.354199795277200883e-06 7.859470048667707254e-06 1.107140508442748463e-05 -3.534640329790343823e-05 -2.963385956715184729e-05 -1.620488203847422062e-05 -1.602983010607742268e-04 2.152703736526971796e-04 -8.175040515359602441e-05 2.720405229807703140e-05 8.941272065997549765e-04 3.998580859735181327e-04
1.493710916399177568e-12 -1.043245805276294835e-05 9.688948549673490645e-06 -2.801078599890221947e-05 6.365472267571000244e-05 -3.430600293082375574e-05 9.224428117717540847e-07 1.044128020852414483e-04 1.177709091313795185e-04 -9.159957696912723478e-05 -3.006794376104580556e-04 -1.644869152718348142e-04 5.673363704158318818e-05
1.434840631782763621e-12 6.306376497485317757e-06 -1.031632544447263442e-05 -3.268619472808967629e-05 -3.640427152167069941e-05 1.915575649688506155e-05 3.452972621594748581e-05 -3.155641324933782559e-06 4.968758199791570182e-05 8.245250166356274434e-05 2.160783029331240070e-04 1.473684609767187759e-03 3.895880903786966168e-04
6.735321316789282030e-12 5.702214620308105166e-06 1.303280027450723712e-05 -4.774103156633851451e-05 3.705755260677489552e-05 -7.230037555312647513e-05 -7.991763568615527257e-05 -8.220577380031115981e-06 1.721514702080135292e-04 -1.639676189107230160e-04 4.862468000566614977e-05 3.262751848205134968e-04 -7.859123012985384663e-05
1.487444235802842875e-13 5.412573001547273348e-06 2.067637215414972105e-05 -3.216702694238852489e-05 1.550311967665806971e-05 7.911346649517510287e-05 6.119677072095244667e-05 1.110169074361268427e-05 -5.860096762861489008e-05 2.581291645225454977e-04 -2.146947532301403166e-04 -1.718877186915388064e-03 -9.899592433634891910e-04
6.116069673491452202e-13 -5.066576146639545013e-06 -9.106501615366557325e-06 -6.268076430029396718e-06 2.678029175733313437e-05 -8.841211931102374439e-06 9.339186288816315833e-05 -1.870932879552822173e-05 1.290564527990343028e-04 -8.347285228337181001e-05 -3.061807620853497676e-06 -7.311336153461205425e-04 1.583897116393805798e-04
1.282518449859283962e-12 -1.228876066355469023e-06 -1.572888024201618806e-05 5.525804175815985060e-06 -4.838783024091186895e-06 -4.314539595733681834e-05 1.201575695328233326e-05 3.785462803967209420e-05 1.967950699306291200e-04 -2.205094514357838276e-04 -6.063236164601673930e-04 2.432613449179143669e-04 -1.417919952892192034e-04
-1.817117838765082021e-13 9.839751728116173980e-07 -6.956697943582148678e-07 -3.268812399141552636e-05 -2.975597177023724894e-05 -1.029360360254310328e-05 1.204983020853209885e-04 -3.813167836268479606e-05 7.363713213598257546e-05 -1.452243227980164024e-04 1.617614009681728746e-04 3.429891270638832108e-04 -2.641433688741095837e-04
2.404039968499063478e-13 2.202908332284588181e-05 4.174703946171466303e-06 1.794230706147876444e-05 5.081479603318751233e-05 3.815498997005947655e-06 5.513858569060717657e-06 1.332741209648805123e-04 2.841767736254731763e-05 -1.427024407313065698e-04 -4.116812456647994342e-04 2.244406050316535611e-04 -7.094956682596444348e-04
8.171778441046716861e-13 1.202488078156972570e-05 -3.242174883290644305e-05 2.854322129866484941e-05 4.533060197135629656e-06 -5.510506601177927620e-05 -6.293514117182786910e-05 -8.509302799345756145e-05 -2.726016547977631855e-04 -9.323998646120595349e-05 -3.182151063456534765e-04 2.112392087188005722e-04 6.599682418551105177e-04
1.410964506833757579e-13 -4.122843505222394741e-07 -7.158124026579270410e-06 -4.348429402145790934e-05 3.859202676716132864e-05 7.674202620330600937e-05 4.737201580251383658e-06 -9.823795712203790430e-05 5.866468771201584501e-06 2.045679849019053746e-04 -3.683127462176174626e-04 -1.228862314722569673e-03 1.133604040601501840e-03
2.313289872738798559e-13 -5.821681204488167635e-06 -8.956438352650797138e-06 4.405330315089699888e-06 -4.005042598816544174e-05 -8.530133985752772884e-05 -3.389419036454842252e-05 -3.986459874429538663e-06 -1.633746373535433264e-04 8.647722930907520604e-05 -2.557581711073536276e-04 -3.854171829654502853e-05 1.205881027059726106e-04
2.136194933989651903e-12 -5.580980304710936069e-06 1.911909264922060926e-05 -4.041589551052994576e-05 -6.415431885676912266e-06 -2.140850118985367629e-06 2.998000351854711505e-05 -1.017602752249034703e-04 -8.797358678590998845e-05 -2.144378245707408636e-04 -9.892636046144924423e-05 1.471422037076799104e-03 1.716252025210493774e-03
-1.191735714171413220e-12 -7.844297514653532180e-07 -1.021309365153263850e-05 1.297056883646150843e-05 2.339644293015023043e-05 -4.030664814400217835e-06 -6.277335881278730645e-06 3.658869644804058459e-05 3.373189006296164018e-05 1.059038050446971165e-04 5.608145678384660006e-04 -4.480763147312965774e-04 -2.769363309105602714e-04
-1.221021541186191722e-12 -2.869463021143457544e-06 -3.525268177355457734e-05 2.697721622168584862e-06 -4.774501196953083974e-05 3.146562239638146747e-05 7.869288662133309877e-05 5.161433353119721933e-05 -1.544405435756366154e-04 -3.079400140662204202e-05 4.085945044725746334e-04 2.063003589709217541e-04 -5.174378131135395524e-05
-8.494643526494703660e-14 -2.990147967212601466e-06 1.242711642510691395e-05 -3.608190341222008898e-05 1.501569991240619949e-05 -1.351950387968595330e-04 -3.150715051794556197e-05 -5.572249640649965076e-06 1.764557742968874885e-04 -3.375642059546720406e-04 2.819434104989129047e-04 2.707245580321952869e-04 -2.186956184217028504e-04
2.081075061371204851e-12 4.028900173867264512e-06 1.362846961707635012e-05 -1.647963151264308489e-05 -5.778134065347584213e-06 -1.139128489978731634e-05 3.999634183306834270e-05 3.520265544892119179e-05 1.475096149858033440e-04 3.913700653131465894e-04 -1.925184249205884638e-04 -5.802501118382538637e-04 -7.400889812168743831e-06
-1.476142636860424197e-14 -2.110861073510353399e-05 -1.829652846183522899e-06 -1.549269063117138560e-05 -1.757298476787325501e-05 -1.872463960066666567e-05 3.368378173650121813e-05 -3.300697779882425680e-04 -6.021331137351674731e-05 -1.691091860236266749e-04 4.091045934670169354e-05 7.309886683545550922e-04 3.158959178886927978e-04
7.838308143502114497e-13 2.972074719685248784e-07 -5.870206801919746209e-06 -6.137305646039424502e-05 3.813168846254632205e-05 -8.848445599119781241e-06 -5.020257271555119701e-05 5.478060137058531499e-06 2.644380181768926809e-06 -3.181481356820940092e-04 -1.211345735092713192e-04 -3.105415516412399646e-04 -2.331950645377562758e-04
-2.169448112586817594e-13 6.215565652287451391e-06 -6.962148318430737379e-06 -4.406305426043937768e-06 -7.308957724817093918e-05 -2.099575137001419224e-05 -1.663167680292614229e-05 -1.683540586264822576e-04 -3.568504460208479410e-04 8.579283766295830603e-05 -6.616869471942698566e-06 5.116625307840211951e-04 -3.558888974037637183e-04
1.061962485414529519e-12 -1.397682530333652973e-06 -2.026154364230751660e-05 -5.698806251520798512e-07 -1.760359588377162743e-05 2.979669093366946067e-05 1.839775105356837332e-04 6.639867537354408780e-05 -6.010301794902392375e-05 -2.548009625919692614e-05 1.596177744885899058e-04 4.391572841971581268e-04 4.190071363786147221e-04
1.162751130223057405e-12 -6.895887057767136004e-06 -1.556362450956116041e-05 1.735548806914617324e-05 -1.017920232178283901e-05 -1.300963222375004558e-05 7.109893392163562633e-05 -2.898992593450899766e-05 -3.169507699570511664e-04 -4.461088057271225186e-04 -3.972060079781606040e-04 1.725481622036543865e-04 3.694906652558713200e-04
-2.353740999459701009e-12 2.035781703199601904e-05 1.159762239094502009e-05 4.992886838666885968e-06 7.046317642495049284e-06 3.626530708237908954e-05 -1.145220247995656491e-05 -3.093007457976377545e-05 1.147715277391601007e-04 7.520561882147146443e-05 3.211246737741626535e-04 -4.018521150935543303e-04 -7.365287991416377038e-04
4.010516791956166780e-13 -2.500758267407114707e-06 -2.698100328216224275e-05 -1.544565382585674575e-05 -3.186614938227584593e-05 3.121389643079411819e-05 2.873411422183119821e-05 7.412963233723391992e-05 -1.760388494088384090e-05 -8.198145940840281278e-05 4.384822635217761988e-04 -4.164084004145570360e-04 -9.824701328981680739e-05
2.729274355179353165e-13 -9.274709649269725006e-06 1.949426898931599995e-05 3.642993680579226164e-05 -4.903676712245941656e-05 -6.430309846848523481e-05 -1.624986601284362025e-05 -2.001133932519264923e-04 -2.340504728230559872e-04 -4.242153598186216516e-04 6.030430143798189970e-05 -5.252774036160032418e-04 2.788020041873927606e-04
7.042630753546990534e-13 5.417712528603839991e-06 -1.020698575927501081e-05 -1.955481326852639859e-05 4.645481990783517259e-06 -1.710157414695310932e-05 5.299082774261866199e-05 -1.792866753816780755e-06 1.973409438639230594e-04 -4.902170619498485333e-06 -7.496508658047062838e-06 3.834096847730500326e-04 5.733922810930032997e-04
-2.873421040114986208e-15 -1.725883229324371380e-06 -1.343414612718769571e-05 -1.442719935367842955e-05 4.584926087042938014e-06 1.696519647972885686e-05 -5.224773913349535834e-05 1.420765773566232441e-04 -3.303778623026141988e-05 2.233847937154606264e-04 1.305440917929019901e-04 5.800938898515731277e-04 -6.668622153373684330e-04
-6.652461982195755259e-12 2.438808393972115685e-06 4.853704405490515506e-06 -4.451412274041779255e-05 -3.287269491128839717e-05 6.231330358694133510e-07 -3.604008113383158049e-05 2.346220019656162050e-04 -1.248589767116335171e-04 -7.578237598109734412e-05 4.710080575718181089e-04 1.338714249894609092e-03 -2.326753083760684526e-05
-1.834201840557400757e-12 -8.781987345716065020e-07 2.134219273496660741e-05 1.380642208957603708e-05 2.909121772605564283e-05 6.297396441175293969e-05 8.821500204749827074e-06 3.725837791306672712e-05 -3.494517160593575591e-04 -1.221124248788405377e-04 5.332482005562375696e-06 -5.256747011187934127e-06 2.394967011937961540e-04
-2.032644137361740566e-15 1.025231506040700110e-05 7.634397704686711898e-06 2.484287602575822106e-05 -1.745282500543532747e-05 6.075944175282930239e-05 7.448483610134077239e-07 -9.594986088813730631e-05 4.065311174769192256e-05 -2.883381177887196041e-04 1.629204941299341189e-04 -1.292687806325397990e-03 -1.126245247979128743e-04
-8.890092897312320145e-13 -1.632334446398962935e-05 2.283390921492865198e-07 -3.036055194078824383e-06 -1.849251013292863133e-05 -1.420378285747160532e-05 1.884499815405247524e-05 -1.891950313023102383e-04 -4.271855043541406558e-05 2.564471386144329536e-04 3.214582460402305047e-04 3.299917922977465266e-04 7.261637398633965070e-04
6.247857915526168179e-13 5.125733507043779325e-06 -4.805459263019695334e-06 -3.811423277389808559e-05 -2.636037773922164469e-05 -2.464959323194608750e-05 9.147171468259768093e-05 -1.994643682161304648e-04 1.545822363840914238e-05 4.286126276178366878e-06 -9.848631959822023562e-05 6.555413690672442584e-04 -2.394524798891331215e-04
6.287319636417164795e-14 -3.240587590408081867e-06 2.734508879646196303e-06 1.714406065932880762e-05 6.526860414618575526e-05 2.775291786852728890e-05 8.531826897538665356e-05 -1.037816425781349494e-04 -1.410097478248167110e-04 -1.241434927969871538e-05 -3.194499867632691011e-04 -6.044118878170064461e-04 -1.258438282267215422e-03
-2.768220788158793461e-13 -3.335625539198355511e-06 7.690529082159623924e-06 -5.553135688769671843e-06 4.022648111208663988e-06 8.650148056520724760e-06 3.900792267944282490e-06 5.347319210393446597e-05 -2.247385278104728067e-04 1.611523648575335812e-04 4.436292892610283422e-05 1.173299599992158214e-03 1.329431682908477602e-04
5.801517144460010427e-13 -1.833899284653451906e-06 -1.111168606349097821e-05 2.530562565522389708e-05 2.594676259866626465e-05 4.285557277804138884e-05 -4.737381611508949118e-05 2.256756357220573766e-04 -1.216517779604683620e-04 1.413815357002493717e-04 4.773975143110115410e-04 8.428443256832165434e-04 6.406998104793875954e-04
1.787875686579028684e-12 -3.485477454667757659e-06 2.872954265846534330e-06 -3.598279845393123632e-05 -2.575689708335019851e-06 -2.101634385360628713e-05 -7.871708636505331833e-05 -4.038977049331797400e-05 8.271488894990703365e-05 9.304080767855647230e-05 2.318871203991013444e-04 -4.566849186250297840e-04 5.966426706632225324e-04
-4.180846926519333930e-13 6.756649880581973809e-06 -1.189765860838951892e-06 -3.589331569698144613e-06 -2.233426706038027642e-05 3.804379774940177660e-05 -6.681352550595249997e-05 -1.121557604411942258e-04 -6.289197941827683231e-05 2.764074956920419359e-04 3.971777378608018863e-04 -1.268751059811551744e-04 1.068150897919719179e-03
-1.750854266474798575e-13 6.474359041134825598e-07 6.001201607211991843e-06 1.633134995094864806e-05 -1.101208185092892156e-05 1.011444897146400377e-05 -1.007625903856233188e-04 -2.684797052050297162e-05 2.987390562357861157e-04 2.034440819922394130e-04 -4.091093564706207108e-04 -4.047658468879638551e-04 -8.815618979666137980e-05
1.326816086581386403e-12 -4.335379496938793064e-06 -2.426704475691216561e-05 7.232323686624728233e-06 5.581051295652316010e-06 1.452966173909982559e-05 1.500140368431851602e-05 8.521160606888625097e-06 3.252941102434764770e-05 -4.040958874280162032e-04 7.997468392515221967e-05 1.020074546322965997e-04 5.834682242735742853e-04
-1.404920409547104175e-13 -3.256431584178142542e-06 -8.669508974945145101e-06 -4.051951098274416416e-05 -7.437722773752059675e-06 5.431343811847822159e-06 2.108577262394075978e-05 -8.906392024468564065e-05 -8.321163472506698012e-05 -4.020692985018559936e-05 1.568602075679384087e-04 7.416921557909346907e-04 -1.241150954277715334e-05
1.858516758336192305e-12 5.491006798712070864e-06 1.361905006013597449e-05 -6.454007087518748747e-06 -2.959244998079389881e-05 3.473094300798831429e-05 1.092207884421348779e-05 -2.083265957259792048e-04 2.366093662861923602e-04 2.201794480185725520e-04 2.881733044227739090e-05 -1.934774494115044073e-04 1.176048526135526842e-04
-6.677389057604960966e-13 -1.241041040988665182e-06 -8.106829344983027233e-06 6.882504774655642803e-06 -3.466294098521517739e-05 7.453495467279090886e-05 -4.319682673439788454e-07 -1.852190020332560673e-05 -1.111514492748909381e-04 6.445059418584285667e-04 3.092038410792294031e-04 1.221902300665430945e-04 -7.251374388070711300e-04
8.021593583544656625e-14 1.184116906360734965e-06 -7.952287195243248701e-06 -1.702801035951097543e-05 -2.878839658571705251e-06 -3.090170135517740008e-05 4.701789787107313925e-05 6.664660381529347217e-05 1.303011445738879749e-04 -3.218115170358205830e-05 9.135268542863161749e-04 4.785472961749956183e-05 -7.717994279373110089e-04
-9.546670449277356771e-13 7.972213645374678814e-07 1.779553606325089558e-05 7.025795799912535613e-05 -1.798467959847826767e-05 -2.301412657573713801e-06 -1.244231528234229917e-05 -4.321225465179814174e-05 3.173676658368121393e-06 4.484006875986029092e-05 1.424385155994506067e-04 1.743003438799859371e-04 7.751809883770583538e-04
-6.439252854286968014e-13 6.052657223104135105e-06 5.868225015446036321e-06 1.606894683581406745e-05 2.387827283353642402e-05 6.436228393227766431e-05 9.074900421275295737e-05 2.494037489855730903e-05 1.639277797751413938e-04 9.607850133660109931e-06 1.279027693836841731e-04 1.051817775289674286e-03 -1.275102666787718427e-04
-1.039146468493278813e-12 -2.658828233929397679e-06 -1.846884145542501553e-06 1.648785608135098712e-05 -2.019698063970513173e-05 4.818009175077532193e-05 -4.427059072943357823e-05 -1.961380217220632196e-05 2.046622365629704860e-05 2.472099041517251397e-04 3.127838766220731258e-04 5.943790413303640672e-04 -2.362239515096095524e-05
5.267047514647670973e-15 1.765303338590290376e-06 -2.061398211415081213e-05 -2.632984967850004240e-05 -1.768338197150499331e-05 -2.170396954477209564e-05 6.663658576161798451e-06 -1.143805472895833756e-04 2.647950520092776506e-04 4.685028302206394908e-05 8.917523097173875833e-04 -3.321883386245246049e-04 -4.227003143565308523e-05
4.692105792378739933e-14 -5.541422450385168664e-06 -1.977547469190160432e-06 6.701577441670939179e-06 -9.395308703221562200e-05 -1.099089222100357420e-05 -7.919922049100978033e-05 9.790608458119851151e-05 -5.148972040173261993e-05 -9.790010634734348284e-05 -1.595206829736971188e-05 -2.148913693519491580e-04 4.613438203697167836e-04
-2.970239085340540353e-12 -1.568003022779912081e-05 1.553339108079427979e-05 4.874455473655159559e-05 5.843156931283866279e-05 4.322773047207724000e-05 4.058164201904368532e-05 5.556221965157524291e-05 -5.476899411944408731e-05 -6.000847571260502867e-05 -2.722830439065431775e-04 7.439707550880853134e-04 -4.670181479880492983e-05
3.354680776644043094e-14 -6.107815516613392198e-07 1.985351275955444571e-05 -1.696490950460766286e-05 -2.574143026415420005e-05 9.273396209236317244e-06 1.813071718040463489e-04 1.339133286054659073e-04 2.574571103471765985e-04 8.750378243188888414e-05 -4.435846353437599299e-04 -1.237255306306893029e-04 5.564326057744882308e-04
-2.936593681155903071e-13 4.737103896327480386e-06 1.752537112789634798e-05 -1.209718114476311759e-05 1.653295598498456435e-05 -2.985155813644220071e-05 6.183587580210774979e-05 -1.105977304746764322e-04 -5.061089539198609894e-05 1.825318271920265637e-04 9.432830770298069592e-04 5.125509018166244865e-04 4.625440227266520575e-04
1.402347731117364972e-13 -9.641082523435810022e-07 4.078764447694598477e-06 -8.702498414495104810e-06 -3.731250999720053541e-05 -4.151306265474340027e-05 -9.858223764086108997e-05 -7.241873009021817761e-05 1.867098729483804287e-04 3.970846639801633537e-04 1.561743846659177702e-04 6.224851183150333219e-05 3.634410494638239114e-05
-2.507230006724578129e-12 -3.864365561548258716e-06 1.910744994690704261e-05 1.251506031769880449e-05 3.070832593233571137e-05 5.590865595976939956e-05 9.338543560736391888e-06 8.639351637536427271e-05 8.938593610764223370e-05 -3.103541945014001106e-04 1.139393563727724188e-04 2.885352302664959492e-04 5.651043768844695276e-06
-4.135142192567017262e-13 2.712555729748341118e-07 -2.256210906798496497e-05 5.982549074653232479e-06 4.512792207255480825e-06 -2.429584600972080883e-05 1.128242438015317373e-05 2.394218359399021218e-06 1.157386765595403203e-04 2.191253811943098687e-04 1.372454914234466725e-05 1.466902074221560230e-04 -6.051267331001380966e-04
-4.581058587815847474e-14 -9.612249148284347309e-06 5.095097727107257714e-06 -1.266299828167848752e-05 -1.293944815515391142e-05 -3.309519553743222117e-05 -1.355751135247521925e-05 1.045066088532823209e-05 -6.023303161151942302e-05 1.218679680535445154e-04 -7.008755034304775360e-05 7.236229220175153338e-04 1.453121466088713178e-04
2.905679192240012825e-12 9.463246169568186695e-06 1.408081342099330274e-05 -1.103712165019498628e-05 6.974113815741185692e-05 -3.437694285000410271e-05 9.260391672239849322e-05 -1.048104015064832742e-04 -1.368843003291466017e-04 -4.302500079486964112e-04 -9.722242492906013123e-05 -8.454271624543466821e-04 -1.006834487146137085e-04
3.406334738443092522e-13 7.557350937435984014e-06 1.128746422671062122e-05 -1.263544198734529142e-05 -6.964679043806294787e-06 3.024625155420388402e-05 -8.618794935387686295e-05 2.297531143108241263e-05 -1.552548939452914770e-04 -3.161071629977089590e-04 6.022770406576183518e-04 8.197186645308447001e-05 1.105673556667123797e-03
-6.222883983966967327e-13 2.028423466191779827e-06 -1.451348104796671574e-05 1.325316741582217557e-05 5.962281667807388077e-05 -2.483115842716390471e-06 7.121189283606703488e-05 -2.009361332367880324e-05 3.814852279399737781e-05 -1.436133631028536472e-04 6.037662554486003752e-05 -1.472830106229641740e-05 1.125490156273234194e-04
5.696526025217155196e-13 1.787690789547211610e-05 -2.505765452880351243e-06 9.473002065020444996e-07 3.628968141976747247e-05 6.594960261814992184e-05 6.481264892704788219e-05 1.449391794946773299e-04 1.469758018429337474e-04 2.769462104745234175e-04 1.180478566977802784e-04 8.752466792849893844e-05 -1.916545816587814208e-04
-4.135946531025445181e-13 5.142738109808583555e-06 -1.234070926516159727e-05 2.356024384264324251e-05 1.216905515201809097e-05 3.508692176217967541e-05 4.610886730913846179e-05 -6.680931818461171862e-05 -2.021968479319209667e-04 1.266797421453834079e-04 5.787961737925949183e-04 8.678883752310653310e-04 -5.955439899116870997e-05
1.261387132318011037e-12 -5.338675696828817665e-06 -7.302901148330323714e-06 2.131257758281525913e-06 9.379497415524889575e-06 -2.484274327716635763e-05 -1.203390513176518027e-04 -2.109292986522786405e-05 -2.582148687038505444e-04 -4.508063640951177095e-04 -7.946451305976338008e-04 -7.008453415001973316e-04 -8.087628798503335202e-04
-1.590689278388558502e-13 7.438037769101314330e-06 8.533357948378195800e-06 1.370195017260352235e-05 4.491941122821918441e-06 -1.072482127677002009e-04 -5.343695718715390754e-05 -3.688104104689969278e-05 2.177217827793890626e-04 -2.948039599513552255e-04 -4.381774068478826840e-04 2.458028065058078188e-04 -7.487601136589569278e-04
3.666808959198473789e-12 -1.106306233901177151e-07 -1.575686507916595485e-05 -2.663880023009309401e-06 -3.382042920317755415e-05 -2.956573721779867108e-05 -6.904544973963172626e-05 -7.057053451202105335e-05 2.955048555888949071e-04 2.451294793278617078e-04 5.777142995802071095e-04 9.296772734534200196e-04 -1.757779236276952150e-05
4.011085580180466399e-14 1.097237800691939351e-05 2.258962144664424285e-06 7.865643612159622448e-06 -5.480372058138918637e-06 5.123255508812773199e-05 6.273055798140388345e-05 1.303076356199339356e-05 3.497062569529805153e-04 -1.830186901882423483e-04 -1.177285039584682640e-05 -4.201437382461100691e-04 9.602274440867361550e-04
1.736459255780447249e-13 2.078705440242197993e-06 -1.143659772576996737e-05 9.202840565722067513e-06 4.688742005714308802e-05 3.216459519485859457e-05 5.319146293919632874e-05 1.283287191676203210e-04 -3.674725838830370070e-04 -2.675704020580755953e-04 2.480130449793828946e-05 1.441655636720883882e-04 -5.429301463190965493e-04
-3.621358760322032662e-13 -6.470467034564337168e-06 -1.491597432026474779e-05 1.777553353787569940e-05 2.431733769056770289e-05 -4.185722179569001172e-05 2.961330442193808277e-05 -6.583269016470661035e-05 1.088679209579256161e-04 3.282704996089516754e-04 1.583932931048248887e-04 -6.553804209171848992e-04 -5.146093808089825111e-04
-4.042091925321858578e-12 -1.377115932616700442e-06 -2.783895080562333825e-05 2.077837035553082635e-05 -9.687662888511305154e-07 -2.445795927131281820e-05 -3.191033431915328474e-05 -9.479125502421264195e-06 -7.364247301846170435e-05 -1.396014314673698828e-04 -3.684463190655542803e-04 8.424022070749829366e-04 -3.677018124906338090e-05
-3.314047207628447016e-12 -1.545255795694916101e-06 -1.432388983669611302e-05 -2.823437272595896103e-05 1.589056101616811740e-05 3.645019982609837484e-05 3.326116310791917244e-06 4.009931390089076437e-05 -1.597953136966609163e-04 -8.588599831054988685e-06 7.312436529191330681e-06 -4.669501629500845169e-04 2.153978272929822592e-04
2.075783787515700548e-14 -8.322284819643158063e-07 -1.686815358022649013e-05 -1.510531473339459624e-05 -1.761293749254549474e-05 -1.868305690114007738e-06 3.887606030448152673e-05 -7.431834268443624977e-05 -4.400602148135233991e-04 -2.650873909866862288e-04 -3.586044309762961521e-04 -2.487938934926360807e-05 4.560971239299649034e-04
-6.151184074556003918e-13 -6.380447336303354381e-06 -9.560307830348440978e-06 -3.290070281089806813e-05 -4.900757375407004552e-05 -3.084364988030973228e-05 -7.673643322863701118e-05 -9.574071697158049576e-05 1.253092301696394676e-04 2.321300272071844578e-05 -6.148637117348614749e-04 -5.664638514465151955e-04 7.118996028718576827e-04
-5.619725789398197064e-13 4.681860427346073665e-06 -1.364973076065895916e-05 5.189507276826105051e-06 1.383701845468068336e-05 -9.071618897161892495e-06 1.480294991701171859e-05 6.390572750826683721e-05 -9.282792524977097597e-05 -4.385935153532578238e-04 1.779411827059020122e-04 2.070146417240677314e-04 9.965687446645921186e-04
-7.830800429299902280e-13 2.658521938289432218e-06 5.078926355607572264e-06 3.736367070832342965e-06 -9.606526324653061173e-06 1.327917052674969602e-05 3.864216364218238565e-05 6.751758389920581185e-05 -2.155904899428660569e-05 -1.076011540480736292e-04 -1.404669480566869276e-04 -4.963571689400705017e-05 5.380123611809484559e-05
4.574815965607688057e-13 7.810068820435932239e-06 -3.782944076605459184e-06 5.714263720730969966e-05 1.797357285100104613e-05 2.767049445421420026e-05 9.195259443225416878e-06 6.749420516077473623e-05 -1.736767062983455158e-04 -6.999979083272395142e-05 -9.901060598968933907e-05 -3.631010829888199772e-04 -5.758864066635927285e-04
4.005934594925742933e-13 2.817312045979370913e-06 7.902402570847539195e-06 4.917744303963896211e-06 1.368256491805348853e-05 8.591473222477511739e-06 -5.657003932275296377e-06 -2.879452011941881291e-05 -5.166943800208229255e-05 4.259838287679023456e-04 5.600400518015335874e-04 6.951133711609668942e-04 3.750053993889726641e-04
-3.560578834577107622e-13 -2.241375319179318765e-06 -9.587019324932965787e-07 -1.321063816473903555e-05 1.054794618889661624e-05 -6.097426277290132778e-05 -5.864614224280725511e-05 4.036152117143227943e-05 -6.663605666543180421e-05 -9.604816138281134280e-05 6.170226189445306402e-05 1.077565460816405163e-03 1.120731032509964258e-04
1.509966286178111617e-12 3.811331967026451421e-06 -1.211168060287479716e-05 -3.494677207287857820e-05 -7.721001650878923011e-06 -9.648547863138497206e-06 -8.438751492633790076e-05 -2.884387076387424559e-05 -2.438625782522890056e-04 -8.566093475210314397e-05 -1.866200667791096388e-04 -8.922012503890030611e-04 -7.046886707232873483e-05
-3.232266524182753565e-12 1.028269560763043866e-05 2.499299104168260124e-05 -3.490743072485808651e-05 -1.561159950613280658e-05 -3.983255571043747904e-05 -1.122082879917351487e-05 -1.346563898587233000e-04 -2.323650031234117690e-04 -1.455677295220104115e-04 -6.571143110166804925e-04 2.980484524394587582e-04 7.074848416191596495e-04
-3.131260357407556248e-14 -3.705283722860325804e-06 -6.373856212611487541e-06 -4.735407158728407523e-05 -2.011542530330290038e-05 5.240661626733573894e-05 -6.672320288239682749e-05 3.301137397077231090e-05 2.654017210147426638e-05 -5.337986167033335021e-05 1.404239382099216251e-04 5.637246047017923679e-04 -1.633828844842472386e-04
-6.433710284285123797e-13 3.080362527195003916e-07 2.606550239630915723e-05 2.543136324224108634e-05 -1.505822274581802325e-06 4.002319801043412908e-07 -2.043312254089142774e-05 1.425349957978098395e-04 1.667461327265522210e-04 4.508024914946053073e-04 -1.547682402187004064e-04 -1.959758310406962262e-04 1.058274554096916243e-03
-5.967307583609392305e-13 -4.050357262623535238e-06 9.341383284206542176e-06 6.328524157345125350e-05 1.848285579656715023e-05 -1.471771875805607717e-05 -5.009085960490632919e-05 -1.449204546367285986e-05 6.733433766696647995e-05 -1.038849861687321079e-04 1.266212201469559689e-05 -1.485485002641132814e-05 -4.871316744944436642e-04
2.165447379029958439e-12 4.941192685901168361e-06 3.505678113856404804e-06 2.026761807309910746e-05 -2.701140080294056614e-05 -3.080848085741572144e-05 -3.396592642707741772e-05 1.038992681706546982e-04 2.625474729619887114e-04 -1.768642985781987247e-04 2.592408071294504518e-04 -1.374249152020779992e-03 -5.592699932488450843e-04
6.388347422586410428e-13 -5.763285218677573740e-06 -8.052897658622313611e-06 6.836225460708002977e-06 -2.814707573540907711e-05 1.919975276575572876e-05 -9.374437730569306607e-05 -6.879059984033588694e-05 4.628297606565569033e-05 3.138691555501931007e-04 -8.283332855212230102e-05 -8.569788148984617453e-04 4.342226390735804092e-04
-9.471970714210390681e-13 8.529993933906168107e-06 6.138019313609343224e-06 3.106218637150626936e-05 -8.684888473512680736e-06 -1.879934051390205795e-06 -3.926610098306181041e-05 -2.062542080697372219e-05 -1.342844908287308768e-05 1.122099669827442662e-04 4.126498172223294256e-05 6.112053784056726549e-04 3.375673422665013165e-04
2.477541132541699385e-13 -2.371572568449820974e-06 -2.727231925802874570e-06 3.160214263390904440e-05 -1.395625313669259167e-05 -7.480059845325286585e-06 6.216080257571521099e-05 1.025943561650778050e-04 5.118681346808122645e-05 -3.055096182469726039e-06 8.365959358349340505e-04 2.310422865172374407e-04 4.533284648283320418e-04
2.932009228367711804e-14 -4.878967920886889121e-06 -2.245348556606570158e-05 -8.498134065926838074e-06 5.895396307086781500e-05 3.018525675765428828e-05 2.243343556797462932e-05 1.486225862537317321e-04 -4.565797779999933477e-05 1.067104552942479680e-04 -2.300400465539885421e-04 3.165607048109085614e-05 7.754806777856098590e-05
-2.710765950581907278e-12 -7.060886762441956876e-06 1.518753676123287531e-05 -1.129053130248264444e-05 2.324404425307067224e-06 1.634899888113277596e-05 8.659267085465905572e-05 -9.987191745018183131e-05 -3.204246025842784215e-05 -1.006140292272187043e-04 5.501103633586335766e-04 9.215400604807687116e-04 7.888111145308202257e-06
9.179746106631517581e-13 -2.569475742482291259e-06 -2.664118958228516094e-05 -6.762186334878758573e-06 -5.778686139214066626e-05 1.360467007688930903e-05 1.305444913959697480e-04 1.257763634619608287e-04 6.726714900285121366e-05 -5.100864167933156758e-05 -7.985124208032342999e-04 -7.947163910649681674e-04 4.111477603649495507e-04
2.058894043878476372e-12 -9.137903414020660930e-06 6.383856686888539877e-06 -3.165913017164163689e-05 1.579395592120362289e-05 -6.872271188213990516e-06 -3.303244784256657060e-05 -7.531863355680181512e-05 -2.008256657270387786e-04 4.230922743821785115e-04 -2.275450006752076154e-04 -1.645684775042513363e-04 -6.113880367536943077e-04
1.519223299647675989e-13 -9.344745207371119076e-07 2.137544315879747432e-05 9.328712854878625982e-06 -1.978553641977141302e-05 4.972113341337390221e-05 -7.180430707132559392e-05 4.319972914002427530e-05 -4.817687583767782860e-05 -1.879448793049936194e-04 1.587651426437050028e-05 -2.267293721762132731e-04 -3.743103844061857963e-04
2.701876880904492364e-12 6.515261586495238669e-07 -9.876355481604330667e-06 4.671666160591450827e-05 3.805566831553288629e-05 1.105498764274325182e-05 -1.074655061253869235e-05 -5.631780166713405309e-05 1.574445754576726082e-04 2.784836239216136977e-04 -1.565031115585742026e-04 -6.964575930071353297e-05 6.439533028987748885e-05
-1.195264119798346668e-12 -3.341310447529879652e-06 2.624665870179894668e-06 2.840976030692780801e-07 4.491830820109405991e-05 3.512864470661852166e-05 2.779649760175621306e-05 -1.427428866483530009e-05 -3.212195882868964397e-04 8.659779431575596268e-05 5.910564695234643524e-05 -7.617846875866872902e-04 6.401657739217709014e-04
4.022266995838204700e-13 4.280936827116300835e-06 7.451683539382030341e-06 1.327366572333445004e-05 2.192181018371093773e-05 -1.183174415318494214e-05 -9.073439893193502813e-05 2.326103400893174498e-04 -1.071929990696029122e-04 4.460489826106677955e-04 4.248745601371001668e-04 -5.413106125441646214e-04 3.597750047099065000e-05
7.394950561730126717e-12 2.716752607287639794e-06 3.061717687714474140e-06 -2.692259542973728860e-05 1.622312862627249899e-05 -6.079977361589004432e-06 6.542021370571194738e-05 1.920643940193052639e-05 1.951382471509706428e-04 -2.112589262701803849e-05 3.136223113094493563e-04 -1.253956598873034523e-04 1.063375677497657750e-04
-3.647852638637635026e-12 3.718057011715543410e-06 1.294924129831393384e-06 -9.356685508503729726e-06 -2.228148714421104672e-05 6.538555158533975213e-05 -7.967161352473104959e-05 -4.580956410003120038e-05 -1.437063421409815172e-04 1.342904978213247346e-04 4.932351059814576354e-05 4.164230125552842936e-05 -6.407310577726294150e-04
2.378570701971089946e-13 -3.196307734006248348e-07 1.210364636440224375e-05 4.936826605049418181e-06 7.240706226583925361e-06 6.313467612655241929e-05 -8.307463483246663562e-05 -3.033498737868548073e-05 -2.256740425897076476e-04 -2.579218285065712230e-04 8.464615122595572406e-05 1.116296820377895113e-04 -1.067828341326997288e-04
9.583709430661650058e-13 1.846404423022957419e-06 6.509655224886407173e-06 2.313650371248539500e-05 4.315496873674367571e-05 -8.966714363523735126e-05 -4.064657822319745530e-05 -7.940036232410003602e-05 6.216795859586165265e-06 3.670918424412746711e-04 1.875243948025504903e-04 -2.770978213757292795e-04 1.597774189054474109e-04
1.627078585107252409e-12 1.225581044935130325e-06 -5.875211702745308081e-06 1.839603660660088998e-05 4.083119660210418064e-05 -2.491286058525339373e-05 -1.446913033980831741e-04 3.232268144687889193e-05 4.677260305150974211e-05 -1.787332392309729878e-04 2.116401626111557687e-04 -6.592509518815356214e-04 -7.084224200321079462e-04
-1.167059805810208875e-12 -4.773732872857489940e-06 6.247011949244579607e-06 2.276786127960393194e-06 -1.642436118040930202e-06 -4.035191548592307958e-05 -3.997939592262226752e-05 1.396141514956990781e-04 2.323955140180335817e-04 -7.016093602743045680e-05 1.064012802920040707e-05 3.068023729692675658e-04 3.276964800151740812e-04
-4.259600877131691210e-14 8.364524745012912594e-06 6.066276701372013402e-06 -1.176992649387055254e-05 -2.271202635009651142e-05 -4.847562323863294909e-05 -1.638655317350226620e-05 -3.879828621155488036e-05 -3.244659193070594774e-04 -1.605567210411459108e-04 1.307038262727365909e-04 -5.031106337365356604e-04 -2.576599798200233829e-04
