5.800339064798550710e-14 -1.298467134351463125e-06 9.255300376378397431e-09 -2.278476141664642225e-05 1.111802426579678223e-05 5.145560282114400991e-05 -1.105187880301993235e-04 -2.194007188181457601e-04 -5.146351618820450358e-05 -3.879000720635742338e-04 -9.067126377461710331e-04 -5.357302262465640135e-04 -9.539758455023531619e-04
1.848813265657522821e-12 -6.216300858530768242e-06 -9.647276465626111099e-06 -1.786537661793805793e-05 4.830876370408767332e-05 5.187933620587941984e-06 -4.308768596216751653e-05 -6.364272586390957026e-06 2.545884052509168449e-04 -5.491950287136454370e-04 -2.504354727874885450e-04 1.001657253025525643e-03 2.641120229790171756e-04
-4.609374343382119562e-13 -5.964175650890876197e-06 -3.589422753112359077e-06 -4.970154111983217415e-05 -2.766809991196819386e-06 -1.878317349863013852e-05 -7.650087734713743425e-05 1.500015440366329661e-04 -2.173002011114457169e-04 -9.662709140818402252e-05 1.554116457495037756e-04 1.068539540376057346e-03 9.281397781392240883e-04
-5.905999524821090088e-13 -5.408993604586643473e-06 -3.306639867481689971e-06 -1.510734935141913578e-05 -4.895951175291554658e-05 2.914544695242177554e-06 5.974747767019716790e-05 1.454971140101233836e-04 -1.441163349845542799e-05 -1.132419761152532781e-04 1.357751351316756317e-04 -6.294549932513865149e-04 4.375582410467149783e-04
4.992660436635044843e-13 -8.068073559783960546e-06 2.393807005345109765e-05 1.978180255973509217e-05 -2.490146430699780360e-07 -3.831273586982343837e-05 -3.246405702656666200e-05 8.557991295715841444e-05 -3.108370087079220979e-05 3.208811078971002370e-04 4.441947869716042800e-04 1.208059026935167030e-04 -1.788102622958110516e-04
-4.587067172883538594e-12 -6.079994144837471806e-06 -8.432068983610683599e-06 -5.655851982397442273e-06 4.318749207792515842e-05 4.010718885172240793e-05 1.185479999466188696e-05 -1.391493157506421636e-04 -2.861293464560350146e-04 -7.049060572287919532e-04 -3.703617058399710392e-04 -1.063753300176841247e-03 3.216989388970670628e-04
-3.309675587233783519e-12 1.533381575723265531e-06 1.364155439823409951e-05 1.404378641565810782e-06 6.092443533311568774e-05 -1.412857244066707540e-05 -6.088284860031466955e-05 -7.958138996953032353e-05 7.089361243189790649e-05 -5.268882648677158552e-04 -4.041141220746540967e-05 9.376282117444790761e-04 5.728746940864503333e-04
-1.557694735360185646e-12 8.165283810183760324e-07 7.649911397254401224e-06 3.354883633022016334e-05 -6.813951291966777277e-07 -9.205215531546739530e-06 1.229322909807840859e-04 8.128111535681774964e-05 6.315969287187066499e-04 2.889634972656734534e-04 -3.769410768622161309e-04 3.939623582902790984e-04 5.330658637988510166e-04
1.817560932265138135e-13 -4.826184814887606488e-06 -1.411840393848888232e-06 -2.276448859615198570e-05 -2.297949637317320409e-05 -9.562945200560379227e-06 1.490732897927054580e-04 -1.326672053429650121e-04 8.666247122000948267e-05 -1.675352576053891832e-04 -4.410937009206571677e-04 -3.999294940359984568e-04 6.796127979064788558e-04
2.483197806646491646e-12 2.535968408279757736e-06 -1.006671751395133490e-05 -4.765005662101015995e-05 1.071112656289947809e-05 -2.831360118693123238e-05 -3.479482804129916919e-05 -5.524508759831299641e-06 -1.294716982614958864e-04 -4.330472456040757015e-06 8.857414328811147449e-05 8.499008299311896402e-04 3.632978489094111922e-04
2.829274742153844978e-12 -7.403366437491886682e-06 6.743068028317009210e-06 1.880423267054414881e-05 1.773164483562271056e-05 -2.839642486443869543e-05 -1.638240367206182137e-04 9.027955307327861615e-05 3.507609482093149221e-04 1.105641804652340046e-04 -4.159031035251069903e-05 9.146260507434875175e-04 8.782681728971735487e-04
-5.973961503829125866e-13 -1.173109484555391809e-05 -8.554182178279899203e-06 -2.686382920258221490e-05 -2.725862431831332057e-05 2.820805162213240589e-05 -9.587736722123322628e-06 -4.451434666402506274e-06 -6.739464976600745012e-06 3.474493639113798173e-04 3.698335485924059531e-04 1.242011923958719326e-03 2.348862696181797522e-05
-1.040340559661354951e-12 1.128912554279799456e-05 -2.403808447183267190e-05 -7.599321741984953429e-07 -2.337186109810684804e-05 -4.590762482347595440e-06 9.231250163667021106e-05 2.296410486486773911e-04 1.726615562800790538e-04 3.665009757451432302e-04 -1.447658665675127484e-04 9.211835064350503690e-04 -2.504950093970216194e-04
-2.162982794758971763e-13 -3.574078204394205781e-07 7.638052091857618889e-06 2.158822631254999288e-06 5.941906168137291497e-06 1.125622287262954736e-06 -2.093891389302919031e-05 9.152200835758389399e-05 1.375474414448194633e-04 2.144944514706101336e-04 6.482049961475331570e-04 5.549332535502789383e-04 -1.819048672054915112e-04
-1.614339335759942164e-13 1.102159237840943259e-06 -4.909891722648148375e-06 -1.241035339907682573e-05 -6.679933086741466535e-05 7.249296485792544554e-05 9.247008931018187703e-05 -8.455571069491279752e-05 4.632759535371522579e-05 -3.993217518605127669e-05 -1.762670380989896459e-04 -2.418627420811217472e-05 7.633389842003076393e-04
2.128965382849126244e-12 1.415702652918988968e-06 -6.549664594812752090e-06 1.633421928164731379e-05 3.793861335515345259e-05 -5.381686653851987500e-05 5.790031740101477073e-05 7.412401807245378176e-05 -5.226021734930237888e-05 3.607290133260513711e-04 -4.179735312244283016e-04 9.616272053253190847e-04 4.947311482816896516e-05
-5.193326138464081667e-13 2.121081187731960507e-06 -1.047073667786877494e-05 -3.553583312722979318e-05 -2.776619088910347915e-05 -9.795337257259083654e-06 9.059541981763148699e-06 -1.308440843551749138e-04 -1.087594729317121231e-04 -3.292280351541255817e-04 -5.597641957551698078e-04 -1.549458075403734991e-03 -8.736158008858387709e-05
5.320157423213530144e-13 6.145202235108893501e-06 -7.642909771641918091e-06 -1.495418766894062719e-05 -1.459823261684448761e-05 2.070255197870501165e-05 -1.122191528896127852e-04 -9.388258468035039293e-05 -1.950310703054696946e-04 -1.749204509143773554e-04 -1.468829020960696178e-04 1.043802930129846332e-03 3.515097364799558630e-04
1.997150727768316876e-12 -1.038187279064054098e-05 -3.062921643024579398e-06 -1.910725470580688562e-06 -6.007542703790186956e-05 -6.427903115156948215e-05 -3.825951861586253584e-05 -1.392770646384159999e-04 -1.061698668673876928e-04 -4.388226277558899212e-04 2.340251750315241693e-04 8.924336023290433708e-05 5.371921875565965855e-04
3.650400078610262821e-12 -1.471042647685541870e-06 1.929662297181083207e-05 2.852258010640945480e-05 1.149705593154789640e-05 7.125837668750533322e-06 -4.826053949868396953e-05 8.295151815842137456e-05 1.741898983087948854e-04 1.708594586316345538e-04 -3.249344434738771171e-04 6.138564358500143633e-04 -3.437203902157105425e-04
-6.642586758693482257e-13 1.838076940639749185e-06 -3.994709578855586146e-06 1.660037477248759355e-05 1.280616904696255346e-06 -2.385340713108457953e-05 -1.143532113718675130e-04 -1.293246176226359742e-04 -5.782549984610491339e-04 4.956256381889137964e-04 -2.548252763840658350e-04 -6.612829747611290339e-04 3.974070022564699795e-04
4.902095389100408538e-13 -5.240490265845765573e-06 5.620735286373675913e-06 -3.481465761404875557e-05 -8.416583436337226167e-05 -2.374619828790161066e-05 -8.081963954136696740e-05 7.368333939589240473e-05 -1.579755131553689507e-05 -4.108578034935936947e-04 -7.086410207835597220e-05 -1.537999857927647724e-03 1.601349010131287074e-06
-3.406165211557548334e-12 2.326734042672197434e-06 -1.522344429026545944e-05 1.379383306140519636e-05 -6.860723906216773011e-06 5.869523845201719836e-05 -2.005687145356988872e-05 1.003967805114025448e-04 2.621531227343158158e-04 5.602919065938754715e-04 9.775524044595706747e-04 3.983373376563188305e-04 2.584506762667294314e-04
2.635083165874804229e-13 -2.836525327626748839e-06 -2.323393708598466158e-05 -6.692958510775399127e-06 4.958848673532825779e-05 -6.487771615730295721e-05 -9.896502454011540820e-05 -2.064638703840873050e-04 4.743595162733652312e-06 3.000755628422659203e-04 -1.068551309345677595e-04 5.892283038569359272e-05 -5.453858593858126316e-04
1.969596036270654254e-12 1.887090076853321260e-05 3.722401071512906720e-06 2.015462297890818644e-05 3.176325067149461042e-06 -1.772375648319564792e-05 -2.688385140955334675e-05 -3.664737995562972011e-05 2.803048355459345820e-06 -4.982852610126738266e-04 2.892744586046035204e-04 -1.179854410938255846e-04 -6.397742700629637088e-04
-4.905273402056952718e-13 -1.400354685076579207e-06 1.494300273436376495e-05 2.057221453781709610e-05 -1.695803405239100603e-05 1.208722183852178048e-04 3.550349066719420258e-06 -8.762990196125074801e-05 1.301927187200373182e-04 -3.291154595107504094e-04 -4.485500724878972018e-05 4.898418145598226704e-04 -5.073596126387531829e-04
-2.914938516380290063e-13 -1.172975767693668811e-05 -1.386746171875139493e-06 -3.708892905110699589e-05 -7.664929970338997154e-05 -1.737526797416285773e-05 6.724397031251683763e-05 -8.417106349197122001e-05 2.760982932160604050e-05 1.319588039315957185e-04 1.350835368316859506e-05 2.160059066102620591e-04 5.680133264462143778e-04
2.328549959673032898e-12 7.736269199769873879e-06 -4.385174131325434540e-06 4.978724956665242499e-06 7.517045364858858381e-05 -3.100096352248892242e-06 -8.354417251094812473e-05 -1.237631513034584917e-04 5.812070913889553299e-05 7.404890802309606465e-05 -2.068065204930111570e-04 -3.621474493771576376e-05 7.684337176141392339e-04
-7.850332301859894956e-14 1.676710844585599115e-05 -7.959591811318622492e-06 4.340294099586230802e-05 8.279378206063220142e-05 1.534879439399081065e-05 1.280020883188178881e-04 -1.385870066966928961e-05 1.488575516805168766e-04 3.060707867619975940e-04 3.679202725834415915e-04 -1.347297426435736236e-03 -9.837077652119735442e-05
2.326006907382871239e-12 -8.201959287617996727e-07 9.235195053797677032e-06 6.951690014916144336e-06 1.449673881775352404e-05 -7.468401076751477068e-06 4.150859730420611244e-05 -2.600182878241328371e-05 9.486629524703361818e-05 -1.167511687213363753e-04 -1.777309585829207710e-04 -1.076061292649514305e-04 6.134900861221762947e-04
-6.421635580135756174e-13 -2.780256120952265372e-09 1.791724912216359028e-05 1.353529644159245120e-05 6.756651056754527157e-06 3.656832766852781522e-05 -8.847086346060135725e-05 -2.142062762642780711e-04 -3.010225679216255992e-04 3.874255816249339772e-04 8.458518803565757819e-05 7.421367951708957196e-04 6.723484444096306445e-05
4.513917602057142086e-12 -4.619361916599521981e-06 -2.064217881659760349e-05 -5.353273190446939055e-06 3.854010939080255532e-05 4.802693262526455648e-05 1.080501849941755947e-05 8.356733374612078152e-05 1.087380819314411116e-04 5.537758599307194629e-05 1.322145414852594274e-04 8.008406950830406412e-04 3.428224704058613500e-04
1.370803891676912619e-13 -1.771574919242054147e-06 6.966528182558723343e-06 3.050859495220798292e-05 3.550774182459487952e-05 7.111190527342037152e-05 1.033359191862876983e-04 1.198265806136254979e-04 2.642337529320895628e-04 3.798034782212882619e-04 5.067893494824803925e-04 -8.964749922228312101e-04 -3.059913545020105695e-04
-1.064907857491465927e-13 9.983252014893081453e-07 -1.526439711846955721e-06 -6.404975290597139194e-06 -2.730057713937570163e-05 -1.142166240753162917e-04 -1.093149392066315929e-04 -2.410871543138705375e-04 -2.063745340742072492e-04 -5.224268926196514676e-04 -4.725341021148596853e-04 3.631791049884612707e-04 2.137246292508506330e-04
-3.206640105155363195e-13 8.431893689788463989e-06 1.790429256472769994e-05 1.679827687620719033e-05 -1.276514968809071618e-05 3.761490181778681798e-05 -4.148338679295700016e-05 9.954921963986286179e-05 -4.327392186365835742e-04 -7.958365897009580560e-04 -7.259738163995919013e-04 -1.059679577119002330e-03 -8.479491248845956344e-05
2.888975386945877102e-14 -1.002711009447688937e-05 1.251321750812891279e-05 -1.488898672415221838e-05 -1.797083778714431824e-05 1.278861325756540970e-05 -1.723618117042974505e-05 8.441817501790661112e-05 -1.923962382450295589e-05 1.842079478765536757e-04 -5.170828060637263122e-05 2.486500561862023916e-04 -3.447119257571392825e-04
-1.194569069297016998e-13 -6.971827772377970928e-06 -2.429994100017410564e-05 9.898135847611021888e-06 -6.878605026621409867e-05 5.113433767559580015e-05 2.310421523093557689e-05 -7.193878680872170615e-05 -3.338225706639016618e-04 -2.454458574352038239e-05 1.695231575567492327e-04 5.463893181165667152e-04 1.316802425396793692e-03
1.189145251496437099e-12 -3.504304237289489679e-06 -2.478803187492185803e-05 1.542373151511961153e-05 1.159894354974060276e-05 -2.366160247749184508e-05 -1.368834229271198902e-04 3.265437154940492695e-05 1.825643441914420804e-05 -3.013228247759606624e-04 -2.499537042084680927e-04 -9.909101850091889968e-05 1.481882302334278393e-03
-2.780379899581862478e-12 -1.925575925696579877e-05 -9.216206896733306474e-06 -7.533072683361979232e-05 5.743505667738837679e-05 -9.454936688107187434e-05 -4.604017762613762086e-05 7.693007652219091097e-05 -2.232207395608377216e-04 1.065522623708601816e-05 1.214398213613885041e-04 -3.223101527155704097e-04 -3.447722517007325476e-04
-2.486700315097111727e-12 5.986810602921073082e-06 -1.408070981811233305e-06 -2.523215586015304274e-05 -2.979898362281763131e-05 7.538477404098230089e-06 3.532462363961297617e-05 2.613205948692284733e-04 -1.952338815011908407e-05 5.133315215984117150e-04 -1.322144881174616975e-04 -4.716502464664284826e-04 2.423603283882033797e-04
1.269620856826871373e-14 1.512262942675429859e-05 -2.647476400761020229e-05 2.552234692932678941e-05 2.016953438414523309e-06 -2.340169934029042183e-05 -1.355624871453934930e-05 2.044319078178672135e-05 -2.138196287292829043e-04 -2.392034213853674158e-04 7.686208950718860446e-05 5.003475806870842993e-04 -9.280774797662703565e-04
7.376492351209721705e-13 -3.880612978470006745e-06 -1.022732745359250787e-05 -2.230768468841102807e-05 2.836702364393029369e-05 -6.408353116150665408e-05 -3.777739048371719346e-05 3.316458809298368358e-05 6.108351195979357203e-06 -3.188275764121576306e-04 2.550822887561916548e-04 -1.094887115226795399e-04 5.967225325654686640e-04
2.660208651622951040e-12 9.066222289301218020e-06 5.644911714765711728e-06 -8.966791278259850922e-05 -5.584257502507596104e-05 1.565916870668446670e-05 1.092171970749876475e-05 -5.309596054951595687e-05 -5.591557711822911714e-05 1.188708849998486246e-04 -2.283247362649354578e-04 -3.483118434380026739e-04 -4.122593609751260902e-04
2.495809124245510251e-12 -3.109571887527364123e-07 -3.268306195872973156e-06 3.142323738298841162e-06 -2.760235636228837754e-06 7.241811223072016021e-06 5.479069095073806723e-05 -1.108794908839796982e-04 -1.609034818248792579e-04 -4.343740238068818254e-04 -1.472160593801642595e-04 6.820003201723364404e-04 -1.218359970361615301e-03
-1.324674415495013568e-12 -8.446779444040718288e-06 -1.772696543886949038e-05 -1.791391116728042305e-05 -8.902551973162971786e-05 -1.233564833351522591e-04 2.872775865844737507e-05 6.304085701161188371e-05 -1.198863995285306310e-04 -3.682668404517478703e-04 -9.856989869621733593e-05 -1.401892247804763865e-04 7.943169096005172920e-04
-3.372449825780328317e-12 2.722861513591007848e-05 1.183901989987898720e-05 4.055568386512344546e-05 -8.566307112200459672e-06 6.938283167101442605e-05 1.753102883390641529e-05 -1.622787652473714319e-04 4.229720025655765914e-05 2.432324654184492144e-04 -3.254785690763776313e-04 -2.978567373525989434e-04 2.838460439018758203e-04
1.321050485859956905e-12 -2.307780058038424837e-06 4.146428199411785627e-07 5.270873909646524069e-05 -1.339966053138025499e-05 -3.875183049292342832e-06 1.486901974308599511e-04 -8.759759181562408979e-05 -3.353624788782827096e-05 -3.855308957357899877e-04 -1.307642140530636959e-04 3.375914800771723386e-04 -5.719865194219557865e-05
-2.185081810549383363e-12 1.749407453534322960e-06 2.646643178848518565e-05 1.335485520972767359e-05 -3.351222160935372505e-05 9.782991308817653181e-06 1.602335607470180013e-05 -2.004847720242484445e-04 2.147630409097033900e-04 8.310121396216411851e-04 -1.342965843239983157e-04 3.407744298278082341e-04 -6.572563994951205208e-04
-1.195327186567232952e-13 1.203442509654988903e-06 -1.628345854797217075e-06 2.144285044054256519e-05 6.826924936710890666e-06 -5.031200102657771852e-07 -8.583306221157112987e-05 -2.624466989571709577e-05 1.326138547823879773e-04 -4.144167002367806938e-04 2.191827602750895778e-04 2.255848432307631555e-04 1.357510505516689846e-03
1.277216851183868459e-13 -1.227946884945255900e-07 -1.659008800262185102e-05 8.393425932050885946e-06 1.967762230172922228e-05 8.313651632418181273e-05 4.600556476957114757e-05 -2.526430233215866799e-05 1.021469440925366857e-04 2.914065551723740475e-07 3.230715840871506726e-05 -4.239625243482827879e-04 9.577868846049131593e-04
1.651423234991814198e-12 3.796116937766166064e-07 2.929381005517651696e-05 -7.391287053317761413e-05 4.262305527745815641e-05 3.563337201276823576e-05 3.270238154297801286e-06 -8.891135034232512701e-05 9.062391453401480467e-05 -1.070274007696568852e-04 4.091085521257672932e-04 -7.918493995302503148e-04 -9.026347118248187387e-04
-1.190073013905737834e-12 1.109858101518722497e-05 -4.574078401461788986e-07 5.394441298993363036e-05 5.153234129840598721e-05 -9.486248709388192971e-06 -1.141814978711781833e-05 1.248261673855204025e-04 7.718473087531078835e-06 1.403665542394109890e-04 3.810850157023425036e-04 1.309338087179493610e-03 5.087936456408362644e-04
-5.648032637818232320e-13 2.401036065836165758e-06 -1.557373526460090199e-07 2.887555178010626635e-05 1.745309630975279278e-05 -4.051320300650041394e-05 1.924580437368315252e-05 -1.176584943686991258e-04 2.156691273398630851e-04 -3.018800712404609348e-04 5.085393525669705365e-04 6.838493402977497684e-04 -1.327607723935532197e-04
2.127375705134217075e-13 -1.556250705271516245e-06 3.634899844300256311e-05 3.056952438636608116e-05 6.969228689616992675e-06 5.901584464464870077e-05 3.727181592858008085e-05 1.629750968553498824e-05 -1.574159420656099523e-04 -9.412488921278209695e-05 7.821264071959615593e-05 1.669633962578350372e-04 -4.250571318202717456e-05
1.433247503668389858e-12 6.050963731509112543e-06 4.761445082411380726e-06 1.874823967024140739e-05 3.572888633465309968e-05 6.124966855246392775e-05 -1.750867747232098977e-04 1.115364011637363181e-05 1.708877651147471313e-04 -2.060932735738896639e-04 -2.454851728821598532e-04 -1.281870263262863607e-03 -3.293629142820034402e-04
-5.293434782966850446e-13 -1.616260693059838769e-06 5.673166138692147828e-06 2.476417448109466448e-05 -2.522862587279194022e-05 -5.141706755739532570e-05 -5.675873993228619936e-05 -4.376777708882033060e-05 1.348392898213627786e-04 -3.912283026308560055e-04 4.254083485637461751e-04 7.733023224891238554e-04 2.852803564943979728e-04
-5.894576226399632514e-14 1.476024398360493540e-06 -1.377590963647150292e-05 -4.926374786200665259e-06 3.650502923055564921e-05 8.263929734742460223e-05 -1.116270727167609205e-05 1.584958521069254177e-04 2.561927903792629363e-04 4.055714541529106148e-04 7.465668338695929983e-04 -4.111130832401232419e-04 -8.262968540107039697e-05
2.366613147125393841e-12 2.906719242874754404e-06 1.047966728037133131e-05 3.822461305306229984e-05 2.302754899352810929e-05 -6.387981114977957697e-05 -1.483719214990581370e-04 -1.841815903819629392e-04 1.007981345889046704e-04 -4.477881807462294689e-04 -7.325684544331078534e-04 -3.707919404657731102e-04 7.813572342950090600e-04
1.170678677157309519e-14 -7.144942829451335595e-07 -3.188668191045830392e-06 1.096836312981135874e-05 8.578875322393781071e-05 3.170952754194825347e-05 9.023675472449426685e-05 -1.389423669310238670e-04 2.286197284778890152e-04 -2.441733726433419055e-05 1.013179103641691459e-04 -5.245249992287140210e-05 2.362899840345449433e-04
1.116825487405351250e-12 1.007558745813297884e-05 2.549722559069049987e-05 -6.432326975166997137e-06 1.806376884956141570e-05 -4.359457962547022298e-05 1.221241530431989482e-04 -5.606708671837866360e-05 6.989173964392180589e-05 -2.295909539865589140e-04 -3.698702867409260414e-04 1.462631366707054523e-04 -8.422495117736681410e-04
-1.208192416721369141e-12 -8.877699151886233345e-06 6.743326208900665037e-06 1.357190095464442552e-05 -1.317162659613854298e-05 -2.996239652841244634e-05 -9.006606481430091385e-05 -1.956860207138652372e-05 -1.158051996609950194e-04 -2.072485858051621016e-04 -3.705335125590874970e-04 5.744402192392397818e-04 7.321233643559958921e-04
1.067971453604463118e-12 3.711498272520915562e-06 -2.095290347018386020e-06 -4.914627496189778716e-06 2.595321103933633634e-05 7.478871789908660237e-05 2.590933347020327597e-05 5.127317082276589401e-05 1.537826217368917195e-04 -5.766932862793065512e-04 -4.133326856040290946e-04 -2.079681553537231025e-04 -3.684371992622188091e-04
4.118313220486063272e-13 -2.000973809958405660e-06 -1.007825101950463853e-05 1.409723457939819068e-05 3.161696009114866955e-05 -1.897018585816778052e-05 9.603439614076478596e-05 1.322287112778435679e-05 8.877073041075303803e-06 -2.818800537664143129e-04 3.771325828199032534e-04 -1.154164842230738551e-03 3.782128087504350064e-04
-2.548872185580287144e-13 2.313290339792149179e-06 -2.785600468607923659e-06 -1.035035060853506099e-05 2.199927840135746602e-05 1.422530918016183174e-04 8.415621029368160980e-05 2.192780113113480952e-04 -1.254517922044155406e-04 -2.402887959486509160e-04 1.910882795009715318e-04 -2.094334232917310652e-03 -2.310750091090032576e-04
-1.759863659288060993e-13 1.749988615942307625e-05 -2.954785514057104245e-05 -2.288131781332490228e-05 -6.035785600616209681e-05 7.735265114440492024e-07 9.891830536205568664e-06 2.158198732123096244e-05 -2.485066584915839689e-04 -1.045607892775042769e-04 7.400118890195284040e-04 2.550867418531131367e-04 -3.635945787517718916e-04
-1.387976342969390927e-14 5.148084564642323941e-07 -1.190570152258502322e-05 -3.519477686086146983e-05 -3.043487280843074105e-05 8.106166913728781701e-05 -5.721943558554501864e-05 2.538773226663955645e-04 2.927162457771022096e-05 2.810083902554478749e-04 -5.224738127556940824e-05 -5.848413278373438672e-04 -9.136359542405998301e-04
-5.313824075800766167e-12 4.130339228039095597e-08 -3.096045032610031823e-06 2.875001281558059495e-05 3.823760559084943999e-05 1.178708864450865861e-04 1.154222870745178647e-04 -1.939274579344681115e-04 9.051520478766537827e-05 -2.843865739974148362e-04 -6.547249517137068405e-04 -2.404530857990412216e-04 7.989181328756715899e-05
2.033797610185422138e-12 -1.273062411019923584e-05 2.700307112071345005e-05 -1.430292213485327635e-05 1.034904000161846797e-05 1.200169129740827790e-04 -2.053832016702207742e-05 -7.651949220010892112e-05 -3.541955532705269892e-06 -3.641940759304125954e-04 1.320256904785200604e-04 -3.986087065703079616e-04 1.949484743263317564e-04
-9.155649092637802504e-13 4.726354780892599980e-06 -2.072796322418445583e-06 1.849521249693326596e-05 1.135288882343058070e-05 4.728115796669563590e-05 6.378397594995657404e-05 -7.589373092620808165e-05 -2.375337970039614758e-04 -2.521204220877946663e-04 -1.119632393503614150e-04 -1.152003299396371812e-03 -5.955460826067972366e-04
1.412914722345648082e-13 -2.119217977082660106e-06 -7.801637881176524698e-06 -7.493524266153011478e-06 -8.826517132594538355e-06 -3.574511863546657383e-05 -6.030367437120562855e-05 -1.498972711964527101e-04 -2.268277409933018758e-04 7.252487567736914346e-05 -2.140474383010601653e-05 -6.954896691873135182e-06 -2.115917746718209546e-04
-6.094561895397087363e-12 -4.128039314273810901e-05 -1.835534117549875101e-05 -1.458910530367379784e-05 -3.138455372548851262e-05 -1.711655512673580546e-06 9.992320977805909873e-05 2.308468052935726348e-05 6.655090216236083950e-05 -1.695548134254967830e-04 2.931399735515125048e-04 4.742985494553962796e-04 -2.605489020108729356e-04
-5.299210805945015172e-13 1.780755377015681649e-05 -7.216168513643443565e-06 -1.937255932543278764e-06 6.592715542545007519e-06 2.157215402664098942e-05 8.781694412657268536e-05 -8.134376133690286075e-05 -2.474155363216268820e-04 -5.275337926341290735e-04 -1.355049264821003338e-05 1.353050288659175023e-04 -9.330760548898261054e-04
-2.983255507226920482e-12 -5.022362917761345005e-06 -6.907535444831906390e-06 2.972405612239982709e-05 1.730206081433375751e-05 7.719116109826882263e-06 -2.715212415317968733e-05 -1.139994022948357809e-04 9.252765351516462186e-05 2.344004779763039954e-04 1.249726561915942427e-03 4.642362142450490886e-04 2.589935428310111034e-04
1.153631109217312978e-12 7.145270616075143828e-06 1.924071284571570237e-05 -2.053359879405118268e-05 2.900313831710935805e-06 1.984375868562095606e-05 4.758382547207486510e-05 -6.274159358743117588e-05 1.312593090976026274e-04 1.189608483437748260e-04 7.375169634860828183e-04 6.531443506552626725e-04 -2.016847457966873080e-04
-3.789282360797629216e-13 1.385618748873822980e-05 8.773578985566232686e-06 -6.347350950091945157e-06 -3.115328573405239712e-05 -1.999504448768945952e-06 1.683797076503410506e-05 1.203458839040136221e-04 3.628062893079306349e-05 1.437346487623191992e-05 5.891339472941393290e-04 -4.958491689753218284e-04 -1.590017655131506762e-03
4.011184683025300095e-13 -6.429456185724958354e-06 6.613746130052636464e-06 5.368940572280632439e-05 1.540654014348432691e-05 -1.262694270573428141e-05 -2.521509307817286659e-05 -1.616636218265864384e-04 -2.708695713475478911e-05 -5.303526506920699891e-04 -8.750237129233365231e-04 5.304280406505540231e-06 1.233177237999891511e-03
2.908467983290911623e-13 -6.131727930807849604e-06 -2.006985508278974495e-05 4.322022114972275071e-05 -2.434439479888707663e-05 -5.001260641550128134e-06 -7.566086563872282929e-05 -3.916533652279476698e-05 -1.364680531365654011e-04 1.854673330102190687e-04 2.422264414323545452e-04 -6.275546536508725803e-04 -4.799655159976662019e-04
-6.341730514629112786e-13 -1.035525803014785150e-06 -1.505163881198766613e-05 -2.435932387661932897e-05 2.833185316780876718e-05 4.697324545559526058e-05 -1.341403053029564353e-05 1.408098607155043895e-04 1.484217067378314052e-04 -3.736654374876652025e-04 -2.594116948940394731e-04 3.492263429742497021e-04 -1.131154817000399942e-03
-1.025591340802646267e-12 -7.263607426127535895e-06 8.354095414814114570e-06 -3.524977728103708151e-05 2.613771158574598917e-05 -3.006771531346782316e-05 4.945403528313517598e-05 -1.423269590674534847e-04 1.800433462114258039e-04 1.097256214935358078e-05 -8.763181497767512308e-05 2.554614533924092412e-04 -6.735170039495245141e-04
1.716322607168855329e-13 -3.258112110382774481e-06 1.018822836523959386e-05 6.464580668340298025e-05 -3.167480038150401590e-05 -3.793430340975404683e-05 7.266746722218224929e-05 -5.581087382509210108e-05 4.795710990652375397e-06 4.268443936234947417e-05 -1.568815897343475555e-04 -3.072064118318095665e-04 3.450117452893061753e-04
5.976080787676841125e-14 -5.174356362933913598e-07 1.642951849478838222e-05 2.731784800222590353e-05 -2.516439129940862806e-05 6.769766524421913967e-05 1.002311550517490243e-04 -7.969657384230843268e-06 6.725776127229694703e-05 -3.230296016969124280e-05 1.326300932948637598e-04 1.158895293157999676e-03 -8.343436240867251736e-05
-3.864018729599179236e-13 6.124167272109005970e-06 -5.205722218000294664e-06 -4.273602843897474906e-06 -8.063658050030294614e-06 2.212645056107771988e-05 1.478355879274541134e-04 6.314144305339884340e-05 9.410651857999235319e-05 2.627820493729055365e-04 5.249966934270373746e-04 4.892376750225398228e-04 -5.251293846756428812e-05
-1.169407688602908264e-12 3.019398344440312051e-06 2.385064693240000407e-06 2.424719562506795007e-05 1.242283913525345096e-05 2.587812188714515426e-05 3.162189068263925691e-05 -2.837259600841338423e-05 2.500196361033350779e-04 6.705963649199126212e-04 1.269244968288089893e-04 1.896171046601992111e-03 2.666388329070143318e-04
-1.473916167555093029e-12 -4.927422211127596017e-06 4.536430415728120739e-06 1.172983389415085513e-05 5.118675208117093485e-06 -2.097073085414084901e-05 5.729616885961021036e-06 1.717096761641043136e-04 -2.415012930788096247e-05 5.547664910598199169e-04 5.185027542007916669e-04 1.457775664206623642e-04 -1.672708832163530702e-04
5.716147710941124746e-13 2.154624925939075972e-06 -2.158520656012661248e-05 5.565218632474029967e-05 -2.297432417102606247e-05 -4.088114611422671938e-05 8.910625933069303876e-05 -1.671255807447811372e-06 3.088381339280993641e-05 -3.992134443491425922e-04 3.321305910256748729e-05 -8.406721068947279772e-04 -4.124192073985579187e-05
1.290252910701859745e-12 -4.524520192347202220e-06 1.417515617475256070e-05 2.186686011926041571e-06 -4.665704035762483208e-05 -1.043904142491530821e-04 -4.399437134471771764e-05 -9.867568024745932689e-05 1.372540499603642800e-04 -5.821031098181515546e-05 -1.701232036524046975e-04 -3.349824803028252887e-04 -1.014478559118542561e-03
3.978652350412909800e-13 -1.552117175199937125e-06 -1.687309805867648055e-06 -4.026997296795874784e-05 1.434600899094815275e-05 5.472422245702770636e-05 -5.658364330650744641e-05 -1.349899347493716370e-05 2.921190779928438722e-04 3.223483128904628992e-05 -2.234623166989658627e-04 1.982448619569801649e-04 -6.665354646798031003e-04
2.216599117412925257e-13 -4.958787864107290153e-06 -1.155705569055737801e-05 -7.124097667860617253e-07 -3.593442119140782657e-05 -2.666277404966943651e-05 -7.757504328574738408e-05 1.365598292422611664e-04 -1.504767448485349560e-04 2.119182858734240264e-05 1.095530672865601394e-04 -5.605186534386007299e-04 -4.374350274119958660e-04
-7.778067027640281650e-13 -2.261871295703020991e-07 2.316248498842121838e-05 3.507277859520051158e-05 4.378981909466575479e-05 6.924552251122724337e-05 4.400463938719188800e-05 -2.840733459257210132e-05 1.568085346395283483e-04 3.980888490702121974e-04 -7.909650419589616148e-04 -8.834756184473369555e-04 -2.160561739596053804e-04
-1.690832349685401079e-12 -6.850161990009353411e-06 1.028385108922352929e-05 1.051126746496963608e-05 7.852691579746153287e-06 4.733043211853710515e-06 5.418274485820194318e-05 -1.756824540254712207e-04 2.330823286988381154e-05 3.001208205991808843e-05 4.673962160381394402e-04 -2.011738292835263636e-04 -6.003508927012815859e-05
2.705531569386039268e-13 1.532314956122458950e-05 -5.259234262545482826e-06 -2.462941231450963646e-05 -4.526743146007795904e-06 7.717630138670390446e-05 -1.758355323620505739e-04 -1.042957289606363639e-04 -1.040530039538321768e-04 -4.042362535865823124e-05 -3.508311842120731831e-05 2.421772033386492451e-04 6.823294785978323642e-05
-3.093652205698125645e-12 5.718460992617860904e-06 -2.632566598366147106e-05 -3.278717783819672378e-06 1.630172548852110086e-05 -3.755422861192833124e-05 -5.770523610567669399e-05 1.091976804331928002e-04 -4.365808832840693376e-05 -1.995779505756095087e-04 -2.396689449659829957e-04 -2.500791453373911043e-04 -5.743123400050128592e-04
-8.236726771177682540e-13 5.688641156613039091e-06 4.442568730278795285e-06 1.142722007044880698e-05 -1.638877057501381446e-05 1.067793493597475881e-05 4.154071318578200208e-05 -1.231106298533515447e-05 1.847740578146797098e-04 4.700034819426002273e-05 1.800532282051240469e-04 6.061760088161815543e-04 8.002240196751306527e-04
-5.116705127681587853e-14 -4.305182908753351238e-06 2.136039659365763924e-05 2.161115851610375025e-05 8.794593220862572732e-08 6.307982871647801961e-05 9.457249518173284591e-05 3.017569877284828823e-05 7.497800048563761188e-05 -4.940766280421967846e-04 -1.002162149874890728e-03 -9.671443847782738813e-04 -8.637701115096636231e-04
9.444085705049329817e-14 1.317225459120016426e-05 -2.077669276898366072e-05 5.590795290287015389e-07 7.240768119157332241e-05 -2.289153296160372267e-07 2.621485556680676617e-05 7.765569873766169876e-05 -2.365742218328261445e-04 -1.889606685306249899e-04 -2.380580377693511265e-04 4.112036853744705151e-04 -8.632858795146315471e-05
-8.449241592901705445e-13 4.080601578337317271e-06 -8.483834563469446944e-06 2.926091113207226696e-05 1.580550677897086105e-06 -5.408329308733416405e-05 -1.831947980808050773e-04 3.681643573196243579e-06 2.884465589964093648e-04 -6.357476532176750564e-05 -8.063086459855669510e-04 1.143580546845200142e-03 -3.819930717042523583e-04
9.708432350091226759e-13 -2.277543561901331728e-06 3.985689704395497195e-05 5.414847726399030204e-05 1.697306256268816144e-06 7.703341974812894736e-05 1.047358962170258876e-05 -3.929009185413653740e-04 -8.187853641555271455e-05 -5.321116522407329285e-04 -4.739752711332756902e-05 6.014360001908350926e-04 -5.025583813438003504e-04
2.758511727432184755e-12 -2.168397852337926446e-06 1.176957579751768803e-05 5.076143047582786374e-07 1.055890940972439482e-05 4.661811322340046309e-05 -8.091154393278712905e-05 -1.727930779651343457e-04 1.885840824423414149e-05 -1.371075501993916353e-04 4.637432434720710852e-04 3.133617959946038999e-04 1.121532105187042976e-04
-1.183310628759621652e-13 -5.517258018242749117e-06 3.915808597171675207e-05 2.659080332578003317e-05 -3.091627003146509580e-06 -3.150078725948750522e-06 -1.155731890487518316e-04 -2.917920108582174700e-05 -3.584828265941596300e-04 2.711681576741103300e-04 4.399548531629250150e-04 -4.077015619286764470e-04 1.586934807750290614e-04
-2.604687916170202890e-13 -7.107842278555342961e-06 2.279716716688200327e-05 -2.301229380134345212e-05 1.436061493333143134e-05 2.013823936966915236e-05 7.125840353236766482e-05 8.522587162582636352e-05 -9.895949950597629388e-05 6.919691513151375996e-05 1.053825631770683363e-04 -8.862834032074478697e-04 -6.128987407892710296e-04
2.463951333610166390e-12 -1.517328031333735851e-06 -1.435317465350027325e-05 1.796981935895457607e-05 1.667479536332115361e-05 -1.051713577410307674e-06 4.576209855642672546e-05 1.754698487862984722e-05 3.684122405666848409e-05 -2.440266035391360649e-04 -1.949020390082304550e-04 1.714335092057950229e-03 1.297519699307705075e-03
-7.056327273073294936e-13 5.115338028549478165e-06 -1.625153071601960394e-05 -1.779053559120722598e-05 -1.737789981119625620e-05 -8.013813556008281315e-06 -3.544314952865170083e-05 -2.827310527491971330e-06 2.257090215053731829e-04 2.385694839008194515e-04 1.213913836796360804e-04 -2.888332325619607957e-04 -4.598081927060622751e-05
-3.760049901217895680e-12 -7.222469338028307247e-06 6.485863864423000013e-06 1.975782039716477432e-05 -3.864828884178763926e-05 -7.590938112741674377e-05 -1.025309960845306766e-04 -3.013397461028793513e-05 8.497811935788553931e-05 -7.707496087975913666e-07 -4.764763638151595814e-05 -9.272928078477923755e-04 4.564211692747652521e-04
6.598557522080834676e-13 -1.307620452225625070e-06 1.087762442703137414e-06 1.877728130568452971e-05 -5.011558040164558524e-05 -1.023171038694168684e-04 -3.708569346847388152e-04 -6.123537558980923258e-05 1.548649731999527811e-04 -3.614118649366790414e-04 3.574827355270221050e-04 5.594536978050819584e-04 4.138151913869154790e-04
-2.798842418931494049e-12 1.013438097097171547e-05 5.770067120664893103e-06 -2.001400318370680277e-05 -2.750203263748171185e-05 1.998658446583429958e-05 4.451628632837105942e-05 8.300496311087231097e-05 -1.002671716810109813e-05 -4.301519965780740062e-04 -3.408601740541325020e-04 -8.084065220345350777e-04 1.704364044808180808e-04
-1.454406701074637845e-12 -5.292566250543177791e-06 1.431758668872512959e-06 -7.484844116802116744e-06 3.014923545673692627e-06 -1.928160995939334134e-05 1.644644740416554467e-04 -1.100879342115117433e-04 -2.305411741901330620e-04 2.390212301082925964e-04 5.913439094316797498e-05 3.348519596583803730e-04 2.303434724709792648e-04
-2.321461458608704626e-12 -5.082094093833585107e-06 -4.585466743261458460e-06 -1.982684390392616040e-05 -4.796333413483752319e-05 -1.125261901857283988e-04 -1.482472978254391479e-04 -3.825862655328643859e-05 -1.049297731652670503e-04 1.569600192854712928e-04 1.747711441962627836e-04 -7.031047685950501762e-05 4.544840853517414158e-04
4.016925131560799934e-12 2.671957659266332818e-06 -1.421661097218526131e-06 1.704832646445402170e-05 4.610845262718827947e-05 1.029413939262490788e-05 -1.084522059538660604e-04 -5.152254930531735499e-06 3.600092609516645213e-04 6.022485587355333155e-04 6.087367005563528582e-04 -2.292287392925674260e-04 -7.006164151708460953e-04
-1.305587369961474861e-12 -6.951203870324716324e-06 2.753986558230676340e-05 1.814400868395976594e-06 9.576729439660984592e-06 1.622770106578364484e-05 -1.222638817807222020e-04 5.424839472746291425e-05 1.073454263098153126e-04 3.821184188563293165e-04 8.527776562636647057e-04 4.016403836668150438e-04 7.944992256854688456e-04
1.697312755740377317e-12 -5.987333362785634857e-06 5.457109146221418389e-06 6.523922534500241354e-05 6.095714745285197721e-05 1.247030242619509198e-05 -8.319275145883439334e-05 -5.619213364844840094e-05 1.846337958191431749e-05 1.743036259415939955e-04 8.692599306436487802e-04 -8.496278538597961706e-04 4.046806088898459680e-04
2.703173019168948409e-12 6.655805793493145149e-06 -3.746513237809983824e-06 4.007068473790040779e-06 7.648595603270473882e-07 6.471853179513052765e-05 -7.222353981700183859e-05 4.359638887586420259e-05 2.890604495007179927e-05 -5.651975571410239926e-04 -7.531021519765618288e-04 5.600780554275563029e-04 -6.537975405169100000e-04
-1.557538370562952118e-13 -4.287755098752039275e-06 -9.146069466643283799e-06 2.324898089510912191e-06 -3.639147130668481463e-06 -2.191267685195466146e-05 -1.136991371685624889e-04 -1.046935104750727573e-04 1.145371270390082647e-04 1.007027218108293409e-04 -2.680161658847385458e-05 -6.134639202894540903e-04 -7.391545351064616413e-04
-2.878874068682586352e-12 7.068080648627012149e-06 4.367498301965723211e-06 5.340194200361259822e-05 1.975935990239991697e-05 4.423690257191123385e-05 -7.466547355075452196e-05 -2.024949981439881129e-05 -1.026998031030349617e-04 -1.658545047155015717e-04 -7.433756216589059698e-05 4.157848301274237666e-04 -5.860001872865748529e-04
-4.264757369734856354e-13 -1.079356755697693554e-06 -7.454989022476931192e-06 7.972341990262068556e-06 2.583489569691933084e-05 1.394672329508034714e-05 1.642267480242434337e-05 -1.031883603404307443e-05 3.634041454497369364e-05 -4.181346549984883004e-04 3.832373191449565866e-04 -9.331129200867069578e-04 -6.085257041014908216e-04
-2.590549420983737803e-12 -3.431574574615865571e-06 -6.064567895565718941e-08 3.847094278412668285e-05 1.845661655308727557e-05 3.726264006977766691e-05 1.302819925299722913e-05 -1.207557905623815379e-05 1.448954999579402287e-04 -1.933867550780362374e-04 8.869156522460713366e-04 1.017782954027013484e-03 1.389502434014721168e-04
1.442806258873584509e-12 8.518949797388544162e-06 -1.172825343102244019e-06 2.152952928564990520e-05 1.548000547586539120e-05 -1.209608659119642341e-06 -2.534873048607385018e-05 4.551708526682961254e-05 6.344881080620985768e-05 -6.135465377988965046e-05 -1.369410710580223022e-04 -4.174847701618059959e-04 -6.040005280517868032e-04
-1.640966233779631879e-12 5.287004275049972082e-07 8.054397435771328139e-06 -1.124538977876652746e-05 4.244749698364697342e-05 -1.867031949637227965e-05 -1.030993717710465210e-04 -3.641996386548938900e-04 -1.342276547305231349e-04 -3.418378684433726077e-04 6.173847578771982916e-04 8.554124522574018319e-04 8.057568914309695153e-05
-1.364627114613006583e-12 -1.119023203806080383e-06 7.679267342872595357e-06 1.344835642067260234e-05 -1.130746862369679551e-05 -1.196993780548000444e-05 -8.728745794862755253e-05 1.367785098675320353e-04 2.645665684372840469e-04 -1.234830074212734990e-04 -3.302652605100395351e-04 -3.846471096116562370e-04 -1.529301843647606690e-04
8.200346283763357407e-14 6.545573554597593658e-07 9.551557317899539906e-06 4.310093283124865785e-05 2.953144166601065823e-05 -1.181561951849458579e-05 -1.664331447605628682e-04 7.667050541557770017e-08 -5.505295503641591812e-05 -2.039943968559181759e-04 1.684271858929592479e-04 -7.046712795630808313e-04 -9.280892992708058339e-04
2.916931147846091084e-13 -4.031744894324581637e-06 -1.722315135011626166e-05 -1.557825092685216137e-05 1.427581849995789267e-05 -9.654819029450768841e-05 -1.936869839699612796e-06 6.503771549265833325e-05 -2.280859082562090617e-04 3.825611936545356704e-04 1.035075725479752681e-04 -1.063844231211152208e-03 2.099095983500051622e-04
2.404771612382796406e-13 1.869987603587175857e-06 3.565118356386242851e-06 2.075010610713989680e-06 4.628110132017153804e-05 -4.366398991034950433e-05 -1.150996015026729098e-05 -9.764548367513433162e-05 -5.609165966404105878e-05 -3.985084618891554769e-05 6.283959769913049045e-05 6.145226295534276682e-04 5.350301859993783667e-04
-1.492833713209553433e-13 2.205115845562208435e-06 -1.603394843543499670e-05 9.003910320898095957e-06 9.916355260136778413e-06 -2.953374727418258980e-05 2.876292589008307280e-06 1.448202794312274507e-05 7.311655069986209123e-05 1.519838545943648768e-04 1.224923561992703074e-04 -2.263896797645910148e-04 5.338338634732628851e-04
1.384024914974365200e-12 -3.401011628797005449e-06 8.581228451447879760e-06 5.049966925619840539e-05 4.795392725174036264e-05 6.463543823296179420e-05 1.992890577601877077e-05 -9.526382461485957643e-05 -7.665575811012096178e-05 1.751854576902393704e-04 -1.079862290764779261e-04 1.288196778675107545e-04 3.320478752548025820e-04
-1.900233571034614198e-13 6.144369215899338733e-06 -2.883746571127913489e-06 3.440971047488262263e-05 1.609981297474291084e-05 -3.130294086291304388e-05 7.641761342246908067e-05 9.755552347156032562e-05 8.944221498760648832e-06 -1.713270925908395718e-04 -7.803743533464929541e-05 2.021802474099401834e-04 4.808801659331900843e-04
-1.474699147946561975e-12 8.703428941538539549e-06 1.464623277226296004e-05 -4.035284641203552830e-06 1.343966775479079755e-05 9.700874386617015850e-06 1.019847578588874804e-05 2.987542798677513488e-04 1.626693632245640843e-04 -2.119947189231076131e-04 2.846781406682764122e-04 -5.359022130437060419e-04 -2.919744045936754505e-05
4.158701373522618042e-14 -1.605753018408199555e-06 -5.907699242387578133e-07 7.432686315359760747e-06 3.515957913394450191e-05 -6.031004104104426461e-05 -7.921752089586733055e-05 -1.758242882716715507e-04 2.596556512888671502e-04 3.508051394786222145e-04 5.977419729527318855e-04 1.344383250516333365e-03 -5.971324377907721685e-04
2.224609198992533285e-12 1.071567797467694121e-06 1.347974542700688513e-05 -1.399710646853916649e-05 -1.388613024907079994e-05 -6.451498411486085015e-05 1.485102982869421463e-05 1.596815985592165191e-04 -9.129205477393041973e-05 -3.363927269186700879e-04 1.296983853977109276e-04 -3.592398061534218703e-04 1.033621935966834394e-03
1.275363378229274397e-12 4.925618321754507913e-06 2.214633177891369520e-06 -2.754310104425213858e-05 3.355924698961947305e-05 1.226315226167530679e-04 -5.626416978158161805e-05 1.335805288095335784e-05 -4.810128648204240495e-04 -4.043807733943708175e-05 7.878310582118486574e-04 -6.443691100505845272e-04 -6.734085642080939963e-04
8.770434549093495899e-13 -1.196398711268424251e-05 1.047778748148853964e-08 -3.868580625419440917e-05 -8.034693485513665491e-05 -3.634743008463256313e-05 -4.935306148278200707e-05 -1.725787270905712091e-04 -5.385036233482213110e-04 7.345983575165236179e-05 -2.424433590171453680e-04 -7.069080927389816572e-04 -2.784277767920715664e-04
-7.415032565731354330e-14 1.725393695702617523e-05 -8.857190798266520776e-07 2.077188600259114340e-05 3.968698680061381011e-05 1.212412192597605621e-04 9.607270485586716564e-05 9.774623279729876765e-05 6.640702762456650993e-05 2.328916789613985682e-04 -4.151450665643567389e-04 -9.375267451884498416e-04 -1.951968614853768970e-04
3.564082715880964688e-13 2.530868961253282909e-06 -1.386190681593737669e-05 1.090178021302397492e-06 -2.338196428437746282e-06 -7.263762706962393083e-05 -2.187541943681914905e-05 1.336412852754900423e-04 -2.468678230577821459e-04 -1.388042639933838968e-04 1.055414239852388997e-03 -7.860999095878375956e-05 -9.163613852222593417e-04
-3.471938677565996543e-12 5.678613575547508488e-06 -2.810631485811001015e-06 -1.811913830840122461e-05 -6.402445078894585353e-05 -1.050973442146258105e-04 1.048317070696800206e-05 -1.024359443170314183e-05 1.441399803899470647e-04 1.903130051898756345e-04 9.171790512347992351e-04 -2.001110869765024660e-04 3.225232903410411552e-04
-7.810194716634979713e-13 -4.727775649781926547e-06 2.435249498687901904e-06 2.621876832455931818e-05 -4.849304943182257231e-05 -2.052234696903536238e-05 1.150092598085013148e-04 -8.475484977298305468e-05 -3.448707665612538685e-04 -2.899838320157731774e-04 5.965603569195753370e-05 -1.372411025607822642e-04 -7.533642558655098426e-04
-2.213905524330470295e-13 -6.458100112108345290e-06 2.060654575591221556e-05 -1.970546749844764007e-05 3.132102684873180898e-05 4.153997956400138188e-05 -3.844381061492457461e-05 9.960453787575090077e-05 2.397913854087267108e-05 8.199245698159329690e-05 7.119357275328996133e-04 -1.057655463358641234e-04 1.402214647354993221e-05
2.392871055601080228e-13 -2.540987299986118391e-06 2.411779730062386145e-05 9.958510274979841178e-06 6.344867873535522528e-05 3.596370339730544307e-05 2.250844549529042293e-05 -1.968920407706405780e-04 8.634141720031272740e-05 -5.476841067807438571e-04 1.090438883041038102e-04 -1.490486446062568027e-03 -4.654986578917047176e-04
-5.140786215437016224e-13 -3.323111370312986671e-06 3.516213033127707636e-06 2.236401146595156197e-05 -1.511886671261814829e-05 -2.970609113496513421e-05 -1.411800513598898621e-05 3.119615587906919511e-06 1.869729828895413840e-06 -3.352013873654563665e-04 3.902818922127734153e-04 -2.509978529209255468e-04 -4.913372908854027896e-04
1.436722056658803970e-16 1.269677334839644744e-06 -3.112851959847366457e-07 -3.192525182219455232e-06 -2.545566571482174563e-06 5.540755547044621231e-07 -7.675017536346017148e-05 -6.546135218295623512e-05 2.573539785726410923e-04 -5.835482854556002557e-05 1.272984350544176214e-04 5.572052966821898446e-04 3.651257995963719683e-04
-1.462977412108579147e-13 -4.752461948298177785e-07 2.846587723564528258e-05 2.670166442537137789e-05 4.644297898097828775e-05 -8.547485795862732173e-05 -1.703030136482399672e-05 1.499642092430202420e-05 -1.042543769080026331e-04 -6.924692335652472483e-05 -4.647776563479704250e-04 -6.044330715067780697e-04 -7.806628329388101565e-04
-4.740956736390417746e-12 8.632090773361834050e-06 1.844874359623048892e-05 5.317585591318230084e-05 1.720528053906951945e-05 2.422838418361608168e-05 1.226392520113548954e-05 -2.977366279491810535e-05 -1.293150303840309213e-04 -1.314964035964070164e-04 -1.158152551014916088e-04 3.170661796439479545e-04 -9.002914715614646849e-04
8.888577258127769570e-13 2.199109681006768333e-06 -3.017931904841334583e-06 2.308825454845949289e-05 1.209276464064898577e-05 1.036264318857813699e-04 6.322872637420581301e-06 -1.109286275928794317e-04 -1.320387420463104371e-05 3.318983634692915696e-04 -3.193656289796870215e-04 1.320856561347738501e-03 2.074828139148010521e-04
-4.395996051251691875e-12 1.004908300014017571e-05 1.203790329257317963e-05 1.515034876179250243e-05 -2.402500959208117584e-05 -2.787533065809428895e-05 -8.756590436856220817e-05 -9.590720605764787513e-05 2.734094516719363000e-04 5.838942559489961048e-04 3.290570253948306109e-04 1.020860551680944153e-03 7.280876943668286670e-04
-1.423049354314071636e-13 3.691729704239788167e-06 8.786655871238916433e-06 -1.358457509207921567e-07 -5.946624360682300512e-06 -2.071617490630209789e-05 -1.333838299302038996e-04 1.808545885877473481e-05 5.431863042149783898e-05 1.427909098522262993e-05 6.066428149314517576e-04 5.967926169255631129e-04 -2.997966708584222134e-04
-8.182772901362282192e-13 3.039418428193685098e-06 3.295925380710680190e-05 2.869942903574438484e-05 -1.481127880241609979e-05 2.708461220298237256e-06 -1.199494326395047063e-04 -7.189777048629280188e-06 -3.855832463793586445e-04 -2.612308951415892068e-04 -4.305306535462708525e-04 -1.380014587894012705e-03 -3.874007266536752580e-04
3.717879689924985815e-13 6.652305711958635992e-07 6.685194821271209489e-06 8.673039964250833065e-07 2.626679633937482243e-05 -4.557442358305726867e-05 8.588128052417725835e-06 8.661796289886078502e-05 1.252264133444681791e-06 -2.396896018120104311e-05 7.513814747623080171e-06 -9.956839914747384924e-04 -9.640838734510488121e-04
6.932207582172689298e-13 3.246698013609477125e-06 1.463105859142670451e-05 -2.697761654578447537e-06 3.620489926494599041e-05 -6.810736661791639461e-05 -1.038693824214249081e-04 6.593907152809244466e-06 -1.959152752972991821e-04 -2.015808966052451585e-04 -5.339144304762831169e-04 -1.222693842964513904e-03 -7.634265900173352196e-04
-5.901983791910461015e-13 -3.103822384871525039e-06 -1.085198470489551968e-05 1.158699010128779021e-05 -2.960545549491404706e-06 -5.024123406565873370e-06 3.020576933182035601e-05 2.669780585414102897e-04 3.371852535910500057e-04 -1.968778980368995424e-04 -3.503235333295208324e-04 -8.415424904719472641e-05 3.013939989318870842e-04
-4.611052600212615420e-12 3.586667395874585548e-06 -5.009851956712070833e-06 6.222128089520732137e-05 7.716443372894037230e-05 -9.578730435532605689e-06 4.567893665732094432e-05 -9.416843701030340268e-05 -3.191696220255200740e-05 3.496809544839316161e-04 -2.583960945062892798e-04 -1.393470942217886564e-03 -4.928437611906702530e-04
1.193112137952312515e-14 -5.864704860640559554e-06 -6.995968816141318107e-06 -4.384910399576351147e-05 3.962169477454030066e-06 1.346832673550195635e-05 8.599556587106191470e-05 1.558812353729664452e-05 2.146191032015878187e-05 1.220088043915062319e-04 -4.265279105185435416e-04 -7.441201754179909214e-04 -2.668718512473406963e-04
-5.417843426488954005e-13 -2.538255357662721739e-08 -1.405190739659000019e-05 -5.716816589700192992e-06 -3.319556697727101013e-05 2.300323908766989576e-05 -3.748311769393180402e-06 1.493792953695852568e-04 1.761918615730319337e-04 4.346741753618837251e-04 6.737476750086188095e-04 3.561430026221003536e-04 5.589042776104182018e-04
2.629884459551920572e-13 4.405181185995910443e-07 -8.650067064954111831e-06 4.723882111603384562e-06 2.660799588442419318e-05 -7.941960867236647591e-05 7.423642623131631300e-05 -3.326235428618275391e-06 -1.067926610300952889e-04 -1.725589320806436349e-04 -1.215941160734791652e-05 8.533283753065093805e-04 -2.007784412634198816e-04
6.514363012092692757e-13 -5.594987777477304155e-07 -5.056431198340215309e-06 -4.022987916298611683e-07 4.363841137856527765e-05 -5.551094340886604949e-06 -5.051214727541898577e-05 -9.184981532201788818e-05 -8.686316225478977527e-05 -1.424577884534397934e-04 2.076196587497729164e-04 6.062412911289197844e-04 -1.090026954654882505e-03
9.264704017829494584e-13 -3.180598511620720022e-06 6.223248932556489662e-06 2.218034484438859721e-05 -3.282658608641842476e-05 -4.074658318454596912e-05 2.353205214172086687e-05 -2.248725620470297241e-04 2.357484838937907122e-04 -4.527838910350173403e-05 3.392200013159616030e-04 1.669614153067080966e-03 1.458250252616824505e-03
2.143357193396101663e-12 -1.412506158650188044e-05 9.441320954575991000e-06 -7.662069992797879066e-06 7.395288796029283204e-05 -4.547823120564585650e-05 -2.618185318437592042e-05 1.081058673569069284e-04 9.472568784197784566e-05 -1.863393196841228890e-04 -5.590752559880069654e-04 -6.797061190769633509e-05 -3.859479525491206318e-05
2.068542815629889068e-12 6.936293535677754187e-06 5.475608891756472308e-06 4.913138505413567903e-06 -8.168401728835084454e-05 -2.677429292384342319e-05 8.925208838611090848e-06 -9.641863189535868094e-05 -7.202702312219931178e-05 2.381776986590476280e-05 1.558360855673220709e-04 1.312206448522820670e-03 6.272708926335707679e-04
9.414680799028181207e-12 4.184154817694245567e-06 2.114859152724423826e-05 -1.002294344758236305e-05 3.548069073119894195e-05 -3.234098120432907572e-05 -9.493343104803550231e-05 9.964785518962624377e-05 1.874495074399411547e-04 -4.959683894706691000e-04 -1.097991821245061333e-04 -3.910411492594414074e-04 -1.394365739632588360e-04
2.033630791320407864e-13 -1.336225666026189567e-06 1.166699223071638430e-05 -1.360776403344185203e-05 1.914560392280264732e-06 1.430862278290290785e-05 4.884988011474966071e-05 8.838949596926657542e-05 -1.036965023074343939e-04 1.578779304763922584e-04 -1.462636221770622497e-04 -2.063781002751976373e-03 -3.165525749188799194e-04
8.883024799487612696e-13 -4.619373494142003346e-06 -2.424366963260771355e-05 -3.124545865352956239e-06 -5.640908036816521544e-06 -4.253125285444112373e-05 1.393159857999525094e-04 -3.393344766856202577e-05 2.514763301158278374e-04 9.345845786651487999e-06 -2.775805693240855783e-04 -6.522350131111765651e-04 1.072873229633266733e-04
1.788475228984062448e-12 4.516911318204919804e-06 -9.078122152900375960e-06 -2.130272894185887705e-05 -4.482205268619826453e-05 -1.204042319064106037e-05 3.017392312813049654e-05 -2.118112478908673742e-05 5.518365840675040171e-05 -2.446987373210812050e-04 -6.149912357305426782e-04 3.759766183657172259e-04 -4.184167156086957950e-04
-2.659032348146207037e-13 3.824735892381285273e-06 -2.958131434892833283e-06 -3.026704244646381416e-05 -3.843085302020876588e-05 -3.094628969929642392e-05 9.079658236454378484e-05 5.189612284869447308e-05 1.769596631099772447e-04 -2.427291407104911238e-04 4.808597811133543754e-04 6.538811615411201442e-04 -7.190814973267153952e-04
3.461823790628094104e-13 2.042351122319447786e-05 4.027365099503346258e-06 5.182694189242942963e-06 4.697469403074986381e-05 -6.383840868552291775e-05 -3.362185561556983247e-06 1.196293290053340741e-04 1.553366970018993983e-04 2.020453362772861626e-04 -6.109893528124813117e-04 6.328125811254731127e-04 2.373036039587530599e-04
1.149891996472643782e-12 4.966349196620149607e-06 -6.864239011167044658e-06 4.555734138223448371e-05 -1.243444002462161655e-05 -7.779626389990983073e-05 -1.680693065656229778e-04 -5.540657454203289800e-05 -2.408829832507506643e-04 -1.834169043529225928e-04 -1.026472597431958052e-04 -1.145573599007260911e-04 9.811533604586982794e-04
2.505958939223581207e-13 -2.036572311232344681e-06 -1.531334740377256234e-05 -1.315911804730115056e-05 3.631909847249724187e-05 2.407175657344959787e-05 -3.152493260953450526e-05 7.808202576764982977e-05 -9.963410307220061095e-05 3.187955761556220450e-04 -5.617452048199850787e-04 -1.697775024269260538e-03 9.169496948586656343e-04
3.124998366546470497e-13 -4.126827424937094660e-07 -1.794926369660285691e-05 -1.260559782924324131e-05 -4.569149495017589660e-05 -5.510431021526881665e-05 -7.456977856373432666e-05 -1.990617545498502922e-05 -1.683890158354199064e-04 -5.040820539768326635e-05 1.009589703109407040e-04 1.291431320623079141e-04 -2.685980593402154592e-04
3.005698252177259133e-12 -1.015797165944403393e-05 1.535019545399342092e-05 -3.631730819717783918e-05 3.691516871587160317e-06 1.391324259750331321e-05 4.114988872683414498e-05 -7.460948268481421355e-05 -3.808271708880694774e-06 -4.174414171039960396e-04 3.314779960793508349e-04 1.714630310976205697e-03 1.996004047693098176e-03
-1.784030228659102053e-12 -2.645490189582074058e-06 -7.764453603431356916e-06 1.736970155710278188e-05 -2.124117715109535879e-06 -3.517224243273293835e-06 4.967767856282828763e-05 1.095450991217964597e-04 3.692755388999395695e-05 2.865829978301425839e-04 6.756058808439453301e-04 -4.269371262343890530e-04 -6.171999993311932334e-04
-1.836735354639388927e-12 2.351935598479448225e-06 -1.232279190746885345e-05 -3.356159701152393488e-06 -3.202443327112446689e-05 4.478819954834011052e-05 1.173278902713219075e-06 8.593051523410929603e-05 -3.176329860733754704e-05 -3.042112946340270606e-04 2.951631313555447473e-04 -5.959349614897147809e-04 -4.977150631087153302e-04
-1.282736850216516993e-13 8.948983504006888792e-07 1.166098535335375945e-05 -3.013284867030659235e-05 2.876497116438191942e-05 -1.093359848968652857e-04 -1.528568372318840694e-04 4.655031339004751617e-06 3.720791850322794692e-04 -1.575184808216768990e-04 -2.254479975777370893e-04 2.414182355666121948e-04 -7.484012213806667205e-04
3.045446693394381023e-12 3.552697036874623494e-06 -3.024370929780771787e-06 -2.117870937258674977e-05 4.145570187584191126e-06 3.907963303629237477e-05 8.628224809363793039e-05 -1.155753710011648248e-04 2.091408724786433348e-04 4.440831973173500779e-04 1.132609745138642579e-05 -2.862377565231216041e-04 1.455512411380380918e-05
-2.815170992631620108e-14 -5.340774146988234812e-06 -5.151362859190686155e-06 2.370619256651698535e-05 1.863348683719594581e-05 -3.624342155729595161e-08 -6.473755700991339990e-05 -3.102688962800032231e-04 -1.741517131133713523e-04 -2.168851426850281752e-04 3.011942983738650744e-04 4.865404993143562329e-04 3.468778944999242105e-04
1.083530773683120560e-12 -7.795816643766642203e-06 -2.094350889913078547e-07 -4.433526093361776587e-05 2.252811847190057572e-05 -3.316797828704166938e-05 -5.886818019219605008e-05 5.902440495823648545e-06 -1.659171243968102531e-04 4.544144203408031970e-05 -9.687017855514973665e-05 -9.488135871925704569e-04 -4.167136269195489680e-04
-2.778364613748159427e-13 -6.127758551513294877e-07 -6.522698997505241491e-06 1.727232132506246652e-06 -1.008147382231515410e-04 -2.828236416204490107e-05 -6.863295901111217054e-05 -1.083158069466212675e-04 -3.893497372605187368e-04 -1.033119061576365981e-04 1.233884631897243060e-04 9.254743154143310700e-04 -2.166387862553442603e-04
1.550552523803802863e-12 -4.856011445659369918e-06 -1.583260397029757585e-05 -2.354415370588758372e-05 -5.075740454523429554e-05 8.945989332125898143e-06 1.508721138941604889e-04 1.266165710111721958e-05 -2.028858996667436707e-04 -3.714929681391968626e-04 3.245913957133559052e-05 -8.684589036884743244e-04 -3.606063091589816957e-04
1.751022527178154959e-12 -4.083147619495124609e-06 1.444752648612825466e-06 6.558111823847443918e-06 -2.813344552080510632e-05 3.285195511390637523e-05 -2.773218776086842547e-05 1.138900889463084710e-04 -3.935742908048783296e-04 -4.270405019927225681e-04 -2.142543675424196344e-04 -1.977086195898228056e-05 2.917479237262801694e-04
-3.278550630502009169e-12 1.773175524842120627e-05 -4.238529743748704444e-06 1.257568575003789108e-05 6.510566165181388668e-06 8.463371148661987854e-05 2.898306330073900641e-05 -7.569610597720456626e-05 1.612935160208668671e-04 -1.591459126915470900e-04 5.014015364587558416e-04 -5.888859845945483996e-04 -4.168149625197735170e-04
5.554061619937998563e-13 -2.066364638705188041e-06 -3.645121890823117610e-05 -4.921951092163844303e-05 -3.322573595948291201e-05 5.807453176094450888e-05 7.114524778374461531e-06 1.470934487389201502e-04 -1.570295462758890229e-05 -1.384237022830032483e-04 4.452789132971439814e-05 1.754764804350624592e-04 -1.138066084566559508e-04
3.598994826060190943e-13 -1.264824615458028386e-06 1.316851928219840440e-05 2.011578116330273055e-05 -7.747734884848116589e-05 -9.468798685074882027e-05 -1.101545773577221945e-04 -7.965539038867034695e-05 -3.293134891984545549e-04 -4.838706989530908945e-04 1.702049753964305885e-04 -1.260385543652977551e-04 -6.135468503973276130e-04
8.913726061778869127e-13 3.367331337054011476e-06 -8.084491311059663926e-06 -3.452745708061987092e-05 6.987713258934610702e-06 -2.898559522836458076e-05 -2.955172983575814216e-05 8.667736527552115811e-05 1.058553075361545374e-04 3.152219205427662879e-06 4.766254358610387738e-04 1.470353095874558707e-03 7.607707380581973716e-04
-6.224397854416546959e-15 8.959251013037975446e-07 -3.013286461361156055e-05 -2.575991121609098709e-05 2.186685527626935625e-05 1.280461463257008145e-06 -9.524561718826457334e-06 1.109883589153978247e-04 2.587754993869082449e-05 1.727688374706269007e-04 3.549474447897546037e-04 1.221374136083093259e-03 -7.578242219221750136e-04
-9.428095966719424753e-12 -7.937489902249183357e-06 1.304845986045755551e-05 -3.523660145078998259e-05 -3.306730852740115764e-05 3.823957546741857470e-05 -2.156642458036991507e-06 2.275497312488557514e-04 -1.998232865697826481e-04 3.623382805707934992e-05 5.400874537431661626e-04 1.165504414541313968e-03 1.600142030116391187e-04
-2.738274486818113146e-12 -3.181626980998613933e-06 1.113428908706468470e-05 3.965206901487890748e-05 4.428168898789392371e-05 4.374527706668403742e-05 -6.335918478089867236e-05 2.991454532817102924e-05 -3.012900478750182506e-04 -3.736198830451697029e-05 1.704233368501197423e-04 -7.414075043021358020e-05 3.430584755822453321e-04
8.496140274012328784e-15 6.766588561363677882e-06 9.351665776933911547e-06 2.332435754287807519e-05 -1.666797896990722963e-05 -1.989097480689315907e-05 5.427081582281835211e-05 -1.056739069521839031e-04 -2.360267119936018341e-06 -2.921720205870532148e-04 5.226873988874198174e-04 -1.706029572833564836e-03 -1.790416222110710056e-04
-1.317279577071533060e-12 -1.738879169664733372e-05 -1.049920683460110986e-05 -7.768183947548208947e-06 -1.637718733097131478e-05 -1.195706775918591090e-06 1.145037338661958240e-04 -1.394985020492264089e-04 -5.681852421916047522e-05 4.840094407134013540e-04 3.422522707596879201e-04 9.557845229153384128e-04 6.957312467633470577e-04
8.604634879454192355e-13 -1.939706401476389187e-06 3.810275338063888174e-06 -3.795140430459235817e-05 -7.422653624140973310e-05 -5.413171167614827062e-05 1.037084746431455782e-04 -2.299949712018631472e-04 9.434498934660688022e-05 -3.634533079128186329e-04 -1.031813337136033143e-04 4.458838663838630891e-04 -3.457955958139152190e-04
1.684387661750717565e-13 -7.340139515174488485e-06 -3.183179591803491588e-07 1.028155173021740792e-05 6.010836872636540724e-05 9.905214448580464422e-06 5.345751528339028383e-05 -2.098186882372750752e-04 -2.396896141481436786e-04 8.460864262666671089e-05 -3.746847612837704176e-04 -6.295867105492236658e-05 -1.351315248720230894e-03
-2.812526319294032537e-13 -1.144548450129085962e-05 2.150992252192061337e-05 1.342096836490649861e-07 3.173000999755634058e-05 6.717360418476381280e-05 3.142958331245094698e-05 7.312074062860266801e-05 -2.231779496122972381e-04 -1.648961317942726132e-05 -2.915794822053022531e-04 8.386379635156243151e-04 -1.715947838647812818e-04
8.404899827961997622e-13 -9.618341804969439703e-06 -7.132171744722296413e-06 9.517960558253042242e-06 1.195801029288286685e-05 3.845085323897530906e-05 -3.420760484409657390e-05 2.630177407874112775e-04 -1.196748333162708218e-05 9.023799852206410195e-05 3.318001219051618968e-04 1.249104706215730690e-05 3.175367503734745009e-04
2.670124659231781331e-12 -4.113062822279360444e-06 -1.443032164359817253e-06 -8.177102013511351695e-06 6.434896584566755144e-06 -3.014140871117199078e-05 -1.335148902312566005e-04 4.118823665365276899e-05 1.361093829482024260e-04 -8.934612537500534837e-05 3.709680709956297883e-04 -6.660813817898474662e-04 4.540221794092787720e-04
-5.770369702655595711e-13 6.069825168164014509e-07 -8.231328877176741583e-08 1.223800038574391007e-06 -4.813349067340543186e-06 1.128350361741882512e-05 -1.467171619768221306e-04 -7.968577855189941611e-05 1.168687883858507061e-05 9.076004342629208138e-05 2.292281114236888195e-04 5.968714654006503485e-05 1.277356991436271079e-03
-2.282005226639297952e-13 2.506033598256287106e-06 1.054647051145166594e-05 1.365705963057109879e-05 -2.525267522511255615e-05 3.963869495547153569e-05 -5.045987067245242213e-05 5.856814197717350639e-05 2.142378431671787249e-04 1.527419907821018900e-04 -2.885273687988434716e-04 4.822099012161591713e-05 -3.334547395460094564e-04
1.703887064247155545e-12 -8.780077443542546234e-06 -7.984057983154298991e-06 2.534913029847044941e-05 4.353029149904762227e-05 1.153557638807455461e-05 5.688770110587437864e-05 6.851638425748416837e-05 -1.029831984848838427e-04 -6.045300486836981731e-04 8.907226827515212408e-05 -2.479690205298041585e-04 6.601187357891605137e-04
-1.742921729042864475e-13 2.329647809999925040e-07 -3.894133100754516533e-06 -1.619490844247687073e-05 1.312200280496281251e-05 -1.118873578424399834e-05 4.504342031303122846e-05 -1.974600683798431798e-05 -1.269243584617051632e-04 1.469369743607028701e-04 -3.398738552213507449e-04 5.495332275348132007e-04 -1.138649677895842637e-04
2.627020298841417654e-12 -2.100965593010737784e-08 9.989833614530374564e-06 -2.054467979321407219e-05 -4.027906952636232013e-05 6.188237095546994277e-05 2.560956280402878446e-06 -1.767467261254681080e-04 2.456834806145612366e-04 1.932031674330663535e-04 7.000756355311154934e-07 6.148799417995404876e-05 4.457268006486530838e-04
-1.121930924972721796e-12 4.282229148651733637e-07 -2.268519879296701256e-05 -2.812779849423594538e-05 1.192796364614172177e-05 1.098683422400821932e-04 6.023034354041502576e-06 1.024173159571862621e-05 -6.067185504125727522e-05 6.446181417016072761e-04 2.040503278859955353e-04 2.253854877972108386e-04 -1.068643692227034137e-03
-5.017410467371739351e-14 5.717672820815306049e-06 5.171149244054435251e-06 -1.541895282472936150e-05 -1.193209639137763757e-05 -3.976539714317486228e-05 5.429688940079434903e-05 -3.406780247471141073e-06 2.226090234406580748e-04 1.020557507100095483e-04 6.020002074223860123e-04 3.563519057607235623e-04 -1.124448038586328691e-03
-1.365804060723613296e-12 1.303864280590711822e-06 3.083694746230440068e-05 7.691898421762472893e-05 -2.624443055146029316e-05 -7.366300982023485150e-05 -3.781253388074871545e-05 -6.325633900934513781e-05 2.533587755169632244e-04 2.352548434121215634e-04 3.221064226262762152e-05 1.350786374758456668e-04 5.953855986862566360e-04
-9.024967982047409088e-13 4.126365938511819234e-07 3.342010783955477922e-06 -3.516494311612832499e-06 4.444042620995244393e-05 1.055611309306248366e-04 1.138876449077657829e-04 -6.721446962164522542e-05 1.786129003439296768e-04 2.314495916472196328e-04 1.053023776578432193e-04 6.905512720688217589e-04 -1.002294307754862104e-04
-1.442507207316622220e-12 2.118206876336125844e-08 8.899702495380898801e-07 9.802660939948625282e-07 -2.979161200687658684e-05 7.385541633426491838e-05 -5.552586282922493925e-05 1.028226194272869484e-05 1.287195186908604572e-04 3.454789778721537767e-04 3.334007690717707582e-04 2.327300500396368318e-05 -3.016822587744291337e-04
9.513614197665952689e-15 -4.452677342260268262e-07 -1.439504147775325436e-05 -4.980531865798912873e-06 -3.774753293678248978e-05 -3.709785348206923964e-05 3.457438906687617389e-05 -1.457677259777505601e-04 9.745543134493600079e-05 -1.604101869655834409e-04 1.153581905137472012e-03 -7.476310826235549008e-05 -2.068355922941473972e-04
6.179780153509044585e-14 6.224909413956763367e-07 -7.471999240476221816e-06 2.181743719771674471e-05 -5.072949785991495757e-05 -9.400363241502731617e-06 -7.431255727501294938e-05 9.857077083218679023e-05 -3.256826257543245944e-04 -2.544298063825140661e-04 2.669010932720825469e-04 4.314266734168741837e-05 3.056018937828353576e-04
-4.129156797597530568e-12 -3.511811978137048687e-06 2.857408593851889933e-05 6.746371020166557148e-05 9.367912245816804515e-05 6.142982077238710555e-05 5.599239813130703797e-05 1.172622388623233836e-04 1.898104249547161580e-05 -4.337224199528800936e-05 -1.123242280415445141e-04 4.805937932582424296e-04 -2.782282597973781565e-04
6.896857095485321928e-14 5.793494294456346985e-06 1.138087564131401777e-05 2.628213831229455017e-05 -4.782536789776520054e-05 3.103470753610354613e-05 1.974372349140257458e-04 1.911010011945945387e-05 2.023298809241494975e-04 -3.117863988661531455e-04 -7.625358951098441590e-04 -1.165932082545864841e-03 5.705178810921680702e-04
-3.987363410263365154e-13 5.046363137064425414e-06 2.453975429541052213e-05 -3.981101900209120997e-06 3.550174106635699283e-05 -1.876300702370135295e-05 9.068276594007221455e-05 -1.004411566964036377e-04 -2.269434214180457627e-04 3.681483678513713790e-04 4.987497681718480085e-04 3.240850903867239282e-04 5.804664233227482562e-05
2.210515924883594197e-13 5.067917988705982302e-06 -5.213578821897935903e-06 5.010466988363961407e-06 -4.608050179532203620e-05 -5.077693242692350359e-05 -5.799233193228304768e-05 -4.416718665562504421e-05 1.408099306931710087e-04 3.954738606952296325e-04 -2.410139730450211492e-04 1.110590632327932640e-04 1.182510720304647261e-04
-3.473529194096485463e-12 -1.733288153229607658e-06 1.750792558673081534e-06 -8.887856263603623540e-07 1.459890427059494718e-05 4.660731864216222607e-05 1.230538758991775179e-04 1.319905234350944644e-04 1.645575066462551925e-06 -3.822644789220457366e-04 -1.041090811071727380e-04 9.224977616062764044e-04 5.028259692411779155e-04
-6.060560356890703871e-13 6.419925375495246797e-07 -2.121363197834366521e-05 1.615297587198467877e-05 7.048198439366293969e-06 -5.646623255014360216e-05 2.385841543403518575e-05 -1.152410417898513137e-04 -2.289705680781457743e-05 8.021113180551463120e-05 -3.468685779939945850e-04 2.314768117353000683e-05 -1.527315219943071794e-04
3.537140592969237201e-14 -6.069939470720760167e-06 6.191566331825166883e-06 8.704246638348275819e-06 -1.382981321877079364e-05 2.727864143370810839e-05 -1.948137957823263737e-05 9.185277087376400649e-05 -7.637090004996687767e-05 -2.405136165726889344e-04 4.912726472858495216e-05 2.783991813194915143e-04 1.861537681888792524e-04
4.071852658392445427e-12 1.585328809047070140e-05 7.690366263989133952e-07 -1.134786211632216858e-05 4.048818743133544916e-05 -3.792495703650838987e-05 6.379145542804512945e-05 -1.529917137516731071e-04 -1.328609550583812013e-04 -1.418150866461894604e-04 2.909874858672912082e-04 -8.246427120403317492e-04 -2.385103027579151382e-04
4.725744667094817738e-13 1.414618238797401497e-05 1.466639692384217420e-05 -4.543234900698628310e-05 4.258595178525608781e-06 -2.504678461544700241e-06 -2.076628468209192662e-05 7.712921789206718176e-05 -1.194348314907796803e-04 -2.678516605145464806e-04 6.015544201766231166e-04 7.069965362662908055e-04 9.720274039794473157e-04
-8.747249379416616936e-13 -2.042986764387996166e-06 -1.886039495593013228e-05 6.757523390717344187e-06 7.689860594243395941e-05 4.467010571403197427e-05 6.012986785984191987e-05 2.915533108521187701e-05 5.978194767531145698e-05 -3.259482422315047694e-04 7.440427838745196215e-06 -5.001155029585909861e-04 1.863996926561942982e-04
7.904160714169756281e-13 8.799334672820643808e-06 -1.217446887785827280e-05 -2.011721055259965826e-05 4.398033082187871666e-05 7.931709020155004568e-05 7.372216253450208912e-05 1.393274654561250481e-04 2.351906441219508211e-04 4.513252290364688606e-04 2.816078922798337489e-04 1.624496790295304011e-05 -1.529377286869446767e-04
-5.721207650570536993e-13 -2.390397279709852990e-06 -7.007193840290046217e-06 2.779739950783368036e-05 2.281631912580833562e-05 1.047072454080133269e-04 6.399926708025139666e-05 -4.766387605847584836e-06 -9.228013015208418263e-05 1.488248113744023273e-04 3.919187390644930332e-04 7.336421474275458187e-04 -1.980668001998265909e-04
1.874751852339638480e-12 -9.803187504136411264e-06 -1.126330233660383223e-05 -2.251434415119844322e-05 2.453479744701054797e-05 3.656891335176280788e-06 -1.143551035103094262e-04 -3.957799656748255921e-05 -1.728065846166492380e-04 -3.518824526533619805e-04 -8.915231805940234278e-04 -9.837029214994814658e-04 -1.192597805181902374e-03
-2.343940750776622364e-13 3.853298505486500994e-06 4.405836471108268890e-07 3.138908320646103595e-05 1.155009688689316627e-06 -9.589681479522910819e-05 -3.483322222311490627e-05 -6.167175075873459859e-05 -7.874847352781864991e-06 -2.861292116093023846e-04 -2.750811851796309518e-04 2.064241157557284898e-04 -1.000025665488971961e-03
5.149507689730518588e-12 5.698517405545004801e-06 -1.194067120320771505e-05 -3.102223130805984850e-06 -3.900172647537921078e-05 2.664949115751134149e-05 -5.499659857235820337e-05 -2.146921949523517985e-05 2.215330196136555024e-04 1.773398352947664507e-04 2.708371285586810167e-04 1.535069280756468438e-03 -1.751179268097861408e-04
7.177809713380318508e-14 6.776022712223896451e-06 -4.694815743303107740e-06 1.843371912120072607e-05 5.236996396139568219e-06 -3.241714440279610843e-05 -5.098140730278171222e-06 1.576194646739047448e-05 3.944416972509953169e-04 3.413392868475812469e-06 -6.390035721078373354e-05 -2.802775575536494085e-04 6.794819428728233373e-04
2.407465302275612692e-13 1.360225936019523024e-06 -2.168969571574829502e-05 1.760843206748126825e-05 4.135670620435976286e-05 2.783915147184160265e-05 1.785284021711881254e-05 1.518137908687958724e-04 -2.365687277087077890e-04 -4.528112852076961089e-05 9.575247265317437184e-05 3.017455938879276783e-04 -5.134792466473944109e-04
-5.996060134928040695e-13 -1.087143911090953424e-05 -2.095301473852739560e-05 2.783745023753463077e-05 3.530768169172031058e-05 -5.942963655749413076e-05 8.831258360553070018e-05 -1.186345380468249245e-04 8.093535849401443233e-06 6.376778493103076430e-04 -7.317439348965497738e-05 -7.522768084416536468e-04 -9.622023759910142571e-04
-6.067898235652424466e-12 -6.514385651111960374e-06 -1.729952891708614568e-05 1.183163766224270117e-05 -5.528330019963788625e-05 -3.189806626132000387e-05 -1.045586007301552064e-04 1.185419668992720760e-04 -1.303075146229522145e-04 -2.937226317951568315e-04 -6.401120562927805225e-04 9.134853879332497728e-04 -1.971881798623449579e-04
-4.729541751133343119e-12 -1.279599237455033387e-06 -2.254063686536130786e-05 -3.304238315559505397e-05 1.638515734221804396e-05 4.365495854725700263e-05 -6.172911330383130821e-06 3.192997127552581958e-05 -1.365029821265137844e-04 -5.321530113473558744e-05 -2.358154277246279917e-04 -4.052828059908020674e-04 2.092962517101756078e-04
3.146908230657314419e-14 3.398520800280953428e-06 -3.831124286088331825e-06 4.285911365337911463e-06 -3.435809038622196352e-05 4.490365206478249307e-05 1.170027782639588957e-04 6.214228196257266717e-06 -3.852744951935726278e-04 -1.725566795917085161e-04 -5.084298063580013332e-04 -7.701676518881961071e-05 7.766298842238936835e-04
-8.999340879395837100e-13 -4.162654157966188050e-06 5.637263045542188221e-06 -2.005568442274687101e-05 -5.289589114604221381e-05 -2.356803411578709150e-05 -1.065902383150004183e-04 -7.584494152100687081e-05 2.057948290696604737e-04 9.075922347957696937e-05 -7.318806612989288852e-04 -2.986649301579206561e-04 5.025234008943902210e-04
-7.853620043657850987e-13 6.588430910377805064e-07 -2.218008563133275828e-05 1.019086422558475115e-05 8.796071277836426655e-06 -3.546809735980701442e-06 2.936163588524599262e-06 2.086567909933288766e-04 8.853475862785343794e-05 -3.938540519427785971e-04 6.267506257439776310e-05 -3.752052826676187055e-05 1.253269319114712517e-03
-1.066986102059229634e-12 6.998117276415443778e-06 5.333402414822494523e-06 -1.341075829970561743e-05 -1.760826855909443191e-05 2.875097267636520342e-05 8.878753019449567348e-06 7.419041665947435785e-05 -6.307218699906701025e-05 -2.202512453813479203e-04 -1.994546142625532995e-06 2.755076570592861879e-04 6.054905386510350492e-05
5.527289491781413417e-13 6.641372137000444369e-06 -3.965821946773616357e-06 4.792666021833308306e-05 1.907681668153899659e-05 2.519367361473863907e-05 2.039202695519251556e-06 1.018918615390549992e-04 -9.858022851462393894e-05 -3.025225697583400507e-05 -2.826515554459257734e-04 -2.144634691312149641e-04 -2.141720425294499006e-04
6.226202963276358441e-13 6.984849704135386053e-07 7.916056334911960248e-06 1.079785173872341319e-05 3.177305575631339367e-05 2.749249063033231124e-05 4.574375314160791556e-05 -1.114121518335927227e-05 -4.513011714811776136e-05 6.206333058871632471e-04 3.187587609684800556e-04 1.366454661809171070e-03 -4.721771579796862607e-05
-5.010808223408308124e-13 -3.426912726890389984e-06 -1.179696300158234682e-05 2.448319395431509154e-05 3.725132909510540778e-05 -1.101648384525302218e-04 -3.862603671756181757e-05 -4.173615396517418901e-05 -9.197404225975600815e-05 1.067323669877154655e-04 1.143247223091119891e-04 9.483619924497614737e-04 3.375598161450273451e-04
2.275695353144361732e-12 -4.768629527938272402e-06 -2.554789618264369054e-05 -1.581563131342351500e-05 -3.526891105401246584e-06 6.730540648575087345e-06 -1.893572387032835356e-04 -7.630716415513834827e-05 -2.556770951069917792e-04 8.754954198640245216e-05 -4.064350280331042336e-04 -7.393377374773435289e-05 1.053514368695494487e-04
-4.674502073118056175e-12 4.491360026169001225e-06 2.168120182704595577e-05 -2.914488609564698526e-05 1.052415842210945034e-05 -5.693184241728503267e-05 -1.281146224136445096e-05 -1.390076226065456845e-04 -2.312015637091118035e-04 -2.310382020215109898e-04 -6.305535507263439286e-04 3.863390319499703678e-04 1.439826705671466743e-03
-3.634817980694728711e-14 2.584076168839413791e-07 -1.021280776073808001e-05 -2.967794989694597297e-05 -6.552283762576376720e-05 1.234019901853351605e-05 -5.655524443949969793e-05 9.184034857048337835e-06 -3.916882928048723159e-05 -3.574046357568091449e-05 5.236077312068182282e-04 -2.745913931141879855e-04 -4.302099078103159883e-04
-1.158652188596130196e-12 5.793521402799603354e-06 -1.020388392610223775e-07 3.859491449150697181e-05 -1.258514111604445533e-05 -2.071466820633337960e-05 3.679238326367103331e-05 1.376710928695431548e-04 3.572276982370622446e-04 5.227212113786558695e-04 9.505163120813424490e-06 -6.929151289927461743e-05 8.634066148606653595e-04
-8.937714596036093879e-13 4.624082198719366789e-06 1.504822324781064814e-05 4.649169039214582922e-05 4.527635541533605570e-05 -4.188354323334949697e-05 -6.084963538473680828e-05 -8.400869270866711917e-05 1.289432667456684835e-04 -4.427068644955132337e-05 2.144007143738631857e-04 3.873939366761326893e-04 -2.557834152804906464e-04
3.115911389890292054e-12 2.672506854518936340e-06 -5.092769954270026302e-06 1.444560445585270212e-05 -4.256101484314873154e-05 -3.842744196755685490e-05 2.363238561790334869e-05 1.745897292203534316e-04 1.154504041421610625e-04 -2.031504292629372939e-04 6.371467545649151095e-04 -1.911276028246695728e-03 -1.026404146197052369e-03
9.338366832770996840e-13 -3.956605608743580962e-06 -2.014926731661983495e-05 -1.867961073045596251e-05 -2.143555771069506033e-05 1.664592805826531536e-05 -3.849481197789642685e-05 -3.678233334307212709e-05 -7.721182921925661725e-05 4.958858812681923725e-04 -2.008458803052085354e-04 -4.570788639816305730e-04 6.728997635014556580e-04
-1.487703975546593602e-12 2.202145677126805541e-06 -1.763892830727826905e-05 3.452340517733013800e-05 -5.116733583035122247e-06 -1.145923977592048456e-05 -7.722043617519542129e-06 3.309502188876190838e-05 -1.495707305031487681e-04 2.545038536524312943e-04 1.247458123006421138e-04 4.885139258463018497e-04 -6.318067564817966397e-04
3.400659362146877088e-13 -2.192899428974417642e-06 -2.260883113638709462e-05 4.524220560242839121e-05 -2.520442456807173756e-05 -1.687519529008502716e-05 6.129693913267107469e-05 1.173273735558258765e-04 1.968890855142248566e-04 -2.157181660947043392e-05 6.653725802132300126e-04 1.632667824070596239e-04 3.521362535349602425e-04
3.409451058041935393e-14 -1.022937286661585170e-05 -1.741529890210860866e-05 4.418427579740459479e-07 3.159632688515810907e-05 7.867367385068632039e-05 2.154667738850285765e-05 1.360084555539561467e-04 1.041536155794825876e-04 -2.261945510457706216e-05 -4.783857688510906032e-04 -2.584712264862043494e-05 3.949629218617861301e-04
-3.561661986872655731e-12 -4.622153592859554404e-06 6.874358530303202124e-06 -1.812053544553257717e-05 -1.440795743562937621e-06 -3.577755326815448248e-05 7.043619153007604783e-05 9.797349011237143184e-06 3.580076192553227569e-06 -1.023138157617911061e-04 6.601960069514468434e-04 1.029320355951197788e-03 -5.551511415658641181e-05
1.184264424847046686e-12 -6.605160030445769667e-06 -2.420863115662308561e-05 -1.736477264895421485e-05 -8.247851109683333162e-05 5.116628686070500098e-05 1.239407706779775264e-04 1.232618569509845094e-04 -4.027260463981777053e-05 -1.000745343248577200e-04 -6.631878199649818501e-04 -4.593790291352225488e-04 1.041863253065385781e-03
2.939278632909546644e-12 -1.549772734415214571e-05 -6.526758783537701609e-06 -3.332423975920595279e-05 -4.072455851772882260e-05 -7.689329195955213979e-05 -1.356159235611097591e-04 1.976616286638442456e-05 -2.612524118119354216e-04 5.102749621227469379e-04 -6.725707631221912453e-04 -6.653371869218458433e-04 -1.750414422263267317e-04
2.171068488498153244e-13 -9.560363209454004399e-07 2.820709831250110079e-05 1.025088563908552796e-05 -3.228791132517227884e-05 -6.798119855144662956e-06 -6.112589601860117495e-05 -2.995204848225336536e-05 -8.209609008233632432e-07 -1.344592999199171297e-04 1.901630202784438295e-04 -8.551800436514376972e-04 -4.179422047943473647e-04
3.867029297663382318e-12 1.917710965537199033e-06 -1.604567822041165392e-06 2.913552713934669424e-05 3.771609602122607510e-05 4.536889607629080167e-05 1.911515766160045235e-05 -1.088529774937768875e-04 1.373763080219321596e-04 3.554648613029791847e-04 -2.230260332737189061e-04 8.987584255780285366e-05 2.728808724455903572e-04
-1.677699958496766518e-12 1.702423426544905249e-06 2.877789359258954417e-09 1.420957237039796383e-05 6.015997477316178992e-05 4.650127536429312232e-05 -4.319900278908804986e-05 6.535245542446422055e-05 -3.011984214926502696e-04 9.507207146965709725e-05 -1.002001605755257048e-04 -3.346444063816355263e-04 8.282526339184941109e-04
5.965718342842831671e-13 1.154841611398940452e-06 5.858529998404326602e-06 3.064965341004893817e-05 2.048940250589775238e-05 6.539670866690764923e-05 -3.589543068799769753e-05 1.839915336120847699e-04 -2.131925370562185221e-04 3.832482722038133504e-04 2.998713823708936310e-04 -7.202380787790046935e-04 1.241430721773555167e-04
1.068587557170269205e-11 2.388853992848578870e-06 6.110332696019702610e-06 -3.902756315837585315e-05 -1.065785758607438065e-05 1.119318496521034647e-05 9.086959058853377985e-05 5.825617502426892166e-05 8.714547599965116005e-05 -2.423046259063930358e-05 5.953596519165493383e-04 6.867965887829192486e-06 2.657378021536156601e-04
-5.188217132845459382e-12 2.484474362761802010e-06 9.238695484532871265e-06 -1.174877933130598615e-05 -4.920347678219192305e-05 2.871918168764930453e-05 -1.131267146457211006e-04 -2.555584218389983570e-06 -1.975979428868772847e-04 -1.094770866761132766e-04 -1.947513198344216756e-04 -5.165444224735421183e-04 -5.729356470120685176e-05
3.864315702186540755e-13 2.581084184678324272e-06 8.793849674228896223e-06 9.067345974746034116e-06 9.729028051150753810e-06 7.330741191842716456e-05 -1.929524884777439092e-04 5.402200659941868284e-05 -1.745844671965458080e-04 -1.176992074489445776e-04 1.221674860867913806e-04 4.168056236737429851e-04 1.930246896097728509e-04
1.457827525572591186e-12 3.888411663351219214e-06 3.246582430784076433e-05 1.367442453413600485e-05 2.325109366730677504e-05 -2.707676770199619814e-05 -2.949069383628545737e-05 -1.205305386589395554e-04 -9.835082665103046408e-07 2.863977307517132391e-04 1.339119539361134637e-04 -4.459704126927620856e-04 2.369327874890717284e-04
2.362539129520441122e-12 2.982178309872800530e-06 2.183058239506369246e-07 2.505376135878009401e-05 4.197611140448525224e-05 -2.209739322560449169e-05 -7.521706137036076028e-05 5.231320873677540819e-05 1.166598211011565995e-04 -1.898667820271220292e-04 1.665498785848775604e-04 -8.650277118386330523e-04 -2.854098451678239957e-04
-1.682891333167524085e-12 1.247925945005154341e-06 1.208539479437166526e-06 -1.692457529873000316e-05 1.794866021723340055e-05 -4.677030152405224172e-05 -4.472481666738756538e-05 2.019279176090590965e-04 3.339511945000542747e-04 1.358969259807607792e-04 7.380577198121146152e-05 2.522862705808770977e-04 4.403654359031174375e-04
-7.016240194674786017e-14 6.789677888733067016e-06 6.022102090582150575e-06 -1.604270386832814120e-05 1.662152445052333548e-05 -2.344527095133861920e-05 -4.918319830473679425e-05 -2.462605014979863508e-05 -2.928501871554900970e-04 1.787290316414229100e-04 3.933765430993797275e-04 -2.161942811922918739e-04 -6.233461527008327097e-05
