9.645968428707690730e-19 5.890825003393325112e-10 -4.526289897225535061e-10 2.259851806932903837e-09 2.714218205739932008e-09 1.943750241100952856e-09 6.303771131779811340e-09 1.360917872263596822e-09 2.347433328345660877e-10 1.277723964414071515e-10 4.819718238671611626e-09 2.492972133924860856e-09 1.790349725864981982e-11
1.092171770941578811e-18 6.439368035469906519e-10 1.396116243553415435e-09 1.655154574371102467e-09 1.876995362103669646e-09 3.123027984772709935e-09 1.785893467253195218e-10 6.463365487784087110e-09 4.289557715115982382e-09 1.073468518573933013e-09 1.020458532691546531e-09 5.816734537420082184e-10 -1.958464691591370047e-11
1.527389327372519614e-18 1.303664421158737832e-09 9.020630058338783268e-10 9.386771796726206902e-10 2.506552874461276995e-09 5.156959998820277435e-09 1.261327942568716905e-08 8.906872708713122602e-09 6.340316174137251140e-10 3.783274489337502621e-09 3.595365646508499195e-09 5.603133681978956535e-10 8.144972075418675129e-12
9.547445254817728778e-19 2.796101468471713534e-09 1.217452249014698708e-09 -2.153129601088806792e-10 1.693833766237492029e-09 7.219294962767596988e-09 8.607791545546903558e-09 1.173645704662750783e-08 1.224927727058272781e-08 2.053128757649481276e-09 7.519716633181883860e-10 1.133925425979381454e-09 2.481338070328335393e-11
-2.342989828075838476e-18 2.252741771868846722e-09 -1.215721264107233442e-09 3.742387224480241354e-09 6.457280148149817315e-09 6.171997758397418354e-09 8.410097303176912988e-09 5.265316861655922366e-09 3.473968471178952979e-09 7.766268850177794355e-10 2.007003846397756008e-09 1.023051465286457723e-09 1.060326237676541139e-11
1.837927562524231701e-19 3.466471359411517018e-09 2.325992549853877444e-09 8.304710522137699812e-10 2.744431336897475868e-09 6.521486926510134260e-09 8.691866159428410285e-09 3.811599685816834747e-09 6.048532539537901487e-09 -2.759181722738753328e-10 1.676589176380795477e-09 -6.579477234292766726e-11 1.361732237322140188e-11
-6.612675515343903019e-19 1.182202083578601161e-09 1.215408745081839323e-09 1.863345174835305749e-09 2.808525146836339101e-09 3.320638603495836692e-09 5.863026514103037659e-09 7.252303459123219958e-09 7.942692403463176861e-09 7.620131107493449196e-09 1.102574459716430480e-10 -2.295867084398287259e-10 1.889971261185237811e-12
3.475084398975491869e-18 1.155002175332040961e-09 6.443032289694910041e-10 1.027703270506255179e-09 3.376196433467722284e-09 4.284123739429060504e-09 1.534161729815185163e-09 4.025972787936993898e-09 1.609925050169711319e-09 1.011481840692790267e-09 2.455452998849740382e-09 -9.166578318782510660e-10 -1.877155045837541875e-11
1.943986235733930075e-18 7.062304619738601060e-11 1.557703731721501591e-09 7.996445394471474487e-09 6.097655384325542396e-09 5.892823090920243641e-09 4.270416664375264145e-09 4.383028526869494210e-09 -2.799567482676147269e-09 4.721739032955814004e-09 -1.108324650724088460e-09 3.157716607383110553e-10 7.060215567016810691e-12
-1.895602808457558003e-20 8.803993059271385502e-10 -3.354005027148066711e-10 1.862017541396105045e-09 3.970244106383926226e-09 8.753506034037138726e-09 1.068775049374904180e-08 1.809703008385617483e-09 -4.067373862321499054e-10 7.180001445593859582e-09 2.722775218173904692e-09 1.822662408285441299e-09 2.067707013608558794e-11
-3.227006234341981436e-18 -1.385070956429685032e-10 5.303613031770482395e-10 4.262984879336056369e-09 4.963699229996037200e-09 6.343869297584483014e-09 6.887577224237350079e-09 1.922430476210754701e-09 4.355276713858608448e-09 1.477552728294141707e-09 2.655215670964793071e-09 8.721882850031958902e-10 2.291411986868265206e-12
1.422962891980108956e-18 2.214224872476758058e-09 -5.816053968930884252e-10 1.989889943485819527e-09 2.578116538970340544e-09 6.358001135319357431e-09 2.123284885243122319e-09 2.516877848847987459e-09 -1.076789716639886510e-11 -1.386760276973213462e-09 4.213198419834688970e-10 -2.419380452132383434e-10 -1.743982409189647852e-11
1.195309749056462003e-17 -2.220392971162322575e-10 8.696224497851807782e-10 2.795384289268442501e-09 2.443108786881680093e-09 3.373870066876164984e-09 9.529060048945523171e-10 4.323028322867216942e-09 8.531809655742636284e-10 5.349208483800602537e-10 3.439891911592588439e-09 2.025740903127465624e-09 1.052010000025663357e-11
2.357864443460354815e-19 7.740488372169508624e-10 -9.788527876571372472e-11 6.169464543544080226e-10 9.980715014004700373e-10 6.533194787281846348e-09 7.262876564059773110e-09 5.964831261640939182e-09 2.526374930399154426e-09 4.945927007382832615e-09 1.031154449958421635e-09 3.599435106039442852e-10 5.132319201634875254e-12
-9.166447614382307446e-18 9.772856664306244479e-10 4.214822474921750878e-10 3.505740369235922233e-09 6.016326813134106797e-09 5.055331336192158762e-09 1.664671731782135251e-09 5.041951698423236661e-09 7.255663195663608139e-09 5.282816847098901807e-09 2.616430295923291970e-09 -5.086477340404625671e-10 -2.878870534028164781e-13
3.739333030359874193e-18 -7.268670688045171113e-11 1.242221308857374600e-09 3.834385142128988664e-09 4.578938481395850493e-09 7.382867509438517696e-09 1.276578944131531479e-08 6.544460067057891093e-09 2.354030145620387229e-09 2.708577282132819913e-09 1.945575918064796314e-09 5.875932512368631486e-10 -2.033609893300610297e-12
4.680315280409986735e-19 2.288175062368117352e-09 4.109960354797123792e-09 1.779954288426032999e-09 3.783789280180153649e-09 6.246116005421080245e-09 1.718193422918260913e-09 5.692599067065729972e-09 7.167140381719855745e-11 4.168768415692898945e-09 2.277556555976864527e-09 6.471617923315569098e-10 1.864802413119088617e-12
6.665748585096312639e-20 4.881558231125962612e-10 6.447329356404995457e-10 4.715196835885479968e-10 2.894104456298983607e-09 3.249086992641147606e-09 6.421773232238322985e-09 3.494102848989796412e-09 -6.426002548319447471e-10 4.505517049185845992e-10 -2.348149930790084355e-09 1.102165791042316633e-10 6.892649909081886214e-12
9.587741814376066782e-19 -4.198321476871490335e-10 4.339502039495614468e-10 2.134199848342176079e-09 2.467892064953563571e-09 2.961871291725454904e-09 4.281596502889123816e-09 6.170505835680940230e-09 4.549070568271929273e-09 7.113597832682040051e-09 2.507288427972195441e-09 1.282882603410612305e-09 -8.595447258328059376e-12
2.002015013829707791e-19 1.270042022101973876e-09 1.571302420959413673e-09 1.859465474703634003e-09 3.388774538188874434e-09 6.522970129821953329e-09 8.472396351353372843e-09 2.947529066561051454e-09 2.574228384663050721e-09 -5.025027108906239668e-10 -1.567063889591509235e-10 1.579294969387823941e-09 4.284831433203459564e-12
-5.255225805465302023e-20 1.400362440856560231e-09 1.466896114569625303e-09 2.126406832063084446e-09 3.581765243433460068e-09 4.025224560723342902e-09 3.224381697786167423e-09 2.699167945157867568e-09 -8.445526674991800436e-10 4.065239134182753401e-10 2.313245871553314140e-09 -5.143706049146472234e-12 2.460839294618304696e-11
-6.532740336685763119e-19 2.588143376954360979e-11 3.648555607840341590e-09 4.815442378010065170e-09 2.738663967083322940e-09 5.395544897139947420e-09 7.203323717041307634e-09 5.546177336568825155e-09 9.762333410956501850e-10 1.616162013110281191e-09 -7.282891459476194447e-10 1.453252164664392920e-09 6.565822130476690136e-12
6.411985651412200693e-19 2.259775197950238116e-09 1.773033355978699041e-10 1.334460702881321668e-10 1.172927832165751838e-09 6.165256597222518602e-09 1.488594791516771272e-09 7.968312240396137014e-09 7.517839422861371248e-09 3.353986580905206059e-09 2.980491431856219220e-09 4.860653927164601973e-10 2.836588710344554527e-12
1.164898403057224266e-18 1.569011605750943054e-09 3.026090232686943017e-09 4.418178138676961962e-09 2.411985871147101057e-09 3.236204534576800430e-09 7.247009601897454776e-09 9.708094511535186165e-09 4.904337174777363482e-09 5.182815804726071616e-10 -7.775700417605318279e-10 3.076162184198587271e-10 -4.036926491699936695e-12
2.726517089014119949e-18 5.462555755179557559e-10 3.561132458626271258e-09 5.243890527805877635e-09 3.112182303651971188e-09 6.343222971653402871e-10 9.887099453341265948e-09 3.830200816724005986e-09 2.945471967937717604e-09 4.624603434531506856e-09 1.712369779016573660e-09 -5.202922323529888476e-10 -2.065057275123489392e-11
-3.020383305174313198e-18 -8.346668419848311080e-10 4.140925981686863188e-09 3.138468289134640300e-09 5.210757144667958023e-09 3.828577080836472588e-09 5.882451602647052595e-09 1.191351362899644130e-08 7.657498347237451226e-09 2.972973619037765938e-09 3.059257867125151011e-09 8.829055459400357699e-10 -2.356507916153355084e-11
-1.114325990553034684e-18 9.993131168952646082e-10 5.585938634276780135e-10 1.137817070182067708e-09 2.550522775539803234e-09 6.350632134094781222e-09 3.790801234222264523e-09 6.999615815527146218e-10 1.352230479623413268e-09 2.400877957219090018e-10 -1.114049036189272553e-09 1.051075785145968421e-09 2.322067781147562397e-11
1.109288388714262323e-18 -8.901764246108618959e-10 2.526376536285081835e-09 4.286462941673429360e-09 3.294749068179770259e-09 4.317278857787335799e-09 5.675467293152582774e-09 8.118874152452139067e-09 7.661244204263914226e-10 6.272347536467620897e-10 3.581810462620529318e-09 8.138459946049985950e-10 -8.243854790173655942e-12
-2.479445984320428427e-18 -6.484854937663803598e-10 4.452426713408051358e-10 2.576218577820587023e-09 3.625556644863034902e-09 8.804966267100539194e-10 2.153212608878662067e-09 3.867222504921512660e-09 1.972848974234701183e-10 3.540510568537152660e-09 4.096749608986753859e-09 4.417208525071084010e-10 9.658268606362133061e-12
1.090805125088295227e-19 1.925493834608848993e-09 1.769058792498531018e-10 3.488189005908158017e-09 1.208946928634776057e-09 7.241673437666898925e-09 8.434563217978814108e-09 3.688883166836479636e-09 2.615105235552554633e-09 -1.654337129669300152e-09 -1.156498353285813015e-10 6.176448437333621331e-10 -3.177283551826020183e-12
-2.648224131518519789e-19 1.645014496023017023e-09 1.599344070407618802e-09 2.495216410421796688e-09 3.204888041405288911e-10 3.830664775977542978e-09 5.179063706058288220e-09 7.845065859621657766e-09 2.003903736437318823e-09 6.456652606155456704e-09 -5.892428478188447721e-10 2.455242445517695769e-10 9.061939142296215299e-12
-2.858467168377916882e-18 1.956842588765820258e-09 -9.316448377975887636e-10 2.255987298173035701e-09 4.974131636219235696e-09 4.618654978051208205e-09 3.446581349575107842e-09 9.027184357787263975e-09 9.364740581359716353e-09 3.792093152722578188e-09 -7.317765987356534585e-11 2.616429539301095712e-10 -3.363283804948485993e-12
-8.963990217072666913e-18 -3.257706291902916312e-10 -2.457586883183519408e-10 -2.316680391571138777e-09 -3.494659794651242480e-10 5.797644516781201722e-09 6.985753644175938477e-09 5.613677300355140445e-09 1.201981623634642571e-09 1.761429965908096594e-09 1.992428091199685981e-09 1.353723882771455481e-10 -3.803761777455280949e-11
3.537716746281672507e-18 9.338925592681339590e-10 -8.387755358527713433e-10 3.983956134812272819e-09 4.052852862895692188e-09 2.338802964578877494e-09 8.321180897581013159e-09 5.212406361683220846e-09 4.123575184416734992e-09 5.023270346897705303e-09 3.574309443190632309e-09 1.024047919013641955e-09 6.350867204760369473e-12
-1.401425297861759512e-18 1.970947861997700408e-09 1.117650815883527922e-09 1.863954865993606632e-10 1.657235798848449880e-09 1.035746709654202203e-09 4.633889502267843714e-09 6.355399257081434870e-09 4.177578751115343017e-09 -4.739840651680152140e-09 9.623406474722562047e-10 2.123553728232708348e-10 1.443550165577774851e-11
1.951959896372709266e-18 1.172688317084798565e-09 2.508320831644375557e-10 1.243315615531565299e-09 4.463128675763101479e-09 6.783271736007788325e-09 8.439083092611618152e-09 5.183316869644754630e-09 8.511765728718743209e-09 3.905367185974437683e-09 -8.040357665034165842e-10 1.170049571671269060e-09 -2.181792167349111447e-11
8.436843349431627986e-19 -1.583164267579423583e-10 7.083162709338352339e-10 3.456184506927672515e-09 7.217927806442277654e-09 3.085415755740622461e-09 6.589970515525105069e-09 5.234666739171988933e-09 5.118286464355004246e-09 4.666756595951249383e-09 2.406768596150069737e-09 -2.931893784499368168e-10 1.814086664022034632e-11
-1.108378799808024265e-18 -3.139466385180577732e-11 4.096150604753164209e-09 2.391183661717167163e-09 2.400805869918439693e-09 9.008679589559912194e-09 6.848738846759170998e-09 5.609376549672831928e-09 9.826944080052961025e-09 2.063988102492465831e-09 -4.880317171365270870e-10 -8.171823947586459473e-10 1.343793744723192746e-13
5.111166643496129987e-19 -2.426224867615885361e-10 1.646851328369126088e-10 3.053231704575022578e-09 4.229902419194062698e-09 5.275250464812820050e-09 5.143157226634236123e-09 7.666118416899641023e-09 1.578305238993381366e-09 3.471211996331120078e-09 3.041860029076067388e-09 -5.393255681858184353e-10 7.817261041909096774e-12
9.708091769653801697e-19 1.497785333314192942e-09 2.974640699888729105e-09 4.454827325050476201e-09 4.931114768071998634e-09 7.575224576116136345e-09 6.030217037286290003e-09 1.048249902291879852e-08 -2.274763007104115668e-10 3.158700871763478972e-09 8.174108822933235732e-10 -6.351342736055817049e-10 -4.163125218717487641e-12
-1.411458781294268758e-18 1.084523798875143416e-09 8.079024188849408865e-10 2.366220865133842114e-09 4.658697707515724315e-09 3.539287107336419941e-09 3.093865056931835429e-09 5.784282977266890043e-10 1.587865366928181116e-09 4.417510565080245116e-09 5.980642194088456162e-09 9.114822713593342519e-10 -1.455503495664276889e-12
-1.707386314175577637e-19 -1.401212542551796672e-09 -2.225703347296010746e-10 3.477158025415446299e-09 5.112097192428006140e-09 5.722428264835565265e-09 4.081039674429562293e-09 2.762765213904938031e-09 3.887015623429965636e-09 3.574727891744514016e-09 1.811099804442897726e-09 -1.074957741021617937e-09 -2.059688245630537847e-11
1.315066695920619683e-18 7.752934042955385460e-10 1.990755315248935223e-09 3.762204064083589666e-10 2.715331670665885114e-09 6.217952770307583133e-09 4.919450569821277972e-09 2.275320695870410985e-09 -1.195428042219441009e-09 3.684639007246744366e-09 3.483497407927815431e-09 9.288203696787766855e-11 1.028449867250790888e-11
7.273438281782526166e-19 4.482942411609519855e-11 -6.171745254627092680e-10 1.568467346171282499e-09 4.133141184282765198e-09 3.142651067209865726e-09 5.797270725144531204e-09 8.815991544316728993e-09 4.580563873378056133e-09 -2.057689681843398440e-09 -4.188819015418804204e-10 3.149957801919290807e-10 4.279253535134787998e-13
8.555543883774829377e-19 2.263713075664621818e-09 1.644687781597423974e-09 5.814781139695552831e-10 5.234306853844728167e-09 8.030813313900751292e-09 4.739201748123320825e-09 4.131699250293337560e-09 -6.266751234321049653e-09 -2.689212460055140542e-09 6.223247588821239097e-10 1.516262055786826035e-09 8.512823474954697783e-12
-2.543591053061489311e-19 2.020890614191341603e-09 2.384698232430581329e-09 1.309684854255742162e-09 3.927231931921167513e-09 4.427567407899714067e-09 3.478913786107000243e-09 6.087777362094034675e-09 1.008990421322772700e-08 2.304014402612993187e-09 2.559003161242573726e-09 -2.762679666901883830e-10 9.654340913927212864e-12
3.700234925453842788e-18 1.120275308580969981e-09 5.974130699856878721e-11 1.483815848425195425e-09 3.423631767726132113e-09 5.880909431354558149e-09 9.970594924991905951e-09 3.466885725701854985e-09 2.292870686686488315e-09 2.607508368246567562e-09 7.480666844365055422e-10 4.553873188711801911e-12 -4.652433060280447375e-12
2.006879922646673753e-18 4.200298351577904769e-10 1.917197505309446104e-09 3.030442706265709261e-09 7.988597600608957504e-09 7.997938305561876481e-09 8.318040206084068929e-09 7.255761856117964239e-09 4.046977256141844142e-09 7.657222539977938572e-09 -1.761077356789387486e-10 -1.986996527102848464e-10 4.628307448062632174e-12
1.499098678781683989e-20 -6.268389133400505536e-10 4.761702042855667973e-10 4.201014443382605066e-09 5.487377928381999783e-09 2.826254256753941640e-09 4.375364471774258918e-09 1.689492753275451977e-09 6.039271079931782647e-09 4.707096817554338475e-10 3.919083895860324660e-09 -2.805484482218083898e-10 1.826936996553108674e-12
6.483569559825417414e-20 -2.561345043481183799e-10 1.277550447129770890e-09 1.862921149437631302e-09 6.395587570155300232e-09 6.380681417499644820e-09 6.991332815674212912e-09 3.960977078017303002e-09 -6.516718613291224916e-10 3.632994406281922701e-09 1.137318222975905182e-09 1.073716668935987800e-09 -1.040765237938238243e-11
-2.784865984798970200e-18 3.061968360075211872e-09 1.753200889159887803e-09 3.795162226628464929e-09 4.878278416201981011e-09 5.867776415852427438e-09 5.397946552368511840e-09 6.746833530734354574e-09 6.854270541462439685e-09 -4.077437160543693511e-09 -3.037759783293047703e-09 -3.353931676750046515e-10 -1.369142117789552848e-11
3.852902818373232758e-18 4.393264497943571894e-10 -6.492386323082426617e-10 6.877724124250786721e-10 4.769140377127594614e-09 2.125433661336389212e-09 5.169357110067653626e-09 4.530572611032345646e-09 3.988109350062152690e-09 -1.026312933833582785e-09 -9.425179431985679383e-10 8.870363227424891089e-10 -1.292895182201665437e-11
3.721231302883808013e-18 1.461679183679834271e-09 9.426424685197543023e-10 7.711077122082481582e-10 1.552659433931738382e-09 5.877874598306295902e-09 5.629136356363731170e-09 -9.183601320465362968e-11 2.002557379615232877e-09 -1.809622798539261713e-10 -2.819024628017342162e-09 5.115515257197284310e-10 1.657932447711864001e-11
3.807731762871395873e-19 1.105053286571788207e-09 7.117716349759374793e-10 2.723089069387030366e-09 4.021132486114474869e-09 4.349372258501027116e-09 4.155461103898615115e-09 1.538162302069471786e-09 2.749480686851218168e-09 1.015440691220448759e-08 4.783989770408571542e-09 1.224970415606101134e-09 -5.733805621078967279e-12
-9.800071970861532114e-19 -5.355959067784900145e-12 2.196194736920611372e-10 5.185866069011745060e-09 3.022516145867359373e-09 6.607284614847537730e-09 6.482361345552419371e-09 4.192779182229468615e-09 3.412886784361731141e-09 1.455978350055031977e-09 -3.350445723625401729e-10 6.016741517702194825e-10 8.460094956068105473e-12
-1.272558527004662171e-19 6.313700270632432918e-10 3.233807404672605577e-09 4.114751312250867559e-09 3.044183315143391458e-09 1.060406182895014192e-08 4.582115276727739627e-09 2.360848830593997705e-09 -2.115976684725403732e-09 2.121245394822915676e-09 4.428011306664348828e-09 -2.717874579699643664e-10 -9.191053084877495221e-12
-4.480175537751970795e-19 2.582593252017728096e-10 2.689973631612197561e-09 5.621191237577328861e-09 2.880903624163787160e-09 6.683486453308377259e-09 5.508010397289351891e-09 6.610419842320520502e-09 6.306534454124812544e-09 -6.352806309637312950e-10 1.636713960434329056e-09 1.268139850614612442e-09 9.562012055818907374e-12
4.010419780404195199e-18 -1.001748949121836582e-09 4.606965531172251006e-09 1.677972062381474513e-09 7.172283230324219320e-09 6.139732450361060004e-09 7.428408919897983547e-09 6.076914927362866417e-09 3.256532003537436173e-09 4.430661437865066572e-09 5.211414183524257911e-09 -7.148320317214035391e-10 5.262219139405178780e-12
1.014595138311124562e-18 1.802723190788225729e-10 1.994394297695460236e-09 4.562752016836365949e-09 3.521655628438759655e-09 5.504620096794050597e-09 3.830638974391629342e-09 8.130759931909151932e-09 2.865773491524536630e-09 4.968701732643315276e-09 1.066388970772544132e-09 -2.124012585385811812e-11 -7.502840094020743949e-12
-3.515373859549709693e-19 1.121569148488799154e-09 1.187211420441405284e-09 2.781374259776254091e-09 5.055522957858334149e-09 8.457207438295154462e-09 6.092543360287277563e-09 7.172124544009262334e-09 7.797379466489744226e-09 9.836919607339146605e-09 -1.059705740368333084e-09 4.739022884182113142e-10 1.325599852109484076e-11
8.987485723712820567e-19 1.399294086140366426e-09 3.061113635602141009e-10 5.408264349197162524e-10 6.485750550769829734e-09 6.409789794967673023e-09 7.262397376109104089e-09 1.006382132258770776e-08 2.285356343163787055e-09 4.720855216692067071e-09 -2.346134374719109102e-09 -1.765961676283357575e-10 4.396904137636643069e-12
1.459575824807939270e-18 1.850494207407977877e-09 3.530616437504975343e-09 4.162358824417236911e-10 3.901263946300574759e-09 4.329290364857204556e-09 7.415467086711897403e-09 3.255745436886229964e-09 7.740199791774162936e-09 3.678805131719574134e-09 2.557911614676796307e-09 2.144350134794073567e-10 -1.714883042883264725e-11
-2.099257428903941316e-19 4.097621869271370944e-09 5.463983661615061620e-09 2.710263845069062314e-09 3.711041500018407768e-09 4.274258712415628287e-09 7.028103025543431493e-09 4.043807365734004574e-09 1.182525387835426937e-09 2.948358927868952301e-09 4.173862284891239856e-09 2.104796461044637823e-10 2.352125521609255400e-11
5.703393812536278750e-20 8.265128428562135114e-10 2.971360570715731487e-09 4.527004224674834354e-09 4.467929991813888852e-09 2.088601790805092736e-09 9.452431311999198806e-09 2.782668122285108950e-09 1.408589337646951105e-09 5.861544663029101574e-09 5.331677311364810734e-10 4.191605625025886633e-10 -1.169691654688853047e-11
-2.233571830460048125e-19 5.764173262549275321e-10 3.311704869054293020e-10 2.075744313948474357e-09 5.322765286121080987e-09 4.932966631488352546e-09 7.622914750140109464e-09 4.231057377615319750e-09 -4.203276414998149536e-10 -3.430645427092526268e-10 -4.501225032897535583e-10 7.483203168520579229e-10 5.360228164465858764e-12
2.026806787538107231e-18 -1.859929498338585823e-10 -9.826290123347525189e-10 9.931581794887813607e-10 6.834359182390776374e-10 2.696384311186773931e-09 5.843792948401088258e-09 8.833959891540635979e-09 6.048014078648514743e-09 1.006453596510139144e-09 -1.702800992701731339e-09 -6.237595757865996422e-10 1.998621104747241687e-12
9.963651931539339515e-19 3.226186092740621172e-09 -1.499368056818626715e-10 -5.472587981074852154e-11 1.383260206992750083e-09 6.050416581607967502e-09 6.499303661445716343e-09 3.454491088859432733e-09 4.869295207028248691e-09 2.792822201437242607e-09 2.147845244047565627e-09 5.779840280771857507e-10 -6.737278451007339640e-12
2.957189630172469938e-20 3.407726315930805537e-11 5.403076956330463043e-09 2.180770489678324368e-09 8.076012983916691877e-10 7.191348875731792254e-09 2.409209070688247347e-09 5.774112048672407647e-09 1.640706452511558691e-09 6.947427553560396195e-09 1.461985939384991155e-09 -3.008089443810440360e-10 9.592370485386189754e-12
-2.710518521660806360e-18 3.874009894637901369e-10 2.172913017593720180e-10 4.177319769563143392e-09 6.181044732137730593e-09 4.966675068196294848e-09 7.139175944420013401e-09 5.397473098362495610e-09 4.253386328136504686e-09 4.261434127084619953e-09 5.271990449335161284e-09 -1.572420138548155789e-09 -2.011027494108133392e-12
6.432124550673050535e-19 6.860685061868772314e-11 -1.592629305810117340e-09 4.112672280935057629e-09 6.396949250691737738e-09 5.125639429242995982e-09 6.743167440170646700e-09 -1.123181791832260845e-09 1.839242403728304532e-09 1.590520072612096483e-09 5.592785489235436596e-09 4.086801255303610334e-10 -1.569683247329768097e-11
-1.432973326988354568e-19 3.801802565801235983e-10 1.879031006075930473e-09 3.447651015886529740e-10 6.894129273843268182e-10 5.388261834895109536e-09 8.884250165030854265e-09 6.838591744066458721e-09 2.300329907773498903e-09 4.164648444431614512e-10 1.149614984652361528e-09 -4.095003638147137865e-12 -1.754200907474715310e-11
-1.395355997589490349e-19 -4.513180053233138342e-10 3.004121262181146226e-09 1.344877787164980406e-09 5.734481409864389226e-09 6.900721240002401172e-09 8.879074646610678168e-09 2.900980884192202047e-09 9.204408341412303063e-09 6.062550973234808792e-09 5.214536086346954750e-09 -2.333520108090236211e-10 -1.147530024331790246e-11
1.128052579127278601e-19 4.209644322598991005e-10 2.400106248642768194e-09 4.557363779711358172e-09 4.335585746844994391e-09 7.859484121160785434e-09 8.239322278557296780e-09 4.279849972010149734e-09 1.428989423891111726e-09 -1.462960662288334703e-09 4.561329551193370437e-09 7.600506349857076760e-10 7.776441643747993311e-12
4.099542384572690291e-18 1.564606340656511145e-10 -3.011451156041002436e-11 8.731961922784888539e-11 3.721963621735884665e-09 4.347757943340799907e-09 4.382812524244570341e-09 3.825805020143477983e-09 2.333043478996689301e-09 -8.908157970976999597e-10 5.219609909485298592e-10 5.645243689457377930e-10 -7.088844127800073291e-13
5.225472109159099676e-20 8.863921305989570906e-10 8.354881864237469483e-10 3.644008369258988953e-09 4.212107487917052958e-09 3.499628814013026328e-09 4.373020002213849918e-09 7.240310862791938361e-09 8.048694943910371782e-09 4.176033738637987373e-09 5.227858767982614722e-09 2.193833412192133420e-09 2.315211020726374973e-11
-3.250756438200696121e-19 2.778958316361305018e-10 -1.047845037679214264e-10 1.203759524482593193e-09 1.283992033052991059e-09 8.009957038002594530e-09 1.031376871000794371e-08 8.583498439545003578e-09 4.625557429353417139e-09 5.590594325848482539e-09 2.225188147496385752e-09 6.702081130705027697e-10 8.303673209179810248e-12
-2.732185170908274344e-18 -8.532645631166954221e-10 1.113720711469122001e-09 4.113858868110004621e-09 2.532010353585702156e-09 2.369646442038463208e-09 7.476931328427394492e-09 8.817059554882035291e-09 4.455209956767852752e-09 3.766323943865192958e-09 5.775198520334702397e-10 -5.229109396323042140e-10 -1.388345663046458370e-11
-1.422874263284949882e-19 1.759853708080579616e-10 2.292978337253705487e-09 1.875234710123195770e-09 7.099724014760857290e-10 4.001020904073997466e-09 8.975857665175290636e-09 9.606885967071848605e-09 2.248474667649624721e-09 -1.056332681654044578e-09 -6.365186091804488895e-10 4.907422606968598087e-11 -1.078744134641509808e-11
5.726537505878865284e-21 -1.055873214658836228e-10 1.079718632189483562e-09 1.911797487145860592e-09 2.914832701135597372e-09 2.890434209159990492e-09 -3.474322813240141173e-10 2.395934865892220249e-09 2.481705781008656515e-09 -3.568121301443034756e-10 6.441705746196137543e-09 2.235608577325660744e-09 2.695512006149521223e-12
-9.126512486524274479e-20 -2.728707718554602854e-10 -6.049456402949353631e-10 1.690796660247368159e-09 8.104146368650636955e-09 3.433031775930865873e-09 5.688066935671526190e-09 1.006322485851746120e-09 2.859428794629475640e-09 5.523937669329066583e-10 -1.560554912712930008e-09 -4.435327117009286431e-10 7.318119747726578682e-12
-6.365039843059922911e-20 2.272099239489731685e-09 -1.768350402009949547e-09 6.890053573789851624e-10 3.686597528000346317e-09 7.327929982847164622e-09 5.196216761488552988e-09 5.594994882628144046e-09 1.460656130472020408e-09 3.647789667730035094e-09 2.858561727889438901e-09 1.923040579180380344e-09 2.643871417626478150e-11
-9.617038944859142454e-20 1.696898955362041497e-10 9.101556934936777806e-10 2.021557794124744474e-09 3.614647036095350756e-09 4.896602368392185300e-09 7.678312268279074009e-09 1.154326049361140440e-08 9.140878891911295304e-09 6.070564499621753840e-09 2.659668464462770351e-10 -1.098665454878056295e-10 4.539027630641272155e-12
-6.108830730844645650e-20 -1.249216005194973338e-09 7.506943112538675543e-10 4.844032969304470628e-09 4.128811086929748375e-09 5.318667465387974153e-09 5.309835368311676591e-09 5.309382406630904847e-09 2.642532396718181923e-09 4.332835583526322090e-09 1.139881151092182554e-09 1.763240311590867192e-09 9.432436583518356219e-12
7.038769627424220172e-20 2.681419129344070261e-09 1.757134772245284229e-09 3.587255074009771810e-10 3.412068526061839893e-09 4.761399656052590981e-09 4.978815712031928741e-09 2.098326694268580011e-09 3.566292476157028869e-09 2.608606634563944041e-09 1.010482565608895879e-09 -3.774998815222222472e-10 -2.187271502650221541e-12
-2.156487264403197386e-18 -6.839276457770505607e-10 4.297963724682990746e-09 3.094226540339089321e-09 3.751515753279794886e-09 1.221957780970837506e-09 8.107256853381123305e-09 5.856278940194377723e-09 2.946105704661383762e-09 3.199549981355574999e-09 -7.641036420591350892e-10 -2.088468642424091887e-10 6.764510556122254252e-12
-6.428187286916461554e-18 4.709519680067694506e-10 1.722309131627024842e-09 8.553978780029861644e-10 2.367795491250976261e-09 5.891906628778606052e-09 5.499373024312112815e-09 3.413542659081514407e-09 3.797442132681023728e-09 9.285995641620572554e-11 -5.029800789924898768e-10 3.949367642016633777e-10 1.101278176531694789e-11
-5.770818695602676955e-20 4.695128191717792227e-10 1.484654975776183450e-09 -1.025009473999184765e-10 8.040827317176197179e-09 3.593437042390291820e-09 3.564000891301332153e-10 3.218146992251529926e-09 -4.934568097762495329e-10 8.368320067431049170e-09 4.732548876041966137e-09 -1.753935776444228351e-11 1.391603374110529796e-11
-4.009462872357357226e-19 5.626511507231509360e-10 2.139015388690429431e-09 1.644901630364255186e-09 4.431422580286160136e-09 1.902163669639655710e-09 -8.371282229668594713e-10 1.748540497825978061e-09 3.345534655361956742e-09 -2.263271653314051242e-10 9.620084273643065474e-10 2.421053059592562586e-10 -8.657965952292328511e-12
-3.076893065059969762e-18 -6.900780494359363205e-11 -1.293536878828899992e-10 2.113540392617677986e-09 4.163257598736147448e-09 4.654427483961082542e-09 4.433517443084171431e-09 5.876595464869327089e-09 2.593663678640617348e-09 1.989507377659514378e-09 -1.869773087176028714e-09 3.408266615078842875e-11 3.365356384288018953e-12
-3.726705384118271170e-19 1.978477014412495400e-09 1.738956556216079596e-09 -2.024803837140568994e-09 6.095875158689210096e-09 9.551397612433055637e-09 3.940776780693620557e-10 7.753448116654091067e-09 2.895376541885426971e-09 1.504393894046593791e-09 -2.089808320167541096e-09 -1.080452465670939478e-11 7.895994048184342673e-12
-2.490518513923504061e-19 -7.617138941513758983e-10 1.543008658704844703e-09 2.710579487461837612e-09 3.005996275669935452e-09 1.004143377582265686e-08 5.888370841736540403e-09 1.105258265860105908e-09 6.437603121802935293e-09 7.456498987072802505e-09 -6.182092035969784862e-10 2.075496862230622121e-10 -7.261254059806944592e-12
2.408088531831243329e-18 -7.321595213016481185e-10 1.360229434122378981e-09 4.479943088419130932e-09 4.845449940150793572e-09 6.315358227891517622e-09 6.555942840651974083e-09 4.212286266246522251e-09 -2.615447815764304532e-09 -4.275682927841717748e-09 -9.401259145080192758e-10 -3.217025781254650104e-10 1.217216332897578879e-13
1.528088070886766752e-18 3.273964193655955486e-09 1.992486438056441828e-09 1.137293581996636085e-09 1.550640311316816392e-09 8.797718111911255142e-09 6.642268598910022066e-09 6.769650395023312315e-09 8.792556861856934195e-09 6.030964627134341308e-09 2.903531879918374542e-09 -1.248401166869295236e-10 2.935039409668011914e-12
-4.162128790608391391e-18 1.422310596594189508e-09 4.767016176702584579e-09 1.140469595472869013e-09 2.734931699971820344e-09 8.851716141484968163e-09 9.091977386769374178e-09 5.940700966073646962e-09 5.783548959726493422e-09 9.786600612475313295e-10 -6.353981728702721754e-10 4.752792579290724264e-10 -1.939257675378543687e-11
3.276105996455758067e-20 3.568012087381875827e-10 1.104408018247312006e-09 3.886213306684802405e-09 4.971453635225655277e-09 1.660161462466271953e-09 6.990054007902631182e-09 2.421059937157290483e-09 2.643140440218196111e-09 5.627086519680258774e-09 4.326597614444675765e-09 1.196899640183993735e-10 -1.431552739193300368e-11
-1.723001994206754180e-18 -6.636192698871974673e-10 1.818993309664811322e-09 7.434548328301771258e-10 1.901941269461609048e-09 6.135531007677882708e-09 3.541306866586325247e-09 4.440285717276692437e-09 5.085261975252211591e-09 -1.918140760034231040e-09 -1.036254087149749678e-09 6.816687992117243949e-10 7.970672049178179477e-12
3.176760228654665812e-18 5.218566704497782674e-10 1.250638208263724757e-09 2.627760604438578599e-09 4.080745471987891077e-09 1.790345628259677854e-09 8.172752313517808979e-09 1.204966985405604019e-09 7.539470659094770621e-09 5.648975860400843692e-09 5.841069760722624713e-09 1.722247882732449488e-09 1.065516743669337880e-11
-1.214283243551547871e-18 3.284732730650673453e-10 9.405950777817593071e-10 1.619226923486671677e-09 4.414607497241144154e-09 3.664922853520951223e-09 4.121028286026243588e-09 6.188581811932731224e-09 4.159057120148093350e-09 4.536844373630456053e-09 1.012008871424863929e-09 -3.122671786883808536e-10 -4.931959784331948537e-12
-6.184803795567476240e-21 1.464275855569563561e-09 1.813406949213962013e-09 2.830678093247664487e-09 3.240443353109645577e-09 5.558672106259255061e-09 2.461408436821115708e-09 5.640024067899517383e-09 4.315871910623123361e-09 4.104077791838589584e-10 1.399576320735872349e-11 2.619853016293314357e-09 3.054786024975973432e-11
5.424295376447995063e-19 3.563678234315074226e-10 5.095186445718557989e-09 4.475632438116237700e-11 3.737487557035821821e-09 6.028425293869195573e-09 1.965742654159620289e-09 -1.404411420154202214e-09 5.602774399168338380e-09 6.409707280097051103e-09 1.585064434020067161e-09 9.598049383099085196e-10 -8.443226880355431813e-12
-7.906574970462451602e-19 -1.798969364087533870e-12 8.323319836384453171e-10 2.282083461352993012e-09 5.064161658122476992e-09 5.810579077254677756e-09 6.923570562105222553e-09 4.372615696239497573e-09 6.058783715508353921e-09 4.407610151383531011e-09 -2.271677056420958897e-10 -6.635002530158523416e-10 -3.109042175187735962e-12
6.981410732224833033e-20 5.065431484217764711e-10 1.512937650352589277e-09 1.891528040405797787e-10 4.326762848374017828e-09 7.923379549451652307e-09 9.034396254108979772e-09 5.071748362561721820e-09 4.159922687126994144e-09 4.098319180130279329e-09 1.545252527452352229e-10 1.156019053475979003e-09 2.053248746841254165e-11
1.231831325105241377e-19 2.398695380178520563e-09 1.115274397224067449e-09 3.493897903559949459e-09 2.884250305440156717e-09 3.657566892724374166e-09 1.032680900393263410e-08 8.746770225322195584e-09 4.488910702305673496e-09 -9.208564470000920602e-10 1.948307322790345648e-09 -1.644548414989027236e-10 -1.155644930498171836e-11
-1.341398320094308130e-19 -2.379618426093106372e-10 5.497193133914156623e-10 3.958658808576118105e-09 5.588289461354959498e-09 5.994409549631114302e-09 6.295994959470646242e-09 2.081815563031105566e-09 5.091678033808215930e-09 3.347853215533438980e-09 3.862173272821094930e-09 8.244660895225173347e-10 -1.282110199690968909e-11
3.683376296377347959e-18 1.530939336805083380e-09 7.255182986132951569e-10 1.431221074708200539e-09 2.663889644589207178e-09 -1.467741210603465845e-09 5.822692098733042743e-09 2.981785093454611204e-09 2.378370182044296961e-09 1.710582579085789871e-09 -8.981900586714016656e-10 1.455274171155528350e-09 2.231680688105300027e-11
-2.277303299536372787e-18 1.856006277642241199e-10 1.435460231786148586e-09 2.355383415739778848e-09 6.721966101369281387e-09 2.356606786638757540e-09 7.983465596224635789e-09 9.499954161006182476e-09 2.551703380984484671e-09 8.626464686221156287e-10 -4.333389076406860182e-10 -1.251586007127977449e-09 -3.278224332101537221e-12
1.453948476438022871e-19 1.202461031584240907e-10 3.714444200128020718e-10 1.103885421699211856e-09 2.609885275157031672e-09 3.818777237214923026e-09 9.258828131137200989e-09 5.978157817816123418e-09 3.344429220000400809e-09 -9.929544207861884484e-10 -3.232440313500730397e-10 8.931235473178256161e-10 5.719231886846635899e-12
2.086937980079240282e-18 5.171796357534162585e-10 1.476631296330942680e-09 2.098311746702366428e-09 2.202131724576306361e-09 2.005646476552502318e-09 8.680431989794266483e-09 2.180110072135650406e-09 4.314748943765957750e-09 2.947144622095893407e-09 1.147526469664568189e-10 4.740972967391594312e-10 -1.033914433329920768e-11
1.525411815995188351e-18 -2.832919763082061149e-10 -1.424160326986762588e-09 4.887783004045189448e-09 6.722165745140565830e-09 4.860032227463984209e-09 5.932510883957618355e-09 6.454930402707234640e-09 4.282674095733015820e-09 3.242273465936630505e-09 -1.809561064229365240e-09 1.382495890225031203e-09 2.127629812697629711e-13
8.338796688086354816e-19 1.095660082073470339e-09 -6.714955345539370342e-10 2.826685796735235470e-10 1.011070908275572260e-09 4.635417539956437263e-09 6.356228406593229175e-09 6.011822452044891373e-09 6.681007246326731839e-09 4.314804997122677852e-09 1.344884558409360073e-09 1.384213938480097702e-09 1.280121814433282810e-11
-2.968650521838697119e-20 3.887752976146045977e-10 1.640638766836223719e-09 2.628524153281598388e-09 1.717551116569720003e-09 3.351234318757790644e-09 6.534354559173354912e-09 5.793487137512756506e-09 3.091059510186696694e-09 1.110037375386411856e-09 5.352239763706886544e-09 2.410620743455554643e-10 -1.404970528639375178e-11
2.554546313866789327e-18 2.219673202875543509e-09 3.561955440820009294e-09 1.864740227854706983e-09 4.684429327433492483e-09 6.824208797321641270e-09 9.697737067161555816e-09 4.856888525702386884e-09 1.305047129458138167e-09 8.338430464035268789e-10 -8.514603129554661911e-10 1.847769806237375787e-10 -8.861060812466218349e-12
3.034338001615149505e-20 5.526572599415611657e-10 1.103308236928288996e-09 3.644514224935733406e-09 3.232223963450235777e-09 1.076439552411448329e-09 7.797848770673659213e-09 2.453450841818044200e-09 5.956322141487926678e-09 1.434662456112952244e-09 2.136879382701184239e-09 1.008021100766520706e-09 1.485851107547625093e-11
-5.103290251924032880e-19 -2.408398281557796384e-11 2.700576161990101067e-09 4.251515868073057869e-10 2.908549760104707021e-09 5.016048702125418934e-09 3.669960828996182606e-09 1.999917113092096675e-09 -1.891295349113905196e-10 1.578952515093633482e-09 -6.045458231671520779e-10 -7.857585788109029154e-10 -1.262681027026454664e-11
2.499357201501809956e-18 4.577063777797100463e-10 2.860846707779652565e-09 3.541160027773857756e-09 3.009535584994958344e-09 3.938800823241111621e-09 5.405262541166096102e-09 4.178824159044338978e-09 1.295466797826395468e-09 3.139354121337915496e-09 5.202251482800075523e-10 4.620409840306378789e-10 1.039115747231091911e-11
-5.225651633970616310e-19 -2.708725870229536850e-10 1.353886762432656297e-09 -4.182741362184048948e-10 4.438792453105250172e-09 8.280272582535756808e-09 9.880761601405230350e-09 6.304023246056418615e-09 3.300614226982936226e-10 3.693579726216488922e-09 -7.188643945910125114e-10 1.827834237712854242e-09 2.230616154644083330e-11
-2.910298267701263255e-19 1.739667314577008562e-09 2.506608893682641287e-09 2.211343873094130716e-09 8.218293988893942837e-09 4.827742965307003114e-09 2.857224971059401432e-09 4.537288771041478557e-09 5.025784842352998840e-09 2.248351582300726363e-09 2.333893199810181777e-09 -3.127997013749465965e-10 -9.098883821243398715e-12
4.222789409077311861e-19 5.169832744768193438e-10 -1.581865501891797320e-10 3.951909595408261412e-09 4.846967937247980223e-09 2.500493226176483796e-09 6.584397814456003446e-09 4.402240953637317656e-09 2.905315122290887696e-09 1.401104419420313578e-09 -1.356068848198844302e-09 6.003561200164569307e-10 1.952373368612220120e-12
-7.791987913641598712e-20 -8.494413685437058464e-10 1.064127694146112098e-09 4.157665294607994150e-09 3.583989339690616360e-09 3.945304640496428727e-09 8.327355190327490683e-09 8.229090602897204592e-09 8.187456273817232873e-09 7.172961561133181122e-09 2.253675622095056531e-09 9.612982119000448971e-10 3.732190756730221064e-12
-2.035094837594810542e-18 7.542412752323314244e-10 2.513477859852336546e-09 3.543019813625291724e-09 5.176330796287011118e-09 8.019557999967149089e-09 5.477614749428577774e-09 4.936796432439364489e-09 1.414426134777372707e-09 -2.341978358881215419e-09 -2.290506068022060403e-10 3.643718758862881289e-10 7.650502894662454149e-12
-1.441997488329943038e-20 1.396362846343680750e-09 1.780342640401496150e-09 -5.399325520278517818e-10 5.274460630203474557e-09 6.606330124342143583e-09 4.826506185503642128e-09 4.196811752429428473e-09 2.711917042676619901e-09 -1.594083074084462114e-09 -1.566750793044772628e-09 1.077066236416989302e-09 1.698512175733862122e-11
6.595855626984314112e-18 -6.400331661509430822e-10 7.394778063123180689e-10 1.994573154112943208e-10 4.755473804757171011e-09 -4.185844217844492924e-10 8.606031386936848961e-09 6.243652343988935117e-09 3.164305241247167194e-09 3.778915028437633670e-09 1.189377053538095470e-09 2.727947659618512256e-10 -7.554562895317642088e-12
3.308101301246275647e-19 2.110759116427174566e-09 -3.520149765172157561e-10 3.037229191482494782e-09 5.816929967844855115e-09 5.875393736518628027e-09 5.410948832259013888e-09 2.381603480176917719e-09 6.605213686617513595e-09 5.256637243119914200e-09 1.966691024553662725e-09 1.123617818949672839e-09 -6.231141917857575658e-12
4.555070651810191519e-22 2.398136383775939038e-09 2.215254049788821436e-09 3.212435767946897704e-09 2.236368439326493292e-09 7.085440054214078149e-09 3.756975671819160761e-09 2.848096090928764464e-09 3.665980259814291449e-09 5.358431823358041351e-09 4.787715643439384005e-09 4.990963435781023933e-10 9.040217557157742297e-12
-8.865831406381047371e-20 -1.527750915703188580e-10 -3.362739633567010235e-10 2.953050620757207128e-11 1.383930422968047088e-09 8.274514194284982981e-09 5.947055693054128632e-09 7.329122103393716774e-09 1.398740416461485204e-10 4.419431518975444640e-09 5.702923173747194191e-09 1.213307696247757069e-09 -8.077750405640142130e-12
3.084239495616836225e-19 -1.177750909038700646e-09 4.131485364366753640e-10 3.267940835686150749e-09 2.882575683614182440e-09 5.745189580627045794e-09 4.385260129533215127e-09 5.600258743778635098e-09 7.346271118315260703e-09 2.667359813469734771e-09 -3.465277905016985663e-09 1.108073315177211517e-09 1.010198695646231068e-11
-1.612917332148251037e-18 2.575601136417157018e-10 -1.800407566850635933e-10 1.962924295631569235e-09 4.597246821126846146e-09 1.814356795970959513e-09 8.717968930309314497e-09 5.612106066426694358e-09 4.227061185669918985e-09 4.000620773485545647e-09 3.478842329413212747e-09 -2.841092852718435340e-10 -1.046365558988935093e-11
2.403187965882580452e-20 2.112859836950114970e-09 3.326858088749478481e-09 1.370897212786563522e-09 1.662932365647129506e-09 5.089589154715626946e-09 8.526076187615098681e-09 2.987285262733086437e-10 -4.114116803921212129e-10 -2.410892717060781460e-09 1.544625332353929118e-09 -5.843959817899691619e-11 -9.791267852620728821e-12
5.976948072519010629e-18 1.142392016848221965e-09 3.090416742185690062e-09 4.372901778041117334e-09 -7.095059270421871374e-10 2.143378702831479039e-09 5.277125776242163738e-09 9.105502728652050050e-09 7.031507395801010196e-09 3.516682173852962158e-10 1.849088431900053210e-09 -3.806858972318655589e-10 -1.721315526960702256e-11
7.679798567711468192e-19 -4.771287070989502347e-10 -1.205191754517865179e-10 3.479565314799710752e-09 2.933117027355945818e-09 4.479494294978099164e-09 5.775688623924972412e-09 3.274783270473701961e-09 1.592853637264393584e-09 -3.643103663933142205e-09 -2.877758137321208036e-10 -5.829186815987654879e-10 -1.363034043910302323e-11
2.387811507684879837e-18 1.027062445960496280e-09 4.894319208386629200e-10 1.313072773517775630e-09 1.426933228228171341e-09 3.993923019777739887e-09 5.688023136140895039e-09 3.901809813549464654e-09 1.234445560338860621e-09 7.967847251194047308e-10 -3.806787354809523205e-09 -8.180380630948716965e-10 1.047188037163659257e-11
4.961048573144069290e-19 -2.889108150348220284e-10 1.464928606230619258e-09 2.280028228948119298e-09 1.719506094432606074e-09 1.915446156302006244e-09 5.257986576090905748e-09 4.835336910305810803e-09 2.066213000484829341e-09 1.213942898098342524e-09 4.827611681044135278e-09 4.809305893021490165e-11 9.715177082132249051e-13
-2.678961550456482268e-18 -5.873371315449539701e-10 4.484241082740225274e-09 4.556194087846753307e-09 4.897820928903098698e-09 3.455206514509732108e-09 7.054024738152731600e-09 8.089299976985769241e-09 -1.282923892685817513e-10 2.284890149285223722e-09 3.142454838984379467e-09 9.274449196514350352e-10 3.839791479704512774e-12
-4.584622869843983220e-18 -4.987091485325177612e-10 4.033164945384245932e-10 3.588961984877092576e-09 3.613777757523532765e-09 1.605437256318027793e-09 6.670154063010703813e-09 8.364406249862583082e-09 3.115938505068199961e-09 4.660424838923849576e-09 4.508249467654764535e-10 3.510452645057162013e-10 -6.726556825432951655e-12
-3.856792021159144127e-19 2.469420645390077134e-11 2.990233072916636512e-09 1.593769114162864946e-09 4.601435957062932259e-09 4.384992553466839015e-09 5.300338433624483921e-09 2.386565285054564501e-09 4.754517976938647498e-09 7.408055611224226938e-10 8.406189691925379267e-10 7.707835361905091807e-10 -3.800242405362824506e-12
3.124321516215404441e-18 1.206428190807391704e-09 1.397596825247252385e-09 2.494872441348890664e-09 3.578451628427921952e-09 3.575763355517890151e-09 6.627219019780937314e-09 2.268597694405338175e-09 4.830825059125690640e-09 -1.761236013787874699e-10 1.122862497756034111e-09 3.673788164398646810e-10 5.641747853227129886e-12
4.185173144225427157e-19 1.064455268356129374e-09 2.340937299483006794e-10 2.293205208406829613e-09 2.624530687740756134e-09 8.559706956590866414e-10 1.036422900277191324e-08 3.408724760844514492e-09 -1.906797934742741117e-09 -3.099912030993936549e-09 1.519814737674868316e-10 1.160685417142526203e-09 3.142600943798757105e-12
-1.582948196894890311e-19 3.864134020360142315e-12 8.984625086660266413e-10 5.524215998432736492e-09 1.034098676761999103e-09 6.000195745846901001e-09 3.977350681296799430e-09 2.136749920009243065e-09 8.396687025515253044e-09 -1.317828686416642568e-09 -6.743303965023133193e-10 1.232911759848195419e-09 5.806705213108539637e-12
4.138963947193858658e-19 -4.910098824690178332e-10 -3.076375517615174501e-11 5.422334368940811828e-09 3.519684972198391712e-09 7.398490337103938542e-09 6.188900043539537039e-09 1.175466282079005609e-09 2.530821228824145857e-09 7.598655691360690944e-10 2.667091849152950830e-09 1.357416771283943271e-09 2.381736650265541124e-11
1.959234384870355783e-19 1.504571583542436866e-09 4.172464174070193126e-09 2.954230359822557344e-09 2.577577287340143489e-09 5.319041244614251282e-09 8.016826719636605271e-09 1.302100931007222975e-09 3.467412595807991886e-09 5.391941047455967787e-09 2.162395952873417670e-09 6.231763143006457134e-10 8.851925969634129374e-12
2.419285773752917832e-19 -1.156877066226979849e-09 7.295262050648558327e-10 1.869052832334130255e-09 1.780622115188133763e-09 8.508590507638480702e-09 5.075447679788099373e-09 3.326793782601548510e-09 4.635215256730842037e-09 1.254512811222378919e-09 5.870579474149317838e-11 5.008203804751522623e-10 -6.098824946590496909e-12
-1.877141359238192259e-18 2.242543249772697845e-10 7.913423929680059038e-10 3.735983753394422614e-09 5.861771639566289331e-09 6.700813252000159061e-09 7.003998188145919956e-09 7.259480403868486285e-09 2.582122952472449346e-09 9.142927273978957145e-09 2.252076333135341600e-09 5.759367431869410259e-10 9.239311278451090479e-14
6.195987351857199953e-19 1.259432637279056621e-10 3.211838395987835146e-09 4.075457864155482725e-09 2.700771271817760459e-09 6.216986390255264112e-09 5.785218380872164995e-09 5.263419271427703669e-09 3.164976759944375935e-10 6.295808791870277061e-09 9.651024684482287629e-10 1.364617719025934823e-09 2.943019199818924648e-12
-1.050638535688025392e-19 -1.900020586287162300e-10 5.942172088728298492e-10 2.364866251658417374e-10 2.852261155621166430e-09 4.995709294972025342e-09 4.742389145178670614e-09 3.434280884369678827e-09 6.128995592709235948e-09 3.512237997800078466e-09 3.341145593776018478e-09 2.791411718418120260e-09 2.124703750992490081e-11
9.935341386461600098e-20 -2.751162303875512654e-10 -1.966838194162767568e-10 3.297880222687677974e-10 2.032367511261549650e-09 1.969935274471171095e-09 9.594246894885600875e-09 1.109122508865053322e-08 8.754099039732841815e-09 -8.411611724293946747e-13 -1.941224006909791287e-09 3.354682323844238595e-10 1.086825122541082903e-11
1.396788724737189477e-18 2.009328213957077591e-09 2.703844541807806539e-09 1.609536009972866839e-09 9.395221602185278666e-10 4.353723676233000869e-09 7.761580515167973407e-09 2.700920520557540470e-09 5.255619495889882162e-09 -2.291080799231999362e-09 7.331692962854018883e-10 7.624291999732664284e-10 5.872975262749047981e-12
5.484438254035408696e-20 1.870782897027017463e-09 1.955867243894180516e-09 4.844327894490728669e-09 1.951156490189911559e-09 5.741964124899135212e-09 7.876586793248206704e-09 5.834981582992644386e-09 6.400316509646231442e-09 -2.251683711555836577e-11 2.982249698588388597e-09 7.795584742694730373e-10 9.693612842495776245e-12
-3.051852949830354557e-20 1.403103016656685999e-10 1.461676251123304764e-09 4.369692449208140401e-10 2.953139983005587549e-09 3.225172738771417323e-09 5.585183875954873658e-09 5.456549699842020134e-09 2.426071079102742229e-09 3.071433515733912333e-09 -1.396561209594061938e-09 -6.488048518166865989e-10 1.216675501560989103e-11
-6.967216571132490723e-19 -2.802169216694453501e-10 1.513300905067900501e-09 3.455515273658537852e-09 -4.409368344906134868e-10 3.929222808485853033e-09 1.314481376028094530e-09 9.528609195583422968e-09 1.776431987553562890e-09 6.434476271596174057e-09 2.633918058286943260e-09 1.397383415324407208e-09 1.393146809147884569e-11
3.549728307604119508e-19 -8.244304367328435940e-10 7.165311995234146953e-10 1.501200655672341985e-09 1.391026968650474527e-09 2.784395459845736669e-09 5.400227136017514282e-09 5.579387810073717579e-09 4.037516584729931650e-09 8.153275999442533787e-09 6.988278986241004299e-09 1.092992793060038444e-09 -1.267653617339721300e-11
-9.856763501609682146e-19 6.427404218610295145e-10 8.704998500220066196e-10 6.814757216457470370e-10 4.631855802375939901e-09 7.724413530323220011e-09 6.254125308075952445e-09 1.415649255362626403e-08 3.585159361288364097e-09 9.314269366113263817e-09 2.594232096897011732e-09 -7.497836252688475673e-11 8.856157524126191811e-12
5.506114714321191981e-19 -2.221059813534732969e-10 -1.930796377793513858e-10 3.965601693670301622e-09 5.155507340941377295e-09 6.629281089679913962e-09 3.439096433531286420e-09 7.039822474748651821e-09 1.942640533647383332e-09 2.963264278176151536e-09 3.354762494619703872e-09 3.129051451467016616e-10 8.591770346907272313e-12
8.497984857273276431e-20 -1.250101940754641901e-10 3.831233193465883930e-10 2.348735526144859449e-09 9.890223522001460438e-10 5.642433143339716342e-09 6.228120966562708634e-09 6.610528617341888577e-09 1.879481794549070803e-09 1.508189866176139842e-09 1.586284168206958835e-09 7.133986782930080130e-10 9.816868737695567258e-12
1.763675687354024407e-19 -4.166515270969459424e-10 6.182801646640676533e-10 2.110808332537230820e-09 4.232162581037654557e-09 2.932584595741756964e-09 7.530003791098866410e-09 1.275009266342349420e-08 7.860091660965636428e-09 6.920586989901897637e-09 3.433040213048210055e-09 -4.560513224682123689e-10 -1.347327038804304026e-11
-9.003182985818475519e-19 2.758594147456847024e-09 2.974547258917475377e-10 2.682590016832069505e-09 4.115841908324633511e-09 1.660775848249930098e-09 5.655815133419665191e-09 3.864143356425823641e-09 7.612427480734453550e-09 6.741688435744262652e-10 2.018547156719863245e-09 -2.221654731473496740e-10 -1.529486578756192811e-11
-1.263635335264424737e-19 -5.460034152701423912e-10 1.938736612984349634e-10 5.175171954694935531e-10 4.095527254306860381e-09 3.100857774402369551e-09 4.752425685545767571e-09 8.404240306679952475e-09 7.098280955649386651e-09 3.951583681384024095e-09 -4.054580753190685539e-12 -5.430875633036885609e-10 6.019229896235418166e-12
-1.618314160554892117e-18 6.983288700769590627e-10 4.363069573005172350e-10 1.444610271402654716e-09 2.963159077459247714e-09 6.051581984416976174e-09 8.798186950801221672e-09 1.686489945537994029e-09 3.496180805422824522e-09 6.774333868279651463e-09 4.803073426218568456e-09 -7.184995209353652719e-10 -7.544050956879738393e-12
-1.482906655964227964e-22 -9.485732208411593814e-10 1.062517066120175867e-09 1.465655104927809357e-09 4.237103864272419306e-09 6.326964190174299662e-10 9.126263435720145072e-09 4.885444838704731205e-09 7.292551889412107800e-09 5.469524800904992075e-09 7.187986329415649319e-10 2.035616984255390956e-11 -1.237923792823409574e-11
6.043852283203165195e-19 -2.786965725013757436e-11 1.522214419481199456e-09 3.630068828769063035e-09 2.867170585419996567e-09 4.111583779729897269e-09 6.817834189675686130e-09 6.764638972201896973e-09 1.360006170907655401e-09 -2.963993968000110566e-10 2.555310830921156721e-09 -9.006421859348758243e-10 -4.262455667867674672e-12
-2.675531159932306400e-18 1.104097669538071228e-09 2.808162078075283592e-09 2.523290042104488153e-09 5.823256086952461652e-09 3.081453696300176510e-09 6.768795427803307469e-09 7.202172439963093961e-09 2.291473862470114728e-09 1.382674089252717760e-09 -4.767891338744719027e-09 -5.850991371823288441e-10 2.669474153122544013e-13
-1.762639826498783079e-19 1.266127195084094764e-09 1.243035092826566654e-09 4.747286949961730398e-09 5.390645775115496012e-09 9.523601742351050343e-09 7.387561613846029623e-09 7.461402716641978019e-09 3.631853799199682075e-09 2.622500436138657091e-09 1.845608319744904490e-09 1.156376410550613835e-09 1.558782843896056361e-11
2.758881405544644516e-19 9.743492609575412401e-11 1.233454930729063091e-09 2.922410639455228775e-10 1.600625824988816514e-09 3.515064965308086469e-09 6.108915346283788321e-09 3.049983089394669394e-09 -2.808525232788614927e-09 -4.587211901435581578e-09 -3.057851857099631137e-11 1.492717106506115175e-09 4.451903854058839803e-12
6.666458640048081922e-19 1.297216257232878068e-09 4.859344796951030846e-10 7.853518715668867085e-10 7.590505271774772153e-10 3.656130122887539438e-09 2.559862598818123400e-09 4.669101369572490766e-09 7.451833551502434819e-09 2.840975280946936007e-09 4.555343726267885958e-09 1.161725206860562174e-09 1.821996956385409558e-11
1.368050703334310337e-18 2.505506961984029165e-09 1.036173731482472986e-10 1.632038877489719950e-10 5.229569847682300845e-09 2.633377234121594622e-09 5.117273668919766291e-09 8.523985687683986598e-09 6.091688097850647172e-09 4.450940715473187343e-09 -2.476684515342236181e-09 7.490088751394921554e-10 -1.254087784881728414e-11
-3.536547459424086478e-19 1.904718994645986741e-09 2.918867801680090672e-09 3.611555101028377382e-09 1.486604033507381845e-09 2.326331045838389915e-09 5.919575870837227084e-09 5.252132732544987521e-09 2.299120194198090125e-09 1.764463546078114845e-09 -9.472029782286940843e-10 7.379789613381382336e-10 -1.441581469662609672e-12
1.605690749182451545e-18 -5.086065122652680513e-10 1.291959071066133391e-09 4.465761628718269285e-09 6.092281498383884752e-09 6.330220582416543415e-09 6.586645690927003351e-09 7.911230370431207580e-09 4.024422370299193353e-09 7.100977355401208574e-09 -1.541480235078519911e-10 1.006961545648639428e-09 4.944171536109747693e-12
-6.028011763319621962e-19 1.333414976927251194e-09 1.596819966115997571e-09 2.469737086226390730e-09 5.736979997275333003e-09 5.707193228664191128e-09 8.239391671615217192e-09 4.555787378001917059e-09 4.515072967812152772e-09 1.037509991504342658e-08 2.282489165820545742e-09 8.242000170764915219e-10 -7.004439370997250834e-12
-1.505406211266728033e-18 4.204148666121998384e-10 7.046671217240127275e-11 4.088496174310999615e-09 2.132973902501797764e-09 6.138743031482665717e-09 6.721194033919556861e-09 6.137202992501547351e-09 9.823005047170534882e-09 5.767237250045328653e-09 2.416548834789609377e-10 -3.534111385484546042e-10 -4.479292714058122660e-12
8.875972679782704814e-20 1.402283899435027414e-09 -2.110746498128783913e-11 1.475938044263553346e-10 1.896931135580451427e-09 7.824277629620117078e-09 5.507531896788730273e-09 6.148034805930569212e-09 8.883415911921149406e-09 5.396114018747803453e-10 -7.349905683379885102e-10 5.054474615459846456e-10 -1.315129216557811862e-11
2.759920881206680818e-18 7.718333454052285675e-10 9.379622304244157667e-10 2.482349144850290681e-09 4.312562994453150120e-09 -1.335911281547588241e-09 -5.402894036975880360e-10 3.890722386343094150e-09 2.137510071444257449e-09 8.504192788120284786e-10 1.549381622044401967e-09 8.467038981727935797e-10 1.622253963010064269e-11
-3.102964767616350377e-19 2.264562506963862201e-09 -1.156574193683732350e-09 1.768389204627670089e-09 3.835193741068801705e-09 6.316687286976944535e-09 1.203290151583485221e-09 7.527192405312832469e-09 1.245844592227602442e-09 4.101448335599547812e-10 9.967577808622094519e-10 -1.000325868248373300e-09 4.045645557294307337e-12
1.899088597186123405e-19 4.909121107132007117e-10 7.331403099511895703e-10 1.468725777006016850e-09 -8.608857315251885098e-11 5.263368558720411551e-09 6.834001272528150412e-09 5.438303820113747452e-09 3.447384191910102302e-09 2.746971111991447932e-09 2.525052690545898126e-09 -1.393897013573603294e-09 -4.260164702913102907e-12
5.037110629820898824e-18 8.217798096868504210e-10 -3.159068132916004882e-10 2.266722055000504538e-09 5.793927396364675694e-09 6.321214574471262991e-09 6.322264444032424807e-09 6.242359071022150943e-09 1.219230966667169243e-08 4.994034820481134500e-09 6.236871799287725059e-10 -5.727379684165604996e-10 1.918600515023634725e-11
7.999368363005463783e-20 7.665265730546722900e-10 4.208312585041263238e-09 3.380343393168281593e-09 3.499486611668624584e-09 7.999254705076009864e-09 8.342527808019460471e-09 1.909346652009079428e-09 1.611519135359470781e-09 3.592340842520566609e-09 1.916194016482336170e-09 -5.297291013730346300e-10 -2.451559348891102567e-11
2.329075942040462171e-18 1.565785329533919819e-09 1.734273339747910338e-09 1.780990988232892749e-09 3.835712464633921607e-09 4.969577142349548829e-09 9.654970850797310777e-10 4.700261572970416565e-09 8.131347758336542267e-09 2.096099939883752143e-09 2.228088427258723183e-09 1.374411238100403872e-09 4.241161881888661537e-12
1.554232632618972351e-18 -8.489106835823655299e-10 2.885535773027902822e-09 3.002510240032586717e-10 6.693715845625326126e-09 6.364747789262944279e-09 6.425680714644882744e-09 5.889702738189978112e-09 2.687598312534997064e-10 4.725879681733457519e-09 -7.535523733205384761e-10 -7.343462411439426589e-10 1.379319669497356466e-11
1.878248838792726174e-18 3.140138521635333071e-10 1.941204397116986914e-09 5.038972594780056917e-09 3.447172618668094753e-09 4.430818899325622259e-09 3.595057452537134791e-09 4.226803126044870651e-09 5.150944140745443417e-09 2.773154462881536705e-09 4.023965972418951303e-09 2.874003227970580317e-10 6.424287880918993330e-12
9.266318176551397213e-18 1.195977899351811131e-09 5.782761300270369355e-10 3.262473260806726349e-09 3.814992195102484196e-09 6.727273245255367151e-09 6.175118133072050997e-09 4.774941650691682807e-09 2.649978030504810229e-09 -1.299967476923154424e-09 -2.139773254429175551e-09 1.618894937688973446e-09 -7.132458145066285504e-12
8.272264783772397561e-19 2.248307652034775736e-10 8.622664900210977989e-10 3.447881858942346502e-09 5.406311961107697164e-09 3.947772704866240201e-09 2.805384993719038965e-09 9.012181659548785122e-09 3.334423348572402877e-09 3.421940127194984049e-09 4.408485766830041564e-09 -4.739953008350381749e-10 1.674394743980251872e-12
-8.830163211265374602e-19 1.154746410856169676e-09 -6.039018687628778882e-10 5.918588595433164271e-09 -4.899993049656859315e-10 4.501793881184941540e-09 6.505137209327676610e-09 3.908805297069402094e-09 8.720396424714376906e-10 3.044887220233524503e-09 7.457802131825672614e-10 1.119703672279849750e-09 5.085443340224754441e-12
2.433701533478498810e-18 1.192684981994807585e-09 1.036339359474079811e-09 1.053662555935442390e-09 9.547479794797353793e-10 6.152478482948391913e-09 6.735710936511559893e-09 2.863955068810668820e-09 4.050525227885657409e-09 -1.269023630981566292e-09 1.480785827596011976e-09 6.115622613716548203e-10 1.660700345934456749e-11
-2.225617722924040132e-18 2.576838885483576675e-09 1.768526858371944116e-09 1.470134679009401722e-09 3.898290837469997586e-09 1.751296388441400635e-09 5.294445422019843866e-09 1.990841822794096131e-09 2.893836128446555569e-09 4.173364494475637818e-09 -5.192718300994180013e-10 4.510630171441582141e-10 -1.298922404340438792e-11
-3.226876193406273644e-19 7.745737569296502642e-10 -6.285113237578003773e-11 1.713526092280927513e-09 2.948477995609829806e-09 6.397660389519441866e-09 7.415539900082587972e-09 8.115612822196286958e-09 6.559509431370878126e-09 2.498426906048130884e-10 1.385941629023607271e-09 -2.610168244090217062e-10 -2.029775579486322025e-12
-1.870863048294486017e-19 1.176674435493630203e-09 6.751376117204271174e-10 -4.884543673008366946e-10 3.134230035682773998e-09 5.114330026516801158e-09 3.754120313773220133e-09 7.232263925518454489e-09 -4.423583748104429389e-10 5.992774043149340858e-09 1.220288619562664891e-10 -7.670342171327187877e-12 1.983926878056099777e-11
1.898763986283786273e-18 -5.876572900124335998e-10 -7.513019343475626540e-10 1.012377225303281137e-09 5.477481427454479000e-09 5.825746251101846465e-09 1.585706070111888633e-08 3.200199719333943175e-09 7.688687254505370522e-09 3.442983534265263195e-09 2.620992945389828976e-09 2.881484875274902789e-10 -4.870673478881170483e-12
2.199983073455973474e-18 -1.683242567503247492e-09 1.995431923085912126e-09 1.688203190875199032e-09 1.881289538756582767e-09 5.285395986457985001e-09 5.397395566827773423e-09 4.700790138157921365e-09 9.243087609012333197e-09 3.108073771599445990e-09 3.697385157923301175e-09 3.266897330077037973e-10 9.064540736889787780e-13
1.101536464543536479e-18 2.710841577220609475e-10 1.839478064253982922e-10 1.187325722975508079e-09 4.310722417547532946e-09 3.337176202120699058e-09 6.420967046046279638e-09 5.538212452285200182e-09 7.802114178301419007e-09 -8.280236499755446388e-10 5.784656065470936159e-11 5.485616456196466869e-10 -6.885292951006614307e-12
-3.741090201149681184e-18 2.222236979119424216e-09 -3.429456540777992067e-10 4.832091744041685025e-09 4.791576226243412259e-09 7.466296777549121212e-09 6.132570909128814796e-09 7.191330386902892790e-09 6.313569807411272436e-09 3.564472204624370663e-09 2.492007492084202887e-09 3.347036200872288200e-10 7.391828229851376532e-12
4.902084087958875519e-19 4.753270277980841446e-10 5.333738545404476079e-10 -1.245209633565057905e-10 2.129976983499971477e-09 4.841305605978694323e-09 5.211492948061053149e-10 3.375716624584017241e-09 4.704442533353240732e-09 4.076702121675071892e-09 -1.152425525822559507e-09 -6.876351363113254500e-10 1.378842570568466546e-11
2.279260026445247358e-18 -4.068605882535198795e-10 4.521419268936003617e-10 6.888981890617836987e-10 2.836684270059410972e-09 2.962919254623194447e-09 8.616549275640315719e-09 3.749040427169276444e-09 9.855666787544263008e-10 9.220843558824572125e-09 3.032133576897559619e-09 1.874181893269331879e-09 2.534494493785455844e-11
1.978170496647206725e-19 1.748067785931453863e-09 2.417696285809638107e-09 3.426550125429026282e-09 3.947394594814119127e-09 3.378743495015047052e-09 4.944175830621440545e-09 4.535553434603937875e-09 4.719058935918037251e-09 5.388515673311195994e-09 1.288976347293686000e-09 3.060671984513877112e-10 1.132831551464867856e-11
1.294750464563663182e-18 2.382344103538261275e-09 1.012179370322570866e-09 3.297740269029243158e-09 5.415505037803038152e-10 3.965136318302696898e-09 8.641177903487040967e-09 6.206429816473081020e-09 3.639925962961678883e-09 9.620744529988135880e-10 1.071909449156426843e-09 -1.529135657304863644e-09 -1.783981536704621005e-11
1.127724346208752123e-18 2.708448193148963363e-09 9.406830585402839743e-10 1.871971526511193807e-09 3.582327207876116330e-10 2.762578807889144741e-09 3.588227185258580689e-09 6.199049400489874377e-09 7.379711404660297912e-09 -2.279367004170541286e-09 2.731735180258618215e-11 1.442679358260747367e-09 4.958493762933750370e-12
6.270123391054977461e-18 -2.179992775275743234e-09 2.701365604310478696e-09 4.326809414745806418e-09 4.628042807566314264e-09 7.191274466222143701e-09 5.946727970687464071e-09 7.582500989113555920e-09 1.595187394200754958e-09 2.497209084868775510e-09 6.795515654994205963e-11 -1.313484551489730673e-09 -1.069357529257660479e-11
3.358535509312413608e-19 2.793314600956526806e-10 3.164570255416863419e-09 2.003228056563253938e-09 5.750045020335433687e-10 4.215071558544913538e-09 4.509844259311595648e-09 5.408188296202589161e-09 5.400360306555199812e-09 2.724284122935356051e-09 5.253211057609858379e-09 -1.969688226603245549e-10 8.939752113159764343e-12
-2.157187304373629985e-18 2.534851243606245662e-11 2.176374192232787384e-09 2.756778404206074421e-09 3.759832980979022302e-09 4.954744479779368902e-09 8.510904229434742478e-09 7.511479607655377148e-09 3.666300898633007444e-09 3.230823429083217936e-09 -2.627167484657781320e-09 5.121042264183546252e-10 1.479975121317623602e-11
2.330142258641836218e-18 -2.160014606522244360e-10 1.538489680922186183e-09 2.232750069544114574e-09 4.183598936676868209e-09 1.511610651164650155e-09 5.090057482182147787e-10 5.881519419131522059e-09 7.279128592742693504e-09 4.712161047088038364e-09 4.475590749680017671e-09 1.171169336069659753e-09 -2.530148968303350427e-11
-1.090352706405319372e-18 -1.068430645917518149e-10 1.402635521616358197e-09 2.977666599836955534e-09 4.595927659195539752e-09 5.128328212000778572e-09 6.456474603099205827e-09 6.317517507272639719e-09 5.796368150987279086e-09 5.737033842129616742e-09 2.860464963304204425e-09 -3.891600665907588511e-10 1.099427283908081221e-11
-1.726023361906805150e-19 5.592070541106461919e-11 1.738475277495885482e-09 1.294725128953888102e-10 4.804718166173105811e-09 6.357471949391890076e-09 4.897172747209646414e-09 4.911011696687568167e-09 3.857112944402985618e-09 1.939198054596647919e-09 2.348339991407857614e-09 -9.251143656502138292e-10 -1.640885240143865255e-11
3.884315001062059272e-18 -3.114303349827552717e-11 1.470381517129351360e-09 2.562026513781918209e-09 1.759157654236580692e-09 4.385431491222343446e-09 7.720944127522324414e-09 2.443256161782507274e-10 1.353635357628887085e-09 4.091178552931097009e-09 3.232974863570755476e-09 1.592496225967672967e-09 1.682048698939168959e-11
2.071096416435131417e-18 7.846726202811537885e-12 2.573741638831872612e-09 3.216223619351042358e-09 7.426107993951825238e-10 2.322236176707667284e-09 4.558101542976120097e-10 5.702393386336097152e-09 5.955202310844597545e-10 7.143089797787706619e-09 3.806158898171846140e-09 4.308782960612369186e-10 -9.545910708999326079e-12
1.090475969909123852e-18 1.899482073156862903e-09 1.498623412088809544e-09 -3.382120886360900305e-10 3.440264124813687431e-09 3.489086470969691203e-09 4.102821074868241745e-09 5.914192961668978517e-09 5.556276042954913217e-09 3.303755634080942233e-09 9.276113765905603594e-10 1.908713587802508454e-09 3.764305834319386099e-12
-1.299411819119853549e-19 1.497795933845916291e-09 1.594464233446244036e-09 -4.437693435982373349e-10 1.370846772647142529e-09 2.978270233305375559e-09 3.973003737139915441e-09 6.940244205160193896e-09 3.803265477036348314e-09 3.205527680643269202e-09 4.206428711526081810e-09 6.206251981792443393e-10 8.380646349778224469e-12
-6.898534973441546993e-19 2.773222636443093317e-10 1.851556846236538310e-09 4.025723482409997150e-09 5.770899714249896148e-09 2.191042000575193823e-09 2.119637804514288619e-09 3.789120198574836774e-09 4.486173901618330510e-09 5.784232066059929372e-09 1.837633089934212159e-09 -8.460713979857960664e-10 -1.520923202499256847e-11
1.934394566874272184e-18 3.044744960360157481e-10 -4.253790423446801497e-10 4.083683462677279873e-10 5.378658334874444159e-09 2.359096305334933115e-09 9.221771460690998955e-09 9.288340370016581658e-09 8.319117769077562824e-09 9.864984011881806801e-09 -1.302460229495447391e-09 1.055107031925169087e-09 1.284406507246847937e-11
2.834467824218845476e-20 3.445885140761467152e-09 2.088443194859117847e-10 1.403074873936374253e-09 5.063836547510443502e-09 8.319374128743942349e-09 9.486103670830610269e-09 5.463369074097270128e-09 1.946498425770989627e-10 7.305020941491636723e-09 3.950864004458327908e-09 1.041879470143279098e-09 4.919764236183126096e-12
-3.236830128204246025e-19 1.218073429741098145e-09 2.634267442041917277e-09 -1.126242767397948250e-09 2.193606805045944064e-09 5.040539963490499397e-09 7.328152200657531710e-09 1.239945371457307257e-09 8.664209298157802178e-09 2.503498078684019769e-09 -1.182586217467738406e-09 6.418941499425530537e-10 -4.915533592326887064e-12
1.644528352555825267e-18 1.222084494029366260e-09 5.693026574037989857e-10 4.340717131388543545e-09 3.737029911432710819e-09 1.330385663491393600e-09 4.866901890557595170e-09 2.179098028103837095e-09 3.389231326476683552e-09 1.289694988302783600e-09 9.215581580315859479e-10 2.248909464814703516e-11 6.089159801110746610e-12
2.746959088398122630e-18 -1.590397724374251264e-11 8.021111227844685709e-10 8.360271538047639261e-10 2.598731648128307707e-09 6.060676073787206183e-09 5.521687424958763177e-09 7.967972985534005987e-09 2.110631692662326360e-09 -3.173610758763691140e-09 -2.085359128077120620e-09 3.655855817343633250e-10 5.128599481703367759e-12
8.441143545658386201e-19 2.292782886019985553e-10 1.579425811537579186e-09 1.769381349033804407e-09 1.749368057463794728e-09 5.300360998822999324e-09 3.410521708996738580e-09 5.288274623097284626e-09 -1.595531655055512298e-09 4.450975128892456742e-09 4.418507391006240432e-09 8.448322044347557105e-10 8.688293759771958017e-12
-1.028893260099348399e-18 2.447341910775605464e-09 8.309256509641872641e-10 3.929485081582932780e-09 9.993336710669032543e-10 6.786625275939969901e-09 3.737809230152000251e-09 5.128031319802421510e-09 8.944364377664297948e-09 -9.834454123840456524e-11 1.489130010738718039e-09 9.190008849278718602e-10 -8.239456712273764318e-12
-6.291047694512130470e-19 -1.711891313411620372e-10 1.250361962905724250e-09 7.605115384017369521e-10 2.483552563215182385e-09 5.682433598381488887e-09 5.810140428465155630e-09 2.260659159228121694e-09 2.089776811936900326e-09 -8.130944618237716883e-10 3.196023934487282587e-10 1.865121268608070032e-09 1.514322996438570549e-11
-1.419292070971255393e-18 4.224190556338784853e-10 2.284351278346872298e-09 7.808105876903291887e-10 3.257656761338750606e-09 8.288943495207703476e-09 4.273481274455137376e-09 -8.528442319916235932e-11 8.817093533655597340e-10 -5.180014257759202396e-10 7.747755548988141349e-10 1.243876167293034435e-09 1.631963127013678176e-11
1.114329806004002676e-18 7.230625810250769552e-10 2.467034184022398909e-09 1.412036257300916385e-09 4.043431023222784960e-09 3.275898641689485764e-09 4.129511877379725747e-09 4.407703792478817640e-09 5.940699903815264219e-09 6.535387049564879424e-09 -9.173265480161911538e-10 -4.136269671855282471e-10 -4.249464070568796568e-12
3.112690279003691306e-19 5.687919861810602756e-10 2.485053722411145709e-09 1.628201747071398228e-10 1.062802125041790349e-09 4.088167679351137982e-09 6.045818751788997411e-09 8.422701356364784543e-09 1.393792951890685807e-09 1.936488096626879072e-09 6.180200672386526399e-10 -2.472904447933368321e-10 -9.917641112503925849e-13
-2.335382023680098899e-20 -1.390774190289034895e-09 9.213047125098915973e-10 9.227916138877540607e-10 2.176078074013749250e-09 4.151114738297520614e-09 5.050570290913122727e-09 3.982535824564749653e-09 9.690462554487705087e-09 7.984335839900608701e-09 2.308263504845061213e-10 3.564643411441287666e-09 2.192024186704489598e-11
-2.801077859610347450e-18 2.531077900522585790e-10 2.211249659144340309e-09 4.620887193412757212e-09 4.510970806745516067e-09 2.976072701562821359e-09 5.113534625991648569e-09 1.168496880982718201e-08 4.985811251181094963e-09 -7.665106520985125188e-11 -2.157555020014970198e-09 -1.841307984947640648e-09 -1.038966834342047773e-11
1.703978053431847272e-19 -3.693154821620977122e-10 2.240114495331315921e-09 3.482003859996702859e-09 7.087349707978798737e-09 3.919362629668088329e-09 3.345850763598055396e-09 5.840725140165801130e-09 4.155333452782245384e-09 2.911719981130412478e-09 1.344728829685913449e-09 2.071687523075745452e-10 -1.373109081381568839e-12
-1.472740996778075285e-18 -5.484124146068197301e-10 6.395125056114407310e-10 2.445352956437541542e-09 5.121512690827550174e-09 3.414284713404988089e-09 5.700249181916188813e-09 1.114428398525827492e-08 -1.466675873132033727e-09 -5.259603031125683593e-10 5.176937627094725900e-10 1.061971281927946579e-09 -1.341242399934891738e-11
-4.229682556043307975e-18 -1.667064508778911441e-10 -3.811803178465296251e-10 1.448442769251911449e-09 4.713225968411538089e-09 6.464762417176599659e-09 7.013559786940044281e-09 4.950127546804949321e-09 4.304769496161616908e-09 3.610004881684418557e-10 6.410150481969058061e-10 -1.555822247555261034e-10 -7.253236062723934159e-12
1.658087068788643060e-18 1.131682033475793015e-10 6.385586911463792417e-10 1.859380434098345234e-09 1.660987420294075068e-09 7.965330229949551317e-09 9.811952423374064592e-09 8.283212606975291899e-09 1.930896335009643201e-09 6.601565097041932308e-09 2.812077313714480579e-10 3.063432922509728656e-10 -7.702741948096960604e-12
-1.426057283057190365e-18 -7.035229846870063609e-10 8.199837993923493656e-10 2.198870163363204460e-09 7.380107562311992097e-09 5.608814748774617593e-09 2.255471177902242413e-09 -1.415439934307707156e-09 3.142902947288023927e-09 5.130800124465758104e-09 -2.684981317085425859e-10 3.226261920166151380e-10 1.619497901365602768e-11
1.940505801410478962e-18 -5.754246237225084556e-10 1.403695961598322651e-09 3.211191974316368064e-09 4.817995451410752302e-09 8.939347269964674619e-09 1.094983705278479513e-08 4.866473353912559211e-09 4.575082634645162406e-09 3.277792554043623307e-09 1.836010523258993791e-09 6.398748381969536141e-10 -9.987064873134265497e-12
7.918044934386656135e-19 1.100926970025384093e-09 1.085346696144035291e-09 3.220262740444898273e-09 3.930359457923773080e-09 3.517278858930999304e-09 5.292893292852525605e-09 3.710211727381334990e-09 -1.709700199336845851e-09 6.204715482220218711e-09 2.955125265843681428e-09 9.308342733543378180e-10 -8.692950846008786010e-13
1.890200050254871385e-18 1.739761938857900257e-10 2.510481654237217290e-09 2.286706786310208497e-09 1.557586891537450822e-09 8.131336232799883251e-09 6.760507958619990870e-09 3.442403695700547163e-09 7.182314519712581268e-09 5.328501661291834335e-09 -6.316777722759953828e-09 -1.764178152143859034e-09 -2.647691828442050236e-12
9.444256679287623388e-19 3.235030897072584364e-10 1.768143418322430353e-09 2.135272213134196369e-09 2.611730062396879793e-09 5.000280169821640583e-09 3.001430524234881308e-09 8.938851391960481527e-09 7.456304941589898699e-09 1.090287381413025572e-09 1.843798444459803066e-09 2.231177665473307765e-09 1.879515386832896017e-11
2.572864980879023293e-18 1.413774777483370777e-09 1.995310350524636736e-09 4.983480543790380588e-10 5.473564816112038364e-09 3.891232348924059229e-09 4.936772132472830261e-09 3.493843155585216734e-09 5.581457843854328478e-09 9.397695260485403131e-09 3.373079016702838098e-09 6.621723792801815924e-10 -4.736833392001248765e-12
3.542756379502050421e-18 3.080156386154000672e-09 2.406595481876410901e-09 3.480333479196653675e-09 -1.450850336778763815e-10 5.600223631956288933e-09 3.639890954529270689e-09 4.163269960072130630e-09 5.810656762576243588e-09 7.996010905661954777e-09 5.895968677075733906e-10 1.580463407096136583e-09 -1.211652959395440756e-11
1.514469020509782287e-18 -7.139685728778904229e-11 2.778790877817865664e-10 -1.030381975442852360e-09 4.496362357908729977e-09 4.954161810980477219e-09 3.623600641964700092e-09 2.087410896971950901e-09 1.907126055378286355e-09 6.822725941468438921e-09 5.453167992835245962e-09 2.298409334989659117e-10 -1.138169900195535206e-11
-2.625921226070957397e-19 1.011645037445551029e-09 5.808027306089949362e-10 1.348634702066243583e-09 2.400112126918824259e-09 6.230815756832992954e-09 8.660412819410711598e-09 7.214215513015472849e-09 3.181018479089130313e-09 8.056618745029010808e-09 3.228823591228128796e-09 1.347088162669737443e-09 3.826783717976533119e-12
-8.899086877948792054e-19 1.396870531171813668e-09 3.122371006152165061e-09 2.327753251682128596e-09 2.493717263412168978e-09 3.262538127816940009e-09 5.438108563417097325e-09 2.386107770917377148e-09 5.184757758086248316e-09 -2.016752498278623973e-09 1.788568338438207116e-10 -4.655761604695772146e-10 2.856162900714869516e-13
-5.145668992400449353e-19 3.426130657531437536e-09 4.542324292882001860e-09 4.314781586502302466e-09 3.352123811621866278e-09 3.872057882802740653e-09 7.124564427364722240e-09 5.649287699173224427e-09 6.350509416082380518e-09 3.486107850990647019e-09 1.726567288820254216e-09 -2.341861024057675880e-10 1.431734646848130924e-12
1.536967224079166751e-18 2.643580209985807225e-09 7.313042605954341776e-10 3.681616691361052379e-09 6.600199934712367626e-09 4.003167017698797084e-09 1.926021714179537565e-09 5.286167016416378257e-09 2.707850220790544431e-09 5.868033307626707682e-09 -2.234459109386152947e-11 2.050209491281639120e-09 2.711949804947607013e-12
-7.766479547060414272e-19 -2.452917685833889792e-11 1.041966797014292700e-09 1.234869935293922001e-09 1.324029756588389716e-09 7.527798287337864815e-09 6.491263459418817406e-09 9.342833725625952421e-09 6.913419855355871475e-09 2.586162740784752343e-09 2.561116407300711837e-09 1.199227818394315523e-10 3.787359466849269033e-12
1.597973153145509310e-18 -1.048843503164661242e-09 2.101181803036015614e-09 1.498556913713002767e-09 3.792696185214467054e-09 5.883753387719090075e-09 1.207177756618071768e-09 5.789453160806916460e-09 2.261417034464630881e-09 8.161876873101310076e-09 1.817213871357349460e-09 -4.159297139681896919e-10 1.414589083772733179e-11
-5.074591500895853297e-19 6.177853710544013844e-10 2.373963132793686325e-09 -6.900073336911439452e-10 2.996059115323621572e-09 5.180146386402630798e-09 6.067068989405510740e-09 4.880205824989473669e-09 6.649549313135893075e-09 2.594777935538339081e-09 2.592039913560306836e-09 1.302346085961125389e-10 1.199090754417937161e-11
-4.513648715759105960e-19 -6.815939399845780398e-10 2.628414969013324528e-09 9.798651168234012727e-10 4.214109917847199274e-09 7.687890217123381977e-09 7.520985874429678848e-09 4.020068393398422142e-09 4.392704163226268944e-09 6.680537470484477897e-09 1.682097444493709738e-09 6.970229085239316108e-11 -3.612035040893819856e-12
3.941225099992806291e-18 1.017714339578179962e-09 3.567052587844069291e-09 -6.526616142317769505e-10 8.029231588951731839e-10 5.047805178852986073e-09 7.816375947492443539e-09 3.761506614310709245e-09 3.904551405624329537e-09 2.807410446287651736e-10 -1.888985969851358276e-09 7.694155302761026089e-11 3.648216429781848257e-12
1.429351731709277292e-19 1.842327307092058961e-09 -1.702575949836501061e-10 2.703592138122924725e-09 3.804191228404124343e-09 3.008023045182203010e-09 5.066182159382429933e-09 4.584365235094510277e-09 8.460173686351103094e-09 8.798832200476844168e-09 3.851991938245451911e-09 -1.599934464065509931e-10 -6.322420916178307551e-12
-4.831505879343061854e-19 -3.128470534749604733e-10 3.021532522053425066e-09 2.663997025777064413e-09 5.786637116608471578e-09 7.602081155998901809e-09 6.642373909147723485e-09 1.312507816346538467e-08 7.461030227973054109e-09 4.653760665099120464e-09 2.270032759458866414e-10 7.639904391116694776e-11 -2.487543538000972389e-11
-7.355984728848307912e-19 -1.301680080231847498e-10 -5.280999475424886389e-10 3.782201409838606209e-09 4.889199193164244542e-09 3.211723233890269986e-09 6.783437366921871068e-09 4.058225261352065107e-09 1.514886655972118389e-09 -4.514597816809582483e-09 2.697826324575397899e-09 3.440016315592111290e-10 -1.636540125274191030e-11
-2.606423605205641084e-19 1.637958476156992957e-09 -4.631148167838460731e-10 1.922647495398944124e-09 4.186711254512791671e-09 6.559449189724742042e-09 5.693016428227647118e-09 4.185769188830500226e-09 3.940805081505868000e-09 3.915512134085894652e-09 -2.568492716790500974e-09 9.192759163232848261e-10 -1.055661960032463494e-11
-2.155085999830665010e-19 -1.003086545315056460e-09 3.344624941093144469e-09 4.093794726153297025e-09 -6.314894138314446759e-10 4.325710856582070323e-09 7.928141193051717859e-09 1.981347406654515812e-09 6.889636103231006970e-09 2.315753334531077576e-09 6.031003193879687902e-09 7.900118547261804041e-10 -4.506676431094842746e-12
3.809576104366886711e-19 -1.663652378746252884e-10 1.279591251594150861e-09 1.179175326993168215e-09 2.591997170398793855e-09 4.637932088356674123e-09 5.273909835285632319e-09 6.234456934015171265e-09 3.167156201800694107e-09 -1.038307562249555952e-10 -1.486129008940839532e-09 -7.336492722379744735e-10 2.849343099100507551e-12
-5.179309021634062826e-18 1.110690306814554710e-09 9.801987650513625038e-10 -9.318254795061404008e-11 3.449746248572419074e-09 1.937386457033672850e-09 7.690496095722935943e-09 2.987854358259426041e-09 4.163240828608438154e-09 2.985435138941939054e-09 2.937984913994418757e-09 5.233443685524528513e-10 -7.209995977422178172e-12
-2.399340572715314667e-19 4.777987531097880553e-10 1.777885404435269581e-09 2.449721461680008358e-09 9.744105157815635327e-10 2.906014001152673300e-09 4.418523418196930409e-09 8.548890833844727641e-09 5.716177755826380761e-09 6.329053236982962668e-10 -4.446061657390897090e-10 1.839733703951370396e-09 2.979464899987143067e-12
-6.966164729497425557e-19 7.014944380103330000e-10 3.074802293673953541e-09 6.574159384862490759e-09 3.873111463827113198e-09 5.143768837584087204e-09 -1.064384734526505583e-09 2.129413910467179861e-09 9.110191336362594980e-09 -4.017128306812060790e-10 1.269771222549321179e-10 2.558597837727043778e-10 -2.459774834981872883e-12
4.115613828677765773e-19 -5.074088819147124797e-10 1.167053080815141709e-09 2.474797743271136643e-09 1.904483999526918923e-09 4.753573474161836938e-09 3.937622963141650007e-09 7.274431059955189394e-09 2.661760025075304172e-09 4.144102886277837419e-09 8.479063519154564385e-10 7.212230810841796182e-10 -9.298241954492779076e-12
-1.029891429541230520e-18 9.095981257085688726e-10 2.992544648609794273e-09 5.194042379965045042e-10 4.570775712994522678e-10 4.818545194405859193e-09 8.574125550842264118e-09 5.904717622469462108e-09 7.562190288271182356e-09 5.115870062374531853e-09 3.419335029120390085e-09 -6.234925179412699211e-10 -9.940361238037018510e-12
3.689261914719835978e-20 3.617174284011400821e-11 2.438004108981375016e-09 2.610554438662516132e-09 2.865015117991111101e-09 6.775760704096009377e-09 6.927399966525926994e-09 4.632439252313982290e-09 -1.719410001134311286e-09 6.312324555572478155e-09 1.326738428395683561e-09 -2.129704008581020539e-09 -2.589595986842481278e-13
