1.558351597885446347e-18 2.693597695998964057e-10 -1.242878198864441904e-09 1.020689503766801181e-09 2.020685731047322927e-09 2.989685753481594649e-09 2.511549635054135047e-09 2.543401197016699601e-09 2.996983798282468332e-09 1.120645736865612584e-09 7.843064942994932816e-09 3.943449714582651954e-09 2.748867918052630106e-11
1.730813852886371685e-18 8.716030533107333360e-10 -5.398516427336281461e-10 1.006052685136803599e-09 2.840357433670342063e-09 3.557117579274238131e-09 5.334859471162450395e-10 7.520343803541721938e-09 4.724778027487218039e-09 2.845521236384222787e-09 2.163130331915489919e-09 9.737175673545727500e-10 1.564891310582153073e-11
2.365438338725447778e-18 3.469999627905195102e-10 2.177974545918889257e-09 1.309401931121206782e-10 4.503790392446349124e-09 5.907623576217349525e-09 1.021200837167423399e-08 8.217429682817683271e-09 1.844610164266469585e-09 2.676588235104586084e-09 5.792865154600864779e-09 1.233957785271400548e-09 -1.663292722044338583e-11
1.511376171664738678e-18 9.183074585520700337e-10 1.297727244433172475e-09 1.143276724091152255e-09 4.648093138747627616e-09 1.012112986571559384e-08 9.927198215224701354e-09 1.234660698168309295e-08 1.555383346891534639e-08 6.351221385971023786e-09 1.228939766439935109e-09 1.257382865232818563e-09 9.628197024114159447e-12
-3.653155655120160201e-18 4.575360233800468295e-10 -1.162629630662282935e-09 4.571949096305095706e-09 5.287351134897177455e-09 5.850381012230573551e-09 6.868188895968139404e-09 6.488723777974388732e-09 5.207860286802403159e-09 -1.531473822793530525e-09 1.389494043473736640e-09 1.065105293126721171e-09 1.299078853593890358e-11
2.650064254313024473e-19 2.097369490940526452e-09 1.461239027135799275e-09 2.665725465975213701e-09 1.512819478326660474e-09 5.682048294876229578e-09 9.123292655917535801e-09 9.356871448796951638e-10 6.430802800097807103e-10 -1.746245393520331776e-09 -7.172162391829046128e-10 6.802440332364666547e-10 3.030720589647803552e-11
-1.041795997005745683e-18 8.674795941590492518e-10 2.031754282866638025e-09 2.976900912992800718e-09 5.112562823430884746e-09 1.434030481940032111e-09 6.824245128403621140e-09 9.706363139387726183e-09 5.102238756277342112e-09 5.801508470950612261e-09 -2.081780369108655727e-10 5.710078543311533731e-10 2.033059443353992477e-11
5.415896649818742093e-18 4.326176988972403325e-10 9.885522890540862230e-10 2.669134342990256842e-09 4.775212325723543166e-09 3.563950339704504767e-09 3.504532678506709494e-09 2.548168105087218789e-09 2.425768455527748089e-09 1.842008687178675618e-09 1.204490577445882517e-09 -5.508730628670392960e-10 1.906084901328114622e-11
2.983588224302458514e-18 -5.294310319421908177e-11 2.888435169858866647e-09 7.378313213442758343e-09 6.343122410026148931e-09 9.810620392994027440e-09 4.924247727210664928e-09 5.446010641155171634e-09 2.184868217487675520e-09 1.763467835220455921e-09 -1.530761499541075707e-09 3.986101658654332104e-10 3.933501886390062346e-11
-3.296614829123488852e-20 2.235600138371881304e-09 7.465467353372086606e-10 1.721705892703939412e-09 2.406735627841582700e-09 8.926947833365508939e-09 8.947571906019192451e-09 5.874323803601558458e-10 -4.994227998348719829e-09 7.403108801580204606e-09 2.221914413127931614e-09 1.259220941205991459e-09 8.493467628590088662e-12
-4.959499547185499273e-18 7.933596766880396130e-10 1.157546229780545216e-09 6.427257575017991225e-09 4.477944138454048428e-09 7.892218317509543047e-09 8.171406818914126418e-09 3.613623478298838106e-09 6.892282411125127231e-09 4.500277624151620570e-09 4.863405574162909863e-09 9.763596660673256034e-10 1.663835913564196181e-11
2.234328489877224464e-18 7.737010581473500296e-10 1.577420469858220874e-10 1.998574468460633335e-09 4.239908771707809287e-09 5.141523390703677015e-09 -2.410468949868452319e-11 1.521092967277037810e-09 1.932437594647461554e-09 -4.912180620278541242e-09 3.818772659974251829e-09 5.445678641612313254e-10 8.473447680851522383e-12
1.866873281467634721e-17 -2.240043046767009028e-10 2.233124697973214029e-09 3.180033818146251320e-09 2.013104395907014958e-09 9.870794332999453780e-11 6.436434486089619270e-10 1.978602613517021176e-10 -1.702246967378684011e-09 4.778604825340622542e-09 5.901565853569780901e-09 2.060304575289288035e-09 1.971253036576946249e-11
2.707451652411704241e-19 -2.869890484877909167e-10 -1.215270827221517960e-09 -3.548478323622721343e-10 1.287952454109086114e-09 5.835424469611026542e-09 8.419482210571845349e-09 9.412367347279251404e-09 1.464066624980453775e-09 8.929587437258908475e-09 4.800222616295981462e-09 7.709921908702343059e-10 4.615281843152028786e-11
-1.408293522565773938e-17 1.137937508864742766e-09 1.473308417669466131e-09 5.432332147634609478e-09 6.674341591809772520e-09 5.448492022552743449e-09 1.426587365826872364e-09 4.866914278292520688e-09 7.693595426131744972e-09 6.797505431950156609e-09 2.221755800441355754e-09 -1.261484315440292897e-09 4.403123395045202537e-12
5.868505248642422142e-18 3.762250921337359634e-10 5.596229467810194978e-10 3.619942299693539221e-09 3.706049453426357737e-09 7.015078091080283514e-09 1.558486844262858214e-08 2.292074054113151847e-09 9.141544455784093958e-10 5.589798834254600824e-09 2.273511543239697718e-09 1.189220417244290558e-09 2.762254895465728562e-11
7.336568929398723381e-19 1.112234520466033007e-09 2.725457186836312823e-09 4.347959257323595460e-09 4.107589181182758618e-09 9.003357570809409412e-09 5.474800859800827999e-10 4.506243357732799289e-09 -4.331673636069867086e-09 2.655395967752222081e-09 2.407803695300632091e-09 9.804578876985356433e-10 1.332391075550313361e-11
1.266493027308620956e-19 2.638024571337474272e-10 1.298353165159760583e-10 2.507207984251194428e-09 3.918533827682454177e-09 5.222673421779823486e-09 6.121079758471048752e-09 2.279897819473005882e-09 -2.406113100149137183e-09 4.768843665446753357e-10 -1.100437846365346793e-09 4.366959960702047222e-10 1.092646717131891700e-11
1.461898420046115617e-18 2.902002897140260228e-10 2.101551563982091689e-09 3.933033330066932726e-09 2.744087928543984138e-09 2.379287923069456115e-09 3.553306885701717668e-09 4.256428423415752949e-09 1.500386888597609391e-09 1.055241002172608817e-08 4.500869750799618553e-10 1.245752955338935183e-09 1.208458343905716281e-11
3.742795850608905877e-19 6.238639246567898025e-10 7.185440862894945263e-10 1.472628480381960948e-09 8.488558475418053595e-10 6.830314612550859390e-09 9.027583849556788719e-09 6.874297661385872098e-09 5.561907538333898682e-09 5.833028696676507017e-11 -2.219364109304868053e-10 1.589538346355438462e-09 4.053060430007701609e-11
-8.918325679206000634e-20 9.005692091249504658e-10 1.296474520025429439e-09 2.663274155966756636e-09 4.848453966683398082e-09 5.070027525715787667e-09 2.632623760022662425e-09 7.774718490482487735e-09 1.345855329265180538e-09 2.816795568720973577e-09 3.968645617728817503e-09 8.765902640525417544e-10 3.799547582228299562e-11
-1.009569999715182516e-18 9.188939908259243405e-10 2.812287842719778445e-09 4.635858184637494544e-09 3.442874699200883528e-09 7.584779109844015562e-09 7.306778526243961992e-09 5.672266519693221566e-09 3.242025401186914020e-09 -9.939865396603016247e-10 -1.170134310786997357e-09 1.472202054396493054e-09 -3.230181481762475671e-12
1.034961202895394459e-18 8.048379207714386924e-10 7.170731175005784756e-10 1.861063542439055447e-10 9.589444417313267914e-10 4.323268058884224493e-09 1.073526308634148222e-09 9.595447967219560008e-09 7.281666797810982268e-09 2.745377912303259063e-09 6.234903455514940437e-09 2.028325797735167975e-09 2.643562082401918924e-11
1.819845231352224910e-18 1.943882607032611930e-09 3.565236147670830619e-09 3.586443423862446880e-09 1.452680822699942257e-09 4.681808564553310170e-09 8.006073413923197636e-09 1.074732103069534240e-08 5.479142168951843166e-09 3.388047491365924055e-09 -7.908535307366085976e-10 -5.127402799523074913e-10 -8.922042229972672478e-12
4.120764538947894122e-18 -2.101727494192935228e-10 2.733207712979633450e-09 3.864172288962875542e-09 4.936360290400946386e-09 7.779964230490482027e-10 1.116459596726602097e-08 3.270462680708159912e-09 4.719532102872957070e-09 4.863656482948286532e-09 2.441651252543202079e-09 -9.994927010021986519e-10 -1.893406309883396531e-11
-4.709035229183539462e-18 2.725308646717729395e-10 3.391456162328208244e-09 3.422387641492535373e-09 6.432906664417022337e-09 3.283786148294821247e-09 7.261873297815531069e-09 1.354549204729892149e-08 8.031322037322544076e-09 1.494111856043530131e-09 3.218980868207406898e-09 -4.123274366574297665e-10 -3.337456769823822194e-11
-1.717221342604670001e-18 2.244580949713819145e-10 1.773178102624730200e-09 4.561681489332022940e-10 2.025570144685532598e-09 6.557294945040890238e-09 2.793781315199961410e-09 3.696220948504356717e-09 1.831052066942244476e-10 -3.145291885671727757e-09 -1.269130876038025446e-09 1.998412222667625105e-09 3.780503357332225453e-11
1.733263117729167210e-18 1.727450088605353380e-10 2.945902039204517280e-09 3.838055646669253596e-09 5.371410243272003900e-09 6.767707627785277242e-09 6.771673713493461896e-09 8.060805168126152802e-09 -1.324408304301367160e-09 -1.590140419251753781e-09 5.051141336672896527e-09 9.596588703793197013e-10 -8.356955081705583207e-12
-3.786177365548119772e-18 -4.529664017805042686e-11 2.625012646574746654e-09 3.492134458418984498e-09 3.499379829100291193e-09 1.126278189986606668e-09 2.351401300592399011e-09 8.138841425581447565e-11 -2.746020926169204369e-09 5.874276451736188217e-09 3.806998844888794158e-09 4.509059793183355302e-10 2.404809146197138959e-11
1.473292288628670040e-19 1.681748959152315263e-09 5.113540642387258407e-10 2.544320682976996026e-09 1.079609277021193838e-09 8.904794328138773593e-09 8.768148798061353954e-09 6.338883471283007054e-09 2.726896676490744836e-09 -8.736275067253905647e-10 1.876717797293705156e-09 7.186593742576037305e-10 5.350475302139353364e-12
-3.796956512887247221e-19 2.636092155456188792e-09 3.161786525935898435e-09 3.689898773887886550e-09 6.776106938429762525e-10 3.273600724672259637e-09 4.814442013103908635e-09 1.045226989104898750e-08 3.681437620146718062e-09 6.879679615361561068e-09 -8.867971661713085450e-11 -7.897703292366222839e-10 2.593880107835467612e-11
-4.505405398267361684e-18 1.264888672776462365e-09 4.858753754069414858e-10 3.325177208319609953e-09 2.819446902916362627e-09 3.672051572087794059e-09 3.539042128691862654e-09 1.094967598277067957e-08 2.479417302522113468e-09 4.457814551963637995e-09 3.219493354890583618e-09 4.313255284048811302e-10 -3.984191204988299452e-12
-1.396647162422518198e-17 2.268612133225993546e-10 -5.119699226242698842e-10 -1.876620789128246845e-09 8.916731583039961219e-10 7.146692530425062638e-09 8.036248448307147329e-09 9.714993269589382229e-09 -3.086144199833875611e-09 3.777126283339838775e-11 1.813848159389166378e-09 -3.574717381795977803e-10 -3.820141843452536129e-11
5.523033484300704653e-18 1.106319026066220569e-09 1.252349086288144049e-09 3.558686922997507503e-09 4.362486517401553248e-09 4.211918012978874354e-09 1.201253699904337828e-08 6.213629170738232228e-09 6.018717368308046460e-09 5.180775969278443330e-09 4.369753457405666541e-09 7.237835600883948925e-10 3.793810029410171013e-11
-2.207844247334418085e-18 2.524641795423942382e-09 1.609696940551666965e-09 1.878040734777111972e-09 2.372600765911691848e-09 -1.402445124193747986e-10 4.105817415339083622e-09 6.857714549380153958e-09 6.255531898062879069e-09 -2.050390836228045662e-09 3.970692582330843986e-09 -1.205309784122457345e-09 1.195384757038402544e-11
2.965139594854181857e-18 8.205443031794909553e-10 -1.340524619239863351e-09 2.852624376093600358e-09 4.777060672161432381e-09 5.328687199953811545e-09 9.502556970090530635e-09 3.425603866625981890e-09 9.095664580701846343e-09 5.142092796718920723e-09 3.843518084166682771e-10 1.930829663075133444e-09 -1.534977471342956141e-11
1.297130426054426838e-18 -4.282853214427151889e-10 8.406360139320589947e-10 3.027160423668855307e-09 6.698352377317437544e-09 3.263847316111129990e-09 7.684206186680730237e-09 1.724154821648204574e-09 1.544799672142025823e-09 6.640948384963336923e-09 4.198057470278807406e-09 -6.696579411629043405e-10 4.859916199976979159e-11
-1.748034246019816263e-18 4.348131707711443767e-10 2.392024839337788804e-09 1.030979075831122341e-09 3.132740975211416177e-09 8.481380566171160633e-09 7.435376949484324316e-09 7.293838355881802166e-09 9.440459221698929022e-09 3.090351404578887869e-09 -7.724881581291952421e-10 6.074829970795122681e-10 -6.137203838555459374e-12
7.883229252421235734e-19 8.507034436363478970e-10 2.121779904047886400e-10 2.416952608253224769e-09 2.228537595673571909e-09 5.612233945923870852e-09 5.632502707086180206e-09 8.922726042625975429e-09 2.182803400079260238e-09 4.813793360735381200e-09 1.973520694380975583e-09 -1.469509594362465205e-09 -9.888499859801557959e-12
1.617933322797055406e-18 1.053585459330107283e-09 8.562822158642165978e-10 3.425852618911825501e-09 6.078484306691900677e-09 6.975329473678200930e-09 4.987790538194943141e-09 7.192620902578058307e-09 3.011591018265713310e-10 3.502561697564271637e-09 2.405892446429728631e-09 7.354486659087327909e-10 -2.467742255243856958e-11
-2.222104988344272141e-18 1.872034653643205370e-09 2.683363376015163163e-09 3.918965809854727140e-09 5.235316257467034782e-09 1.514834302299413371e-09 5.952148803158616876e-09 3.574100182762841840e-09 2.167358581703114146e-09 6.945017623635868058e-09 6.357797715820293054e-09 1.691823309913548166e-09 2.324047188383986322e-11
-2.284183221886080132e-19 7.664376028603522518e-10 6.004686497674872633e-10 2.285799881829217683e-09 4.632222108068818695e-09 6.186825901722124029e-09 9.361394059397677646e-09 5.501162416282493247e-09 2.738343188296188491e-09 4.748841368207097204e-09 3.415096240046275508e-09 -9.308532165279801223e-10 3.333688691487411697e-11
2.055767251907847461e-18 8.037804392922419187e-10 -7.185958464248397800e-10 3.940801239134928747e-10 1.752587582691464579e-09 5.956625107398792701e-09 2.631805316930681063e-09 4.243989375694849241e-09 -8.914396488575488719e-10 6.643178090383211456e-09 5.158280142666598581e-09 -6.970781105419241660e-10 1.176978466941595030e-11
1.120855832551537317e-18 3.507957388464171774e-11 9.690474211658851859e-10 -8.083676382947212366e-11 3.672663755782272863e-09 4.563774808853365101e-09 3.502585535324634127e-09 1.352513445588965767e-08 4.081908349389747825e-09 -6.727732558447854382e-11 -2.254801546665345631e-09 -7.685839054554895593e-10 -3.241775988111771444e-11
1.472294841591307768e-18 2.443170657962506081e-09 1.468975283586393429e-09 -7.753926167815475996e-10 6.014209835821295477e-09 9.056578985082278512e-09 6.958154891543412393e-09 3.222048430616701910e-09 -7.368701334622496122e-09 -4.802284855169208379e-09 4.455160431053609933e-10 7.238783936063113773e-10 1.598883053519461062e-11
-4.053176730563057129e-19 8.383388076619116450e-10 3.717029555135168051e-09 1.565184747054201215e-09 5.865029169637730238e-09 5.411824951661560548e-09 3.181920788850953601e-09 6.524972857904558756e-09 1.058871184368916583e-08 1.119351514679342498e-09 4.556309535457669161e-09 -1.115674349583284064e-09 -9.219473444544393142e-14
5.882229413362111199e-18 2.706630702298411914e-09 5.210540292433950292e-13 1.126429435202833240e-09 4.686887301933385481e-09 6.754872094500121301e-09 1.015349164135633355e-08 3.018894794300721428e-09 2.143195929565723217e-09 7.655652603165341577e-10 6.769029950623496823e-10 6.464485217397242995e-10 1.510612652696055294e-11
3.117462146698796688e-18 1.056142538062787857e-09 8.774467304987512556e-10 5.423228479537688288e-09 9.361787513483526872e-09 1.009632578537005306e-08 8.931477136915769336e-09 7.595510202417441986e-09 8.090983179979711961e-09 5.512111786530367983e-09 -3.152795356522343094e-10 1.357857246675775260e-10 5.180872755077863274e-11
2.526962293781982214e-20 -4.941833237081123888e-10 -1.120854443461033119e-09 6.122230410363751670e-09 5.245330810273591032e-09 2.742377209260715987e-09 4.016068766790998277e-10 -2.570875625317287736e-10 6.504703920658147675e-09 -8.038328623539136864e-10 3.507644901061431553e-09 7.577521495092719295e-11 1.402196161463255390e-11
7.432864277208498944e-20 1.608261281923531485e-09 -2.619183060459941403e-10 1.527006232407597723e-09 5.998418279486722686e-09 6.136324043108800721e-09 5.996885392963831869e-09 3.312763599260988521e-09 6.782813513084892745e-10 2.602398193096974998e-09 2.409271926262413777e-09 9.829485771736149240e-10 -3.009154876021378734e-11
-4.386785184077350395e-18 2.873011217165661747e-09 1.408389717447438634e-09 8.646680255773953985e-10 2.363371642454029545e-09 4.942886640657652844e-09 4.688783415797163084e-09 5.267451763734446695e-09 4.771175196743874428e-09 -7.658469906055917367e-09 -4.496300465262304532e-09 6.148136401303629944e-10 9.793493243149986044e-12
6.007524300248261735e-18 1.421948028771403886e-09 1.989849977699696354e-09 8.898743091806484636e-10 4.669906463540378108e-09 2.487707473990069864e-09 2.027336181694306701e-09 4.596873255017589781e-09 2.568000989837769087e-09 -9.863892655826967078e-10 -1.381569435915661313e-09 -2.830463047516807425e-10 -4.128131324664160045e-11
5.807890742476119721e-18 1.687648323347117507e-09 2.349824944809686485e-09 2.151868617046628953e-09 1.508755726627327465e-09 5.172058704489126993e-09 2.269309564150307998e-09 -1.253983322286659067e-09 1.712431121194228025e-09 -1.167582643272018780e-09 -3.730014056592751568e-09 -2.397057468005462808e-10 -8.095472846107419371e-12
6.146230614440746226e-19 4.487007992777924929e-10 2.089013565453206948e-09 1.282755026291888913e-09 6.447348734041366866e-10 2.274614395090923384e-09 2.464703250550188618e-09 -1.845661200242438142e-09 -5.261049284316935926e-10 1.229667763579615398e-08 6.003430518740527002e-09 1.226400844415498116e-10 3.535710239482563129e-12
-1.510292334078248485e-18 -8.060174205593040738e-11 -3.749527273204452834e-10 3.700357179227595371e-09 3.294224183840446383e-09 8.820277098131592114e-09 8.152536694678712209e-09 5.739231607050319614e-09 3.693020729527249609e-09 1.819244071953324927e-09 6.798687774373709076e-11 1.320604776497635564e-09 2.709220895969981141e-11
-1.871780077346933358e-19 6.523327514108669718e-10 2.187933419099392473e-09 2.737644496497128185e-09 5.411461416319234833e-09 9.222366130201997710e-09 5.338104585276256048e-09 3.456645465751436110e-09 -2.960637140881133367e-09 5.216996573495981974e-09 4.842129095644125035e-09 9.807094438445239409e-10 -1.389676256777692128e-11
-6.814984676215642505e-19 3.633093214760682653e-10 2.965349774330365688e-09 1.932455374163032536e-09 2.399292887113332132e-09 6.358660854518537276e-09 7.099063930798297555e-09 5.395022957186763907e-09 6.560189750437831445e-09 -2.887741138427178010e-09 -2.398483599930207963e-09 2.255779977286311323e-09 1.009787866034578643e-11
6.251462528829753809e-18 -7.260789584321278062e-10 1.193900705209835993e-09 2.241904375974472974e-09 9.790734537292858423e-09 5.782760772973643074e-09 8.729544095520044077e-09 9.540150627980593318e-09 8.254128122989627409e-09 2.677987990368162492e-09 1.605918716723659870e-09 -2.519697717467104796e-09 1.168481339569313885e-11
1.585222906796323238e-18 9.500432610675198050e-10 3.248714059901697168e-10 1.601389028719705574e-09 4.176911151512194270e-09 6.368711726779106839e-09 2.676076004218215075e-09 8.617489163947922720e-09 1.571439925150295906e-09 4.945302670933101893e-09 -6.142681731153496522e-10 -6.787991213906192432e-11 -4.733582184630443975e-12
-5.534760839509481294e-19 1.267902288790990337e-09 1.083701512770930351e-09 2.490805740468633852e-09 6.214886493374238576e-09 7.011340728741733850e-09 9.157843299750737089e-09 5.779278311339633107e-09 1.135441915773370105e-08 8.752979223164761943e-09 4.609937579707333552e-10 6.296510276572934278e-10 1.073078474173342551e-11
1.404719167517852535e-18 -1.324162776467132479e-11 4.074307667610968416e-10 -9.618801959376596117e-10 6.834726644184064368e-09 5.903416165899871640e-09 8.090464730122292425e-09 1.061801984211904174e-08 7.525571416508504771e-09 2.789515886356760946e-09 -1.103866713619957981e-10 -1.569748625008370043e-10 -2.963984623902875520e-11
2.300093760764001431e-18 1.374383748015685652e-10 1.275643305033209121e-09 1.779854384578391835e-09 4.414022570970203549e-09 6.285611240368051855e-09 9.371305923775842506e-09 6.833030412142373276e-09 1.012146929599226442e-08 6.570260061223514560e-09 2.790651736480627705e-09 -4.645391107090735377e-10 -3.031535275467665869e-11
-2.982300445740780838e-19 4.682685944632586760e-09 6.387136066105500912e-09 1.092359646478404100e-09 3.762827206614116180e-09 1.353163861529968294e-09 2.561266444743517318e-09 -1.389884791152501027e-09 7.951640644932944742e-10 4.270476471825429324e-09 4.697181926048390525e-09 1.688199327719408804e-09 4.967819837037468508e-11
8.107714808044185042e-20 -1.995170574178455822e-10 2.712154837087203868e-09 5.079658908146465385e-09 4.550327893790660883e-09 7.921722732964070184e-10 1.101900198478787713e-08 2.125044878970111498e-09 1.607048971925903021e-09 8.271328680574469623e-09 1.785282967666643699e-09 9.425508761570127678e-10 -3.336448180928952651e-11
-3.420803384918874632e-19 4.661809343008851084e-10 -8.975738526511742684e-11 5.509921243735436883e-10 6.102628401175484815e-09 5.834249550084541634e-09 4.575180195490173225e-09 5.209598753700887430e-09 -1.067287500091617461e-09 3.211830915656589608e-10 -8.415591957627310101e-10 1.366047061670676935e-09 1.374147034810870142e-11
3.198953789484919148e-18 -1.034382520119944220e-10 -1.704858700591884583e-09 2.798669225164803304e-09 4.969447467137010790e-10 6.183747985877795268e-09 7.462264681261701482e-09 1.260286853434290604e-08 5.875328310233583331e-09 4.274451546499281420e-09 -1.594234837597050078e-09 5.587219108382819335e-10 8.733901311220562956e-12
1.521018658286270734e-18 6.787946153019347507e-10 1.611546403731152187e-09 1.200235707206793983e-10 1.570427003707837767e-10 4.185695429105129794e-09 5.248746074919355769e-09 5.931356614540806808e-09 3.120562200807159227e-09 5.984472325755943437e-10 2.219549800465636707e-09 7.737856134776263820e-10 1.576913059362442124e-11
4.442771127079877687e-20 -1.019482964695107556e-11 5.577618594444523884e-09 1.415604715766869598e-09 -4.824762227710245366e-10 7.837797048034479334e-09 4.163797470580890619e-09 6.034415401382909204e-09 4.124940179014668246e-09 1.066234757343539547e-08 2.677835763800208005e-09 -7.941699555522308070e-10 4.340938130825382475e-11
-4.161926538711714526e-18 1.452205618177673985e-10 3.563584643103547437e-10 9.531160980013838957e-10 5.999426701528767099e-09 7.387413148137977979e-09 9.137731790356941207e-09 4.471719451085490270e-09 4.020272543233986638e-09 3.959213245109817636e-09 4.802325254797129775e-09 -1.145109228791797737e-09 4.223826244145262439e-11
1.054187777840016606e-18 8.321039486744468618e-10 -4.999940166784689336e-10 4.161317623096232163e-09 7.696682464185467453e-09 3.813715148760399173e-09 8.989304862363841177e-09 -1.875987269707372337e-09 2.842620075178359036e-09 -1.412469849233113345e-09 3.655660639849952049e-09 -1.158099221481099252e-10 -1.592791350985279802e-11
-2.547747087707339049e-19 -3.841567820540359984e-10 1.812838496490791515e-10 2.812749052390860031e-09 2.591177032877571662e-10 9.529927269876249261e-09 1.106311170746664381e-08 9.648297483538596573e-09 2.696227345967187927e-09 9.413960485926517164e-10 4.344882767711343991e-09 5.683717100849551091e-10 -2.322545538202704918e-11
-2.352780083129205150e-19 -4.468053880143239567e-10 1.563455345893733229e-09 -3.543010048999591602e-10 6.381650374669736867e-09 6.374693287385252317e-09 1.346195615915209682e-08 6.768057404541064288e-09 9.318608960614154164e-09 3.941411148339718534e-09 6.546626443290994344e-09 -3.795765593416120287e-10 6.320139922056800630e-12
1.652792220190278036e-19 9.634799293800884785e-10 2.390049788207287160e-09 2.104469542540822037e-09 4.842418689865655187e-09 9.717115430845024712e-09 7.106639783171591652e-09 -4.839153301051985556e-10 5.706971390789982693e-10 1.765642405380883561e-09 6.757287538540813427e-09 4.203328669952919641e-10 -5.389550580327733122e-12
6.390582716668630005e-18 1.677720913809942609e-09 -6.077082057677644153e-11 -1.018443069606848993e-09 2.498237900167493322e-09 3.730654570335052014e-09 4.335059612474304255e-09 2.514056248601785535e-09 2.515630786929633708e-09 -7.449326647947668872e-10 1.278924857754225423e-09 7.469278330731614455e-10 3.839859109420321085e-11
8.102882485075065035e-20 6.603673982791910088e-10 1.758428705643406327e-09 5.404324228346833462e-09 3.921582349407558709e-09 5.136449821254801975e-09 1.508652798029612374e-09 9.483796134504762536e-09 7.283643317231974280e-09 4.050775723084847988e-09 4.230817248301582751e-09 1.909502698372386182e-09 -2.370604947918258994e-11
-5.118474495688119692e-19 7.383936364278081978e-11 6.030946566085381984e-10 1.997613886451362344e-09 2.629196480460439349e-09 8.318787566357550399e-09 8.202720237678962856e-09 6.780446992697806267e-09 4.197896821620294256e-09 7.414666371280538204e-09 4.232135779830008849e-10 4.836247752863435647e-11 8.288294192232110464e-12
-4.260325049510292167e-18 -8.604639499233537929e-11 2.040201539729080856e-09 5.110624301489224959e-09 4.215571342769731899e-09 3.264805904663434143e-09 9.663865229247547810e-09 8.178828207279528347e-09 9.198777217387234204e-09 8.470396865773393632e-09 2.890283992643675175e-12 -4.990814189566462964e-10 -1.096809283380298733e-11
-2.143899801591009476e-19 3.941081121087826182e-10 1.467177102723504988e-09 3.913034348240669784e-09 1.501016443677186451e-09 4.734532879641740006e-09 9.932240859614496328e-09 7.017347899447992724e-09 -6.689537308338094527e-10 -1.141419096426556460e-10 -5.928390592659187125e-10 -2.563054877284826147e-10 -2.675658898176766159e-11
3.050190060856377770e-20 6.349795091762261331e-10 1.613310500534306190e-09 5.295149194388145763e-10 8.068497320030417351e-10 2.040467601426346145e-09 1.055772543259247442e-09 -8.491345872003070434e-10 8.770772060799231600e-10 -4.568415089289212876e-09 8.635452708768590563e-09 3.147784733833328914e-09 3.943830321600023003e-11
-1.238954004185070550e-19 -8.457068172371582498e-11 8.630661419688977579e-10 1.837592553078017069e-09 9.461119963738034488e-09 6.283913758538919932e-10 7.342331789277603039e-09 2.813406099545490004e-09 4.333038259583843225e-09 2.122285451836841731e-09 -2.215934632222013885e-09 -7.082734746663493038e-10 -1.496171354554863871e-11
-1.038338992569102521e-19 4.191693161600750039e-09 3.546619639034093082e-10 2.028723181145421811e-10 2.013668994252665380e-09 5.631460628917013808e-09 5.348963150528238651e-09 7.899132320261917428e-09 -8.746381420856081953e-10 7.259247812888541061e-10 2.345908988895225915e-09 1.159640085336555808e-09 2.620769895211598667e-11
-1.889172297938427062e-19 1.164529561427883324e-09 3.162570373973139522e-09 2.801540439101951227e-09 3.029798545572110012e-09 5.151754837555483771e-09 1.067950133252902171e-08 1.229382143315871119e-08 8.373734100108708755e-09 5.349560924395837379e-09 1.506675872298454734e-09 -1.659835294242450581e-09 3.327649397387406823e-11
-9.890259070034014645e-20 -1.848656380347248051e-09 -1.771029333384595538e-09 4.901178144132893171e-09 4.182759912975613044e-09 6.551201912147905061e-09 7.156812931630752916e-09 5.766931854091936996e-09 2.061074399836536242e-09 2.538312221531404611e-09 2.561218884081482382e-09 3.106534976845650007e-09 1.622328805695433008e-11
1.299019453802972402e-19 5.602015022550023501e-10 5.086823435190953937e-10 2.734562177912910929e-10 3.121740383491630750e-09 3.649447696278839648e-09 4.781493934394677966e-09 2.167425570682395617e-09 5.577660425943291212e-09 -1.403254327459299594e-09 4.924129284368655280e-09 9.469612429074392966e-10 -6.180334163145772957e-12
-3.455941137613429035e-18 -4.116103597265065230e-10 5.227666389925378640e-09 5.111562012415609480e-09 4.951442030540324055e-09 3.392965453986722194e-09 9.755853709424046709e-09 6.319122478173946557e-09 2.913993282338842342e-09 -8.175271837459708398e-11 -1.755786685022896578e-09 -1.906837119230571065e-09 2.013572976074035514e-11
-1.009605464044223163e-17 -7.032206382846403411e-10 -1.202992533643042900e-09 -9.687500555201954065e-10 3.426346981420328721e-09 5.558921051331923735e-09 3.379829880363941876e-09 4.031097291466961381e-09 3.121728620205945833e-09 1.931083355036766595e-09 2.622033979889001708e-09 5.488488702202445449e-10 4.464126047169409375e-12
-1.001149384996390628e-19 -1.506642422448613335e-09 4.132565846714973224e-09 1.187015778299733167e-10 6.872715242822151772e-09 5.918001945825589443e-09 2.577887681852238215e-09 5.238809392699777311e-09 1.124906796320315799e-09 1.010857973375249750e-08 4.945106581958386665e-09 2.455748090951404937e-10 -3.815771787434648924e-12
-6.477265949882583584e-19 1.495778923424475650e-10 2.225759015925986748e-09 2.662696869064037519e-09 4.588293751879526032e-09 1.710159359007558068e-09 -4.523904578447551762e-09 3.717568703941552030e-09 6.003704812424712236e-10 -2.698317619745127445e-09 1.079910831032758179e-09 5.069696213730881986e-10 -3.745609015485907771e-11
-4.766568990921161082e-18 6.958667903340238728e-10 -7.598575675810647550e-11 1.907614825437804860e-09 5.298975538950971017e-09 4.715858517233945164e-09 4.541793315127051913e-09 7.253866562167050534e-09 3.307139746641540565e-09 2.195405766732575728e-09 -2.172377604684855230e-09 1.397114829688955022e-09 2.025259361507287775e-12
-6.136511150011472301e-19 1.078496715974031326e-09 9.205628179010473139e-10 6.480124944006352348e-10 6.866480627872943690e-09 1.143411522799422253e-08 3.229725307831743065e-09 8.358033957475245623e-09 5.228167439929540260e-09 6.117113147873961938e-10 -2.140428397209909172e-09 4.181769114044041337e-10 -1.464800477228722414e-11
-4.157414278316696830e-19 -9.627770310686171208e-10 2.906217297903060221e-09 1.949587890486094336e-09 3.329572754708629435e-09 1.057802074011721462e-08 9.794398674737392490e-09 2.481074420015827106e-09 7.093528816277377593e-09 8.730296338266463285e-09 -8.548151850473644722e-10 -2.916137765716253308e-10 -9.680355659988243938e-12
3.723850664469346059e-18 -2.349079734031212557e-10 -1.204136762546809471e-09 2.633555911848881361e-09 7.644266234083678672e-09 9.344257282084722238e-09 5.735652496844160493e-09 2.306528066174816768e-09 -4.297275179694193712e-09 -6.198713616744614142e-09 2.769914769656090202e-10 7.361955321964313367e-10 1.330424731573940008e-11
2.367869413626123612e-18 4.926528438610597572e-09 5.003559939906851376e-09 3.493665827220099314e-09 2.766561620042301487e-10 7.389283445150052515e-09 6.106015067054663508e-09 8.187778496595202968e-09 9.713930894687127756e-09 4.321866037494666200e-09 2.959372476682305713e-09 -4.816072534084006161e-10 9.002502331015802462e-12
-6.380706384477615308e-18 9.095199531431731725e-10 3.909979984038956347e-09 4.128350391289599388e-09 2.332421522593091119e-09 8.460043115226982080e-09 9.865410091889814405e-09 9.979750586881233722e-09 9.246441725852559654e-09 5.886436993636622868e-09 -1.492429884671115045e-09 4.892481121239040555e-11 -2.100831132954546786e-11
4.388950365562773445e-20 -5.783678771539583431e-10 8.653940502698329285e-10 2.953049436886056085e-09 2.211065728518227218e-09 -6.629400138762053988e-10 7.273610004044489752e-09 1.795381212977206112e-09 -6.710438918036638620e-10 5.073833667967910941e-09 4.712867750978902688e-09 3.653982444328349158e-10 -1.457486259054944559e-11
-2.638884680335097968e-18 1.022662804938014391e-10 2.382942661764143709e-09 2.160926162782603071e-09 2.010393064967587784e-09 6.851343393657682700e-09 -1.135944403354028130e-10 1.069978423402642660e-09 1.975695804528892040e-09 6.027848776033237761e-10 5.413271807948708155e-10 1.352024631378074006e-09 -3.041955546461024264e-11
4.993343410632417655e-18 -7.614746147624727510e-10 1.244537058446509583e-09 1.802980222431408137e-09 3.796584912060850070e-09 5.337711979720627086e-09 8.623901285626740899e-09 3.948984103971825387e-09 5.950809899996468371e-09 4.699604955677324056e-09 4.214167218844206751e-09 1.215739466789889988e-09 9.230742248533050509e-12
-1.867526289386092983e-18 5.948804018032723889e-10 -5.169934279529549084e-10 4.358876287529118207e-10 4.562705274504239224e-09 4.796016543077667787e-09 5.503808829429232764e-09 7.924898159937676362e-09 2.675319934905634865e-09 7.709010815589049012e-09 5.846280144082835086e-10 -3.150426790914040592e-10 -2.347201750787405075e-11
-7.100747287097901323e-21 2.504194413584643653e-09 3.278952537337698392e-09 3.425570856875479397e-09 3.757996994923411763e-09 1.728554175907754290e-09 -1.193788849686732139e-09 8.189124744431488577e-09 8.750342355887968920e-09 6.679032616843718593e-09 -3.484638510428888345e-10 2.917297516144279515e-09 6.070630106974558815e-11
8.737881486140966243e-19 2.098019309083163658e-11 3.698851995286225788e-09 1.943236052543581608e-09 2.941054130701287741e-09 7.878655320241352694e-09 2.740434226838986613e-09 -1.423302416710931426e-09 2.836183960437613164e-09 5.280183257863296012e-09 1.320592868456904133e-09 5.111212802665051894e-10 -1.259418286264528086e-11
-1.264277370835414113e-18 -1.390251692826273785e-11 2.687118888282552129e-09 4.016908272495735310e-09 5.426173820091926801e-09 7.411795540928664064e-09 5.732804333389074722e-09 2.754567079603874114e-09 1.981661482937964731e-09 5.061772320971023166e-09 2.263789185494327823e-10 -1.506318414632068974e-10 1.899238418450124318e-11
9.914737038338676822e-20 -7.354956038599119116e-11 4.317728122879146299e-10 7.805228182150395279e-11 3.915803118611214937e-09 7.917549980398463795e-09 9.466014420571341416e-09 5.323398494895781506e-09 3.729591227271883108e-09 7.163226602782202590e-09 -2.840630640186224722e-09 3.035058114212057569e-10 4.279263884682875578e-11
1.964918797128557232e-19 3.326652302095313212e-09 9.637699296226728478e-10 1.539304693078032794e-09 3.562876773609088987e-09 5.711574414907672454e-09 1.217180562891319567e-08 7.210646432377239463e-09 6.213966748035212362e-09 -2.399038218184579111e-10 4.537362050151054312e-10 1.567765603827786607e-10 9.535567320482257361e-12
-2.087838487550739639e-19 -3.189892364772772036e-11 7.324459151383599052e-10 5.302132821980357985e-09 4.184490395651276203e-09 5.197666229459210264e-09 1.058356185010699496e-08 1.030445336652704895e-10 4.999896320181639574e-09 2.713159960112115227e-09 6.712775253314444669e-09 5.864805367335706243e-10 -2.709710443572450029e-11
5.821565583035131210e-18 1.485366972845037420e-09 6.244347486419630440e-10 9.871224604728149882e-10 3.673805426326820391e-09 -9.337618813681949790e-10 7.451674488389593621e-09 2.217712764125464951e-09 4.060255217522376935e-09 4.199985320971886273e-09 -5.170326620136808135e-10 1.525634985612973932e-09 6.308351710076728244e-11
-3.633546037393296358e-18 -2.330410602462286836e-10 1.681827639183914779e-09 2.250025715123739988e-09 7.601073621306945049e-09 3.976239462259776769e-09 8.320663085183872407e-09 8.813471854906643422e-09 5.047796403773193847e-09 6.263972401475327257e-09 -1.515222911128554566e-09 -2.052195695114828343e-09 -1.385608193247984891e-11
2.773537063035341334e-19 -2.663816920959109034e-10 -6.928854135635661447e-10 2.872557389455517471e-09 9.137061847287312934e-10 3.618049191588312758e-09 8.719085001650978869e-09 4.854521177936138243e-09 6.556909938285565089e-11 -6.111207610799412791e-12 -2.745449324289598324e-09 -1.590742635417070753e-10 -2.139151860065176108e-11
3.248888791022815305e-18 3.830071098252300132e-11 2.171358914207395187e-09 -2.226730182347061293e-10 3.416033531669808460e-09 1.931494698914482368e-09 7.089207436382184906e-09 3.719449461479761685e-09 3.947523073996336868e-09 4.135509652852125177e-09 2.748244612334050338e-10 5.388286623905434052e-10 -2.188275023289855376e-11
2.403201165877004565e-18 1.752614983440198895e-10 -2.024169835226146051e-09 4.102913886570072025e-09 4.771839116536576726e-09 4.400077433477386124e-09 5.956125837353758504e-09 8.316510732416697498e-09 6.383608315924529931e-09 4.910481683240752835e-09 -2.727347180437169448e-09 2.508025765361767572e-09 4.610196400141865097e-11
1.284860427871210738e-18 2.321455919760760845e-10 -1.321296215044256200e-09 -3.981563429254938909e-10 -2.332347533790400344e-10 3.431304491403673671e-09 7.010200409994843784e-09 8.627163385162734860e-09 9.195226787391018033e-09 5.647042774873802046e-09 2.502441735764946717e-09 1.814116126331039425e-09 2.747921541688613074e-11
-4.596305778992611299e-20 1.823586231604370476e-10 6.447759045413107501e-10 3.969657604816346984e-09 2.990042738070986223e-09 2.383146874973643774e-09 1.005374464380058643e-08 1.030730509296947655e-08 6.088846912740423527e-09 2.503795034942330092e-09 2.533970879548834063e-09 -7.189374491720894158e-10 -8.428626545960315481e-12
4.087020102209988998e-18 1.691875098223346576e-09 3.673541941068695091e-09 5.579356633524485622e-09 5.179055843972113214e-09 1.051213133663972429e-08 1.107472877550844052e-08 8.323467007644926758e-09 1.335866502471135317e-10 -4.310834868085652055e-10 4.191162944226439425e-10 8.573498824523310138e-10 2.490881128007568434e-11
4.876583453121571851e-20 7.018482226090035895e-10 9.439767120128760957e-10 4.835772635446983580e-09 5.725588851957487268e-09 9.459640458285338007e-12 4.013098466872050155e-09 2.255003577345251911e-09 7.653112798804593648e-09 6.006901952164653711e-10 5.526279470109117101e-09 1.845538551264530825e-09 2.462503945149619922e-11
-7.890447769693833736e-19 -4.507136910184940314e-10 2.424079365111447422e-09 1.895093120736296789e-09 6.616282013398970220e-09 5.221228881691838862e-09 3.907316798668581584e-09 4.843614082522253976e-09 -1.606932372136488783e-09 3.907140022791065688e-09 1.491493260045226545e-09 -1.105132096902624611e-09 -2.960315788026506401e-11
3.988924376910753479e-18 -1.743423034779571658e-10 1.853840700635750853e-09 6.768461619165587546e-09 4.227761765024112100e-09 6.082997167344843076e-09 9.885527162469296719e-09 9.563244203824550055e-09 3.385002945734606677e-09 2.302229258948646650e-09 -3.333712184770786156e-10 1.134285749292235972e-10 1.730209406634669455e-11
-7.723504920027827727e-19 -9.179450523071126780e-11 2.301816371363131176e-09 1.810091557481134142e-09 3.966093093500756373e-09 8.860643929255900634e-09 9.912157073814639969e-09 5.943376395136095998e-09 -4.974049737305085354e-10 3.970997819708625883e-09 -1.242971430896198558e-09 2.407994613716691378e-09 1.941535606771586806e-11
-4.659225220126263749e-19 1.756846327834858754e-10 4.088281365619541788e-09 5.124934697270113988e-09 5.967247472073605875e-09 3.973096067650744949e-09 1.659478253725748247e-09 3.969349209837480666e-09 4.551925578797452036e-09 3.621247975264633128e-09 3.926244673090061183e-09 -9.924472094553017737e-10 -8.539803478642792759e-12
6.289347611891538373e-19 3.818223977940512926e-10 -2.986924765577571717e-10 4.817540227267718919e-09 4.048034914481308337e-09 4.708222785649061330e-09 3.348237433492714237e-09 -7.292287921427224141e-10 4.748823537758046268e-09 2.160535750742835028e-09 -5.303289836750661162e-09 1.860447782630757111e-10 -1.687873036838547177e-11
-1.132121116858817050e-19 -3.554015203468445021e-11 4.007753267891772867e-10 4.285424637493954451e-09 1.652485593698891911e-09 2.506199008998971898e-09 8.702107436866937233e-09 1.080233882417688476e-08 9.849617070614189595e-09 6.718121723176767879e-09 -4.352289949204888023e-11 -1.298186158671062224e-10 -1.811241230623288920e-11
-3.175892862151988451e-18 -4.863776241939701087e-11 3.298876606013944925e-09 3.422421437028495986e-09 8.939500870445260924e-09 9.441219266234744213e-09 6.436261852428654011e-09 3.549914048762006594e-09 1.993777542622222013e-09 -1.944478854282230833e-09 -1.654997454699715145e-09 2.540230790590557059e-11 -1.954805416675014494e-11
-1.465371069476578537e-20 7.526807101977286220e-10 6.512660569717704539e-10 3.925243558746285380e-10 4.272288838113649914e-09 4.919908816424400069e-09 5.916471455077333436e-09 4.017496643694299620e-09 2.971387891798681001e-09 -2.476322860716252702e-09 -3.196457158947559606e-09 1.122072819571877560e-09 -5.995966299408984129e-12
1.035857730256495490e-17 -1.819255232243602488e-10 -5.872078405080931590e-11 -1.079283791865322497e-10 4.360370864286716714e-09 -3.940693009193646176e-10 4.467682871674351893e-09 7.895941826489926088e-09 5.056402307926712104e-09 4.629261715485541874e-09 2.059498670336924148e-09 4.534308415659372835e-11 1.818915703922413755e-11
5.227353801436470519e-19 1.743307609236526723e-09 -1.602436706244401884e-10 4.197562480283230378e-09 5.151732623374017649e-09 7.217291325288645514e-09 5.669572247011516171e-09 1.199579721164563908e-09 5.621724063545300440e-09 7.580033827992693457e-09 1.911193273568291501e-09 1.019493377068201963e-09 -2.495460758523821785e-11
-3.153596406812123020e-21 3.559819709750711305e-09 1.870098640125341980e-09 1.104809654653773677e-09 1.917484151999256621e-09 8.427220681450088467e-09 2.207846820732567985e-09 3.257484767680071217e-09 5.033754022117426685e-10 4.593545469901422412e-09 4.112513301743080188e-09 3.445126110444213788e-10 -6.232470260033159751e-12
-1.495177643476024784e-19 -4.768843727387018868e-10 1.672077570726442949e-11 -8.519647523325356801e-10 1.769583683714753627e-09 6.031476094526032143e-09 9.503936673689957188e-09 8.143092919896236842e-09 2.077997054672521131e-09 9.603370828227580532e-09 6.137313421825503353e-09 -1.220891275859666118e-10 -2.119068279726083011e-11
4.718001298565269273e-19 -1.808688401664975806e-09 1.122963200476756717e-09 2.911271639524518679e-09 2.023080267430997637e-09 5.351200731395606756e-09 2.035123584118264390e-09 4.631476133015731916e-09 6.431484227408314751e-09 -4.939212040123908901e-10 -4.247141106668099184e-09 6.532553876385584956e-10 2.541114135531465227e-11
-2.471613379236986391e-18 1.625608558686837160e-11 9.771812984194101863e-10 5.185424363234002039e-10 2.724027934488386056e-09 1.699834579558511005e-09 6.586106326792306604e-09 5.085141442289537793e-09 5.552590526676946476e-09 3.341584614590409460e-09 2.146562650279164043e-09 -1.019145174112482253e-11 2.564764337671729550e-11
6.452197696627833371e-20 2.495152358100718639e-09 -3.438388930029584884e-10 1.810228879416616850e-09 2.855321687533677356e-09 5.809868870666228273e-09 7.648028560429357922e-09 3.679445206500226652e-10 3.640773452447774149e-09 1.078093453603262865e-09 2.771115659728396014e-09 -2.475592514689377720e-11 7.247619265164322245e-12
9.407384836719686391e-18 6.232150976825429136e-10 3.713306920344726075e-09 3.123277924869177822e-09 1.014545028570248880e-09 4.669297240011396176e-09 2.477739796167596230e-09 3.802537025862816655e-09 7.593314003728438594e-09 -2.750460177535748727e-09 2.391403460847721099e-09 -4.317212987498095464e-10 8.480124275015486274e-12
1.187350785665464160e-18 -2.291353442261925099e-10 2.721535442195778488e-10 2.024614658727512679e-09 5.961677958416493044e-09 6.446640052141113172e-09 6.226539724186964385e-09 1.788776800891135233e-09 3.543517197376641064e-09 -4.378169122158636373e-09 -3.652927445825223722e-09 -3.559731112179971874e-11 1.140018894536251682e-11
3.688753989501383099e-18 1.123899735349260030e-09 1.593661754891712045e-09 1.564156054558323611e-09 6.313709824419973151e-10 3.485356833761889823e-09 7.692712630991688982e-09 6.741252974194827952e-09 -1.601612839381321479e-09 -3.642929474952712349e-09 -4.511828591589684227e-09 -4.043212982224702959e-10 1.036398424700065407e-11
7.680044515831734250e-19 -3.063560154312254829e-10 6.085644216102888955e-10 1.657949582076217794e-09 3.107599496205756597e-09 -1.005326562733722593e-09 8.094532446998761801e-09 1.737375261158669759e-09 3.052775921598258424e-09 2.423259625086676999e-09 9.064408302149278695e-09 7.815033079722035383e-10 -2.264033602088341104e-11
-4.233092006815497343e-18 -4.113834854302472883e-10 3.290101578975258516e-09 5.637284611913844328e-09 3.286703672964620118e-09 2.602788454304446268e-09 7.732189620386073229e-09 6.668745580365561212e-09 2.090253657311140296e-09 3.241918734593639830e-09 3.013970452186695194e-09 1.424456283983792028e-09 3.674207079830651615e-11
-7.140970511275910503e-18 -7.341819451088789113e-10 -8.027604106183089190e-10 4.200114233695971097e-09 3.213512403205188741e-09 4.844542881108310259e-09 8.965218530628975783e-09 9.564733873652650902e-09 2.726593929486478544e-09 8.614871566152413028e-09 1.771759363211234131e-10 1.013707247056723214e-09 1.477471335245790547e-11
-6.053984741843461581e-19 2.513351384316993120e-10 4.949825236372886168e-09 4.315357351560065798e-09 4.614853519841362069e-09 6.054777712679833974e-09 4.291226788099278588e-09 1.987816836644663289e-09 5.601351466117555862e-09 5.145695390392737976e-09 4.697759759205140110e-09 1.666890850950662633e-09 1.049319202606161442e-11
4.839087806434610859e-18 1.351960725917842323e-10 9.000170136460209356e-10 3.534551350539544660e-09 1.682219490159535234e-09 4.921993120079846215e-09 7.289799354811343175e-09 2.723134770283698378e-09 7.276425440358257943e-09 -3.164046514843533342e-09 1.991958703006569724e-09 -7.616409554096466984e-12 -1.866619727790645884e-11
6.335740218294747408e-19 6.642380874993047640e-11 9.855405217886055360e-10 4.191929802984353041e-09 3.241153533901750491e-09 2.078558969321238408e-09 1.050676608474686819e-08 3.179305200159198328e-09 -2.343526821473996531e-09 -4.746435296173461402e-09 -4.103274704076800477e-09 1.284645473870778222e-09 3.927886227426318464e-11
-2.525760155690729131e-19 3.058311460552085104e-10 2.048266071727574225e-09 6.331050467018773032e-09 3.344473607399203414e-09 6.543861114197220271e-09 3.314147530704797726e-09 2.134293295545376282e-09 7.928055166597187214e-09 -1.805563901108798564e-10 -2.960999747325723357e-10 1.440686357742940539e-09 5.740242010649948093e-12
6.499638700258267022e-19 8.941140962437838925e-10 7.126358524960657360e-11 2.321410930516382342e-09 2.052177810636112443e-09 7.813548811623548378e-09 5.800903194464680928e-09 3.998127387737380488e-09 2.588039011393053239e-09 -1.206797415947094890e-09 3.958962597409040104e-09 1.142483621706021513e-09 4.305451384354918260e-11
2.661900942803897429e-19 1.246537388987298983e-09 1.950656863912671867e-09 2.589648787727746679e-09 2.329388940916547335e-09 6.303739242278255910e-09 7.967427205482936908e-09 -1.346028702277631635e-09 5.118053079984892158e-09 3.958298503339050001e-09 1.101769818048242049e-10 5.974258168877537954e-10 2.717045339592269908e-12
3.836829131224430519e-19 -9.975626863471547044e-10 -4.850720549357741967e-10 7.187265561869895136e-10 2.342960765242250533e-09 6.554890507993303150e-09 5.723183451027555131e-09 -5.132625156641414312e-10 4.752600575284332120e-12 1.995548046544473670e-10 2.199206313956113910e-09 -1.279530402744047413e-12 1.719761004269669100e-11
-2.974899788199122147e-18 2.345052171300723659e-10 1.378672425716539316e-09 3.413306664343263267e-09 5.802014436441679351e-09 5.588075262988861613e-09 8.602801835344185835e-09 6.284025662324449449e-09 2.822809260836678411e-09 1.122885707644370762e-08 1.331720384838064699e-09 9.797420156487033168e-10 -1.130462564324511910e-11
9.729631487737726776e-19 1.659213482918703787e-10 1.162911188143148679e-09 3.274059886410086485e-09 3.458191758251876209e-09 5.278631936172871836e-09 3.064126981738712590e-09 6.815349460809347133e-09 2.911367171490302002e-09 6.533953660597512190e-09 -6.208094939941553792e-10 1.588956841193754021e-09 -8.139373627978003639e-12
-1.505535593541786949e-19 3.147617275872353456e-10 3.585982394337384154e-10 6.068325244989075722e-10 2.013232492984810737e-09 5.799693683008379903e-09 5.827100546491242570e-09 4.609332146294003493e-09 8.591032678060841941e-09 4.582146435849207484e-09 4.437306077706092261e-09 3.097625088349785049e-09 3.070016711242931684e-11
1.579968385349419048e-19 -6.115241530087186760e-10 -1.216975775878067903e-09 1.432958449691937162e-09 2.225901317783789189e-09 4.080011225119652332e-09 8.374278290714309118e-09 1.334813327513630500e-08 1.033093566738372848e-08 -2.505096825228455482e-09 -4.728856928314339003e-09 -1.082934158846190191e-09 -2.305981009038130001e-12
2.189324185627587424e-18 1.573310835233566146e-09 2.849956396844928458e-09 4.194389855279178734e-09 1.962242324277135088e-09 7.444300876889306883e-09 1.127557418985151242e-08 -1.517498220404404169e-09 4.472478317163351396e-09 -3.267957081384377511e-09 1.905223721924494208e-09 1.021530704444547417e-09 -1.673117703315153546e-11
7.502678975323687328e-20 1.731078012780058095e-09 1.876470656486117192e-09 6.305534487898416323e-09 3.820078094630983767e-09 7.187150505416071039e-09 9.880711227912260026e-09 4.638728457210725811e-09 3.061604275039399412e-09 -1.691041398220077944e-09 5.014973414509534955e-09 -6.027588170338759187e-10 -2.760049162286228317e-11
-3.490044491316688437e-20 1.157722485191864146e-09 9.830465120182714731e-10 7.780334585828322544e-10 1.779909352115367497e-09 2.692440072554001579e-09 7.022779952218729604e-09 -1.278070744448342933e-09 2.174938668466830359e-10 4.585943821716949478e-09 -2.484840843410111521e-09 -4.929498899186095272e-10 3.688956086718406640e-12
-1.071465649147043158e-18 -7.097216820196964445e-10 2.061120370431852186e-09 2.750200470658352326e-09 1.103040317003621494e-09 5.943795410836292125e-09 1.277201426672535142e-09 1.113316266525475491e-08 9.231906421926135962e-10 8.178393063774860963e-09 4.894217920081550412e-09 1.368644793856792449e-09 8.424610522494437498e-12
5.680725166694516878e-19 2.483627693210351011e-10 7.133366498814688510e-10 1.400819600744582910e-09 4.033072579655560263e-09 9.674591969769876362e-10 3.982906286308312021e-09 6.818086338211693220e-09 4.127430387656309843e-09 1.039497744332641273e-08 8.389889508761772202e-09 6.925090200848203388e-10 -1.575972360447938444e-11
-1.516990783394744881e-18 6.407306280402216001e-10 5.932628416576998421e-10 1.142171813111682025e-09 5.012699216234772812e-09 5.622482768644003174e-09 5.620415224502552236e-09 1.519800796542540954e-08 2.121131145669255836e-09 8.130475931286095138e-09 1.624072994177289430e-09 7.181189059964846110e-10 1.749972419198811607e-11
9.305895181595096724e-19 3.110815391483830865e-10 -1.454438181939773023e-09 5.199577099972852196e-09 8.756154697326392253e-09 7.638562777454789775e-09 2.696755458866093518e-09 6.299492649927043234e-09 1.364806774198718796e-09 3.512110095293139050e-09 6.375011169282726806e-09 4.841535035771414289e-11 3.425959906219924857e-12
1.266401749026124511e-19 -2.831639001827281623e-10 -8.769555191605554919e-11 4.289796628302316942e-10 1.965185274683750713e-09 3.890421264982012588e-09 5.660982687092414463e-09 1.012928463748697400e-08 -2.635955445808977821e-10 -1.904585947146273506e-09 3.003943298820991025e-09 1.081598022302909638e-09 1.567470802333606039e-11
2.550639105256359215e-19 -4.241316280140653754e-10 -5.710712505975108747e-10 3.541967486993913269e-10 3.325215193713103856e-09 4.407394940055978311e-09 9.648657186603719807e-09 9.794559903998881944e-09 2.351359567970617401e-09 6.231678786934387088e-09 1.783756848897987677e-09 5.822730214423299230e-10 3.227477524013527425e-11
-1.361419067561462694e-18 2.935026717749088748e-09 1.352987756300562973e-09 2.019286566126337372e-09 4.758959175264058820e-09 2.298981057244082377e-09 8.566749571426295910e-09 2.637608810405267036e-09 6.806434771816621789e-09 5.846111603827212371e-09 1.621504837264378146e-09 -1.392558099259536052e-09 -3.560936876384695120e-11
-1.852183150041573091e-19 -1.307343309636612749e-09 -6.659431162394345034e-10 5.580832367863488907e-10 3.115799007486329918e-09 2.860328110162905202e-09 5.401542779714174687e-09 8.361644065758348742e-09 8.198252212304913151e-09 4.126099832858856053e-09 9.019565432767300240e-11 4.116377956474657758e-11 -1.988368628607888346e-12
-2.552622401526427712e-18 1.190898872671277657e-09 2.585556078777083399e-11 3.016004665404461774e-10 3.620164399193202146e-09 7.289381767231050676e-09 8.739750870531168741e-09 1.597167663334499203e-10 1.389011658544649017e-09 5.516719790580718061e-09 4.134920799377600224e-09 3.904795568975775544e-11 4.709570345185796774e-11
-3.023247290548785962e-20 -1.326144050429347664e-09 9.254234948010972385e-10 1.520950259801898025e-09 5.617859221015023936e-09 3.840539627430511763e-09 7.880684502246048389e-09 8.035619329076125823e-09 7.439747681159502991e-09 2.457876419140272696e-09 1.063968148855139047e-09 9.637150834196734892e-10 -1.872691300934992411e-11
9.894711815749504041e-19 -8.582517287165943953e-11 2.274756395366551315e-09 5.282427856551548037e-09 5.159016657019670989e-09 5.229336811007814229e-09 7.717964001016727525e-09 7.241947705850662007e-09 2.105880771185992215e-09 6.032753014513792300e-10 1.538290479517842560e-09 -1.061141324906781632e-09 -1.915204740043179381e-11
-4.235828828120541507e-18 -6.260620302720391821e-11 2.377400658469324324e-09 2.878193192705341248e-09 7.052245609580956515e-09 2.123216682640138967e-09 7.788301160794805463e-09 7.698362710632005851e-09 4.216348462853232539e-09 -2.336996880106041094e-09 -4.493971299929569234e-09 -9.461655927091410500e-10 -2.015757054466143087e-11
-2.741144663963514102e-19 -3.561029215440199025e-10 1.468688246314272700e-09 4.393039681891508718e-09 5.439005686614858727e-09 9.499603085107200275e-09 8.550619693876252364e-09 5.134877736956145970e-09 4.886435393194920463e-09 2.572463479458918227e-09 2.313867122243354752e-09 9.470480656128842915e-10 -1.078864261116711179e-11
4.241914134077628680e-19 7.696719327862374409e-10 3.796174411757277106e-09 1.328567727599194830e-09 1.275641871132761612e-09 1.606334469737449391e-09 6.899267262643694151e-09 3.846011797860799570e-10 -2.575312076809705446e-09 1.876032991614797658e-09 -2.397722789552070623e-09 1.995100845728090949e-10 1.717260050534668145e-11
1.042078626510404648e-18 1.412446495858904041e-09 -5.183608683767242275e-10 2.419118382557926629e-09 4.401680967189738368e-10 3.365235680226076362e-09 1.693694548329880957e-09 6.564149480559068300e-09 1.031579493817591753e-08 1.784027128665864715e-09 6.257184835054758351e-09 1.217801953783890846e-09 5.135746566120916324e-11
2.128850512636627435e-18 1.478512637199949030e-09 3.708675582144921737e-09 1.152802433001922256e-09 2.406041407817815210e-09 2.214981884848855240e-09 2.706540630007123015e-09 1.157122587244941204e-08 3.070220475031886074e-09 3.786130345757717522e-09 -1.777566691572797529e-09 1.928797843609462669e-09 7.669842688735729780e-12
-5.849311778563954259e-19 3.125460094717989509e-09 4.274377148335581293e-09 2.246210031343732747e-09 1.737631736140825064e-09 3.296773463813720027e-09 5.998949298497975700e-09 6.006526166168775306e-09 4.701600761923994448e-09 1.141429273619538576e-09 -5.132563769655690153e-09 -1.845666332557263732e-11 -5.243238898391530126e-11
2.493689337637296555e-18 -1.113324348277884596e-09 1.428155471477041455e-09 7.087920266792061471e-09 8.179021186274168703e-09 6.553711185149270026e-09 3.878239487873813757e-09 8.522030135906032503e-09 8.381036878039902480e-09 6.250409749255928344e-09 -2.016292702337451840e-09 1.370869952599898383e-09 3.975450326017952872e-11
-8.659770327441026018e-19 1.660195105624499986e-09 2.038467244416078651e-09 2.975165415290475764e-09 6.873576619060853456e-09 5.727273407264006554e-09 6.439832391234474191e-09 4.729479935884868921e-09 4.028059214535843484e-09 1.039159464165359741e-08 4.345934198533199703e-10 -2.227641516367731096e-10 -5.433399249402298901e-11
-2.291750553932787193e-18 -5.102581641946646568e-10 2.012732717669807043e-09 3.724516361668209671e-09 4.637004916833775965e-09 6.977338195233483870e-09 1.081383595567799262e-08 6.135476297431700619e-09 8.630788438798986081e-09 8.421165191911380783e-09 -1.198997619105885216e-09 -8.421965163537023029e-10 3.709745707626496561e-12
1.422000071512793419e-19 -8.072424883547272654e-11 -2.326012253117243382e-10 2.522035344045683541e-10 2.268774834104933444e-09 5.599384225800465011e-09 4.805611681563549978e-09 8.387597260938110561e-09 1.060371791652493411e-08 1.973345320775404329e-09 -4.705945834116691692e-10 -1.811075359412045009e-10 -3.905500512776432454e-11
4.337234741309789539e-18 1.901540388027709747e-09 3.018987900155954861e-09 2.736696246452778956e-09 2.509990725776707869e-09 4.722523759770479862e-11 -8.038920123130467618e-10 8.132848896782094282e-09 6.813606976046257614e-09 4.094831190055723684e-10 7.208719975812187646e-10 1.240951009374638524e-09 1.249789802144008885e-11
-5.195292548708294407e-19 4.055000629135309509e-09 -9.413109493239275239e-10 2.512454488685248827e-09 3.942468935754582947e-09 6.105159423197099327e-09 1.922739997211399538e-09 9.288174494640656670e-09 2.322967687526353333e-09 2.096066780195101619e-09 2.805356501910174108e-10 -1.494762637909513680e-09 -1.384203046151685182e-11
2.540084097072543160e-19 -8.673018507723754134e-10 2.274783736392622738e-09 1.555323549365841007e-09 -8.522654141509815516e-10 5.516499003170135595e-09 9.725517553049291913e-09 8.140355142090868222e-09 1.458824296264996080e-09 6.086390306929484107e-09 5.663250878190078416e-09 1.383181965939169652e-11 2.404256519565538516e-11
7.886798092751490073e-18 8.310022701699350591e-10 -2.286359821880082660e-09 1.734591670361072504e-09 5.803417108330412399e-09 5.843784733092979307e-09 6.127575973588286012e-09 5.920892262609227039e-09 1.250026111227794435e-08 7.762146539488229987e-09 1.074689211509209158e-09 -3.960597938090124728e-10 7.668587124189219070e-11
1.183081398506411078e-19 9.670047775932175716e-10 2.424996228693438608e-09 4.305844356200917930e-09 3.289746839492707216e-09 6.318096626520972239e-09 8.516449973358258950e-09 1.348927933955806504e-09 -2.786602741954325120e-09 5.523179110832576946e-11 8.117173122388529145e-10 1.395727041994719159e-10 -3.787963966336440470e-12
3.749463371048607983e-18 2.393114182104715811e-09 1.299553325459308734e-09 2.500946585772629416e-09 4.664834679887008444e-09 5.365811270719904152e-09 2.755580583300243652e-09 6.829141858641138986e-09 1.240538597831232344e-08 6.027341998133277326e-09 1.819779435587755420e-09 -3.538560812118163457e-11 -3.187464358199043633e-12
2.499610694434054090e-18 -9.822709951453268936e-10 1.310289965843532298e-09 2.550158155526794484e-09 6.191661806407225896e-09 9.045491623593436504e-09 8.299274454495320685e-09 5.308758039934044479e-09 2.730802580230283397e-09 1.478456190792324117e-09 -2.567579640406445521e-09 -1.138232573479178711e-09 3.120690771444111608e-11
3.001708124001558688e-18 3.796555700567899550e-10 2.777074964686134482e-09 3.139678270246779001e-09 3.739327176310755444e-09 2.928260587531070930e-09 4.122190972662979551e-09 2.760979691500994265e-09 5.398059691037728616e-09 1.120544636170391299e-09 3.331928140959323623e-09 1.071001953221396294e-09 8.409068803746777943e-11
1.449132346049145710e-17 1.583317692527756538e-09 1.045606880264175668e-09 2.446175894417904668e-09 3.666818071950772138e-09 6.919793677929143411e-09 5.694880942336027672e-09 5.925897813946749960e-09 1.273417005594396819e-09 -2.914782109036717395e-09 -2.452476909430591077e-09 1.301775175250093239e-09 4.584022955441024772e-11
1.277318164182826651e-18 5.785378816490627365e-10 5.463849167139803758e-10 5.177300491173831338e-10 7.172876777008058644e-09 1.215329805756403979e-09 4.117525101215239200e-09 7.956284162278282545e-09 -3.736018091643679076e-10 1.738306925455613583e-09 6.107376090043816389e-09 -8.615002052822337727e-10 2.122083327440412869e-11
-1.410339877315338442e-18 -1.551675396345031578e-10 4.296292931736019649e-10 5.953073879197849372e-09 6.095234715961280513e-10 7.117754691406913618e-09 9.742079259894514557e-09 2.685535389314011003e-09 2.289855702730597302e-09 1.486854853015101234e-09 -1.138146983007057159e-09 9.761545688906443754e-10 6.164053099621282733e-11
3.836703290337185316e-18 1.131621901578426926e-09 -7.326276794525139286e-11 -7.385820682700216358e-11 1.878759590820376811e-10 7.305614431955163852e-09 6.627380252502134496e-09 1.576090950783819780e-09 8.534577179202670848e-10 6.805194688799197575e-10 5.726327734072834713e-09 8.153834104670113075e-10 4.280954161740503592e-11
-3.489655376358691218e-18 3.507273985713494456e-09 2.648307630596560091e-09 1.932535616900977976e-10 7.311757307348405337e-10 3.597405512715509403e-09 8.559568701726984419e-09 -1.964934656495678114e-09 3.626868241861607942e-09 2.865598379681746737e-09 1.016389035011426657e-09 6.680124099166135096e-10 -3.368679009850902042e-11
-5.324130324759275927e-19 3.428434748739692996e-11 7.037632415165045620e-10 2.256510958210974012e-09 3.034999951751295159e-09 5.615037897865159989e-09 8.807599117722359293e-09 7.043150991531276841e-09 8.406063614319852704e-09 -3.641500307626616395e-09 1.507860237798749798e-09 -9.670650625592426021e-10 -3.272528149471728184e-11
-2.812002257585618962e-19 9.609811361236341974e-10 1.239992037071853180e-09 1.647457759366305789e-09 3.321953760836975144e-09 5.521392457517083693e-09 3.358113519334632938e-09 9.591190553446128745e-09 1.108794937328479112e-09 3.960205330827558631e-09 5.583437780094502842e-10 2.074564452143343452e-10 -5.019228756884840622e-12
2.912417404346541449e-18 -2.295894329491847775e-10 -1.603655891940393989e-09 4.263718272711778755e-10 6.881849961664215427e-09 7.557204280468374851e-09 1.644680127637953616e-08 2.808108657197087288e-09 1.117980099895426598e-08 7.035575960313924567e-09 3.634715127537054067e-09 1.048471380728822163e-09 3.745947697266868687e-11
3.456927390799072398e-18 -1.241712215519387626e-09 1.397105748321624726e-09 3.217988190733082998e-10 2.944374684445626678e-10 6.273827930963490587e-09 4.459172979602991002e-09 5.373503347594384592e-09 1.028622368366907286e-08 4.922768969422855523e-09 6.120296894134271088e-09 -1.260930867019662107e-10 1.922797277674780486e-11
1.702922576005599786e-18 -1.698697832846235417e-09 5.711259881935966662e-10 9.138660517030628807e-10 3.448608457288712791e-09 5.876608261933556540e-10 6.121116342209254540e-09 5.904692533832098346e-09 9.165867204483939146e-09 -1.967641541874573532e-09 1.243967905703024133e-10 7.757417889265988036e-10 -2.485094560585108138e-11
-5.830924420351896706e-18 3.435146521367459916e-10 -6.452086403549043532e-10 4.774571452090126209e-09 4.553207226140987068e-09 7.460109531351919150e-09 6.574635175566724668e-09 8.725494915766156088e-09 9.385977274044885408e-09 8.541490006888406977e-09 5.519863032797169617e-09 2.264761140960462886e-10 3.758762506730570432e-11
7.469465211813789487e-19 9.390241279544695333e-10 1.479054162655388007e-09 2.153312750497850159e-09 2.314916847992749808e-09 5.517461865168758520e-09 -5.551873809753807055e-10 2.725195946431570145e-09 8.107697472109301186e-09 4.220563134637509767e-09 -1.666642367111761121e-09 -1.006603971118406631e-09 2.237390603192259827e-11
3.442740634138447250e-18 -1.379536936979525169e-09 -1.262051096314833174e-09 8.479158751440906569e-10 2.582664538185122942e-09 3.315637141038887168e-09 5.971616533407055357e-09 9.797461780579457664e-10 -2.380617806286338684e-09 1.056224776090185760e-08 4.435910240904944350e-09 1.512038742660833291e-09 1.659781129911635409e-11
3.140791842312272267e-19 2.584776791436222336e-09 1.996228812575867430e-09 2.183407301560051033e-09 5.709427249649922020e-09 7.249777583763484364e-10 5.693866487032147289e-09 4.626557762022332671e-09 1.045863780028820782e-08 6.624057064232177072e-09 4.808391891183707162e-09 8.910318249468309352e-10 7.007851674980919946e-12
2.055775384484588829e-18 2.346762255302786657e-09 1.202511438705489660e-09 1.170589915930770220e-10 -1.805292281797532438e-09 3.144564993759403788e-09 1.023296115824104963e-08 1.027104510836330647e-08 5.231242600576069488e-09 1.335543621969843483e-09 2.885104538898752069e-10 -2.258839357103782668e-09 1.673033169453758240e-12
1.734651277631228914e-18 1.842534414422373953e-09 8.260126075316581751e-10 3.626884307807904540e-09 -1.833163865065248273e-09 1.400589296253329053e-09 3.297872765577880907e-09 7.355445771139968875e-09 7.134988319305137628e-09 -1.071054678731595356e-09 -7.356802349167282442e-10 2.144523218315314981e-09 3.937064088689540454e-11
9.787160398651500256e-18 -5.490141862604449751e-10 1.894713935456444278e-09 4.689918687147581011e-09 4.502666980927529938e-09 4.345587340100301257e-09 5.180481154262564512e-09 9.775009587684383738e-09 -9.979489813200510702e-10 -1.030331186166201727e-09 -1.769476473125517419e-09 -2.229107875279248434e-09 1.264699992298413872e-11
4.802762570659148527e-19 9.921376249538027034e-10 2.489049034006025598e-09 2.042572477828720576e-09 2.288238671575063990e-09 6.256704405875693300e-09 6.230943918017034329e-09 5.598449575339784813e-09 8.147435261937093751e-09 1.116448789554395109e-09 5.542921995969529730e-09 -1.027900944640835809e-09 -7.431096403637589805e-12
-3.369311962269003009e-18 1.510657185383156269e-09 2.552315457905533372e-09 3.169510464337738161e-09 5.013091904845325716e-09 5.166281472779175280e-09 1.254851661194902612e-08 6.901347565267431385e-09 2.542377271273464924e-09 2.428093185470119891e-09 -8.622457566370172190e-10 1.252708402076376176e-09 1.553295887911188882e-11
3.701508753370418878e-18 1.038332747508097486e-10 2.147367955417444026e-09 4.711477606355712556e-09 2.778230759296542347e-09 3.686779611061664066e-09 7.862131098639597217e-10 4.438373812132753339e-09 5.227445654961625393e-09 3.783044079872919597e-09 5.141620462419488667e-09 2.146373756378598420e-09 -9.076834102886860895e-12
-1.671545596561614435e-18 1.000590596622181851e-09 5.053871720950016367e-10 9.115737505007417896e-10 6.576189877501668978e-09 6.190307209641038851e-09 5.866759744025443219e-09 5.427189584549387430e-09 8.141887494535608399e-09 3.705850587153375299e-09 3.668086327370960160e-09 -1.910436229929671532e-10 5.944092718723710322e-11
-2.917859362598876313e-19 -5.460262911056076852e-10 1.354887189598773723e-09 -1.561912579373970793e-10 7.484856226426439648e-09 4.963162602628651002e-09 4.538189997154178595e-09 7.494423556368323898e-09 2.564981674609852906e-09 6.070508741239845645e-10 1.864242015990612215e-09 -4.216820022147028353e-10 -2.747898054627828140e-11
6.029235559012811406e-18 -3.779163656369069065e-10 1.748194808096829941e-09 2.831141712618676982e-09 5.845404191755522260e-10 4.725965820985276292e-09 8.089630894269805350e-09 -7.116229693810723068e-10 -2.399822480137389298e-09 1.981993984916556466e-09 4.020439490766661005e-09 2.072878292343647949e-09 1.496605536853202549e-11
3.205459529095547657e-18 1.681195308317093330e-09 1.859502731272294980e-09 2.713987929979156842e-09 4.907891338057465044e-09 4.532931045475159409e-09 2.271213642967576353e-09 8.280688803931437148e-09 1.550615409644040393e-09 5.846703388058590650e-09 2.174372195858037102e-09 9.878777062377203979e-10 -2.198531451885933944e-11
1.695119902262784499e-18 1.685661612395470474e-09 1.509628435176499709e-09 -1.517055472307071484e-11 2.400074707972593613e-09 1.724269636016769592e-09 7.043658740491640407e-09 7.095353487685292576e-09 3.808489963744374258e-09 1.510360621528168014e-09 2.717289694317426500e-09 1.710152033904819901e-09 3.573591916267750151e-11
-2.004575537909623188e-19 3.560921840431606580e-10 2.121453020010818448e-09 2.116490442046401299e-09 1.530866668954816518e-09 7.483280009532736916e-09 8.381947365938363343e-09 8.969099712283643142e-09 4.197006407025140569e-09 2.413724892637816813e-09 3.516983880848090399e-09 -1.882404524139995442e-10 1.022549380007829585e-11
-1.027320420144599648e-18 6.422357354078100428e-10 6.862127536194112805e-10 5.440078231995147095e-09 6.037507804195465331e-09 2.756128813838562184e-09 1.280784980404546794e-09 4.031246788520100350e-09 6.944968186494764519e-09 5.935127809692158037e-09 1.063718811107218469e-09 -1.544534314961431805e-09 1.490874991413990840e-11
3.099300057171383844e-18 2.028512674092260922e-10 1.218941326876347281e-09 1.954700236166370825e-10 4.918023577088728078e-09 3.156008795676637309e-09 8.228049389816331480e-09 6.490361691471229427e-09 6.090848832845282799e-09 1.158713319788268819e-08 -1.906644564530601381e-09 1.622530771465469670e-09 2.595640031638459296e-12
5.247249020742619369e-20 2.903746876471626547e-09 3.701143240152389271e-09 3.719888608947251241e-09 7.987010521543630226e-09 9.847494172482186671e-09 9.841375120688477687e-09 5.601539501402509461e-09 1.438265622907352876e-09 7.566228203037741064e-09 4.343030278001503982e-09 1.158392688331666823e-09 3.174126259313669210e-11
-4.944247748840003767e-19 1.042003837203502179e-09 1.768475535081535959e-09 4.872597795574094475e-10 3.207314694048369536e-10 6.447505596362300834e-09 5.890238359483474361e-09 6.119641655185471889e-10 5.474311846432295634e-09 1.153228385314842208e-09 -2.806491997387506900e-09 2.376704673407684366e-10 -8.214941712313912545e-12
2.563728383595956414e-18 1.795293889062828013e-09 1.195408077656361411e-09 3.077014613561405828e-09 4.535117747099047044e-09 2.198906744524627662e-09 3.814395261639512050e-09 6.764374085310625117e-09 4.333498610716501146e-09 3.267179220237199543e-09 2.211968051435502845e-09 4.501410601617378243e-10 1.368381712253277924e-11
4.314410961746844294e-18 -7.430070592393707569e-10 1.782752909275651388e-09 1.554503787603589406e-09 3.325838693780240960e-09 4.920091798036613063e-09 3.808495392365127095e-09 9.458746835692637514e-09 4.553621736954813296e-09 -1.208669476409721693e-09 -1.392282072414544336e-09 -5.305339081200395033e-10 1.293238039169143291e-11
1.331640815098482896e-18 -2.520836861270936632e-11 2.898586765226987024e-09 -6.707123578492119350e-10 4.083752559739461284e-10 2.328173988838654576e-09 2.962816860417171981e-09 6.685742719435299338e-09 3.190834914543466517e-09 4.091441003924201897e-09 3.042726060197753782e-09 2.070412329828354829e-10 5.013646529120681729e-11
-1.619632007306111937e-18 2.058620265998675742e-09 9.494358991106777718e-10 2.581853882343882490e-09 -1.779979913722302315e-10 8.660464635431889778e-09 6.165669627365665159e-09 7.120069566035833435e-09 6.034663788613855865e-09 -4.116921154415957716e-09 8.471205325992002667e-10 2.154661793890858658e-09 -5.516247000397746982e-11
-1.053174909183302701e-18 7.050956869530492010e-11 9.764976449511326951e-10 -1.174563342912390146e-09 1.439670242950403408e-09 5.950082322662224333e-09 7.647834867197220119e-09 5.065336331503041140e-09 2.790818352688805564e-09 -1.177642038569029102e-09 1.402733003389156975e-09 1.995608225243769869e-09 4.034044320023764352e-11
-2.155618856024510739e-18 7.898002994548088717e-10 2.403735402957083832e-09 2.225468851733512705e-09 3.938870138114329989e-09 9.064184806476166072e-09 7.581966301558929903e-09 -2.596327237087100406e-09 1.202204624439967779e-09 -1.992689486618735128e-09 -6.072798957313152842e-10 1.782878192435664076e-09 1.185965698919457748e-11
1.783516684619091554e-18 2.172293096573335148e-09 2.956061631418007029e-09 1.930597763898177436e-09 4.448308950221310098e-09 2.395470386520718368e-09 4.678958856243181435e-09 2.364068519918517446e-09 3.712752322743042602e-09 2.875581157982229285e-09 -2.771539532943211087e-09 -2.553135604460917399e-10 -5.272734689252263958e-12
4.385130041041838925e-19 1.715355864632885503e-09 -2.798141849452212047e-11 -1.887963455897308828e-10 1.657401062873977467e-09 4.881196287847205250e-09 4.958115730108308176e-09 9.845490526660513223e-09 3.073676611442879756e-09 1.552861159136920110e-09 -1.247245247691982607e-09 9.703336846532259050e-10 4.118192467395182701e-11
-5.797504574062587838e-20 -9.557331309047631768e-10 -5.090873332303008877e-11 7.851523118385787677e-10 2.440838093074270091e-09 4.342145430889018623e-09 6.246309772754613308e-09 2.175113180493610155e-09 1.030282046210960770e-08 6.966671445891236672e-09 -3.099367075543022688e-10 4.225283743373582742e-09 4.456135635640305829e-11
-4.353371232180793155e-18 -1.786459898036761749e-10 4.610068738379912338e-10 1.615019630268773809e-09 4.846210143740097306e-09 3.312547842124797447e-09 5.073734311469521909e-09 1.393957260160645473e-08 5.999431914790837231e-09 -5.070931823280523268e-10 -3.651461023557719239e-09 -1.468661076542027931e-09 2.470343688877922010e-12
2.711733415128172560e-19 -4.455754993722512254e-10 1.868515073836097897e-09 6.175721873357141164e-09 7.578439389982562737e-09 3.733418729463101100e-09 5.729038174069174211e-09 6.957606231336533498e-09 4.740232460680935159e-09 1.631771246025148410e-09 4.571835282434544194e-09 5.281894245845539509e-10 -2.106867123380334644e-11
-2.291593828333613414e-18 -6.391486364033753225e-10 1.440670214011767090e-09 9.793475341882202644e-10 1.368822861869627076e-09 4.712148585713805492e-09 5.842333198064441014e-09 1.181985403787778716e-08 -2.879059660035367263e-09 -1.716324982777918200e-10 1.467188292636872511e-09 6.706247486120804441e-10 -1.800272308132294438e-11
-6.537218448120831800e-18 -2.833411384765916373e-10 -2.546899824861166016e-10 1.624347366777214325e-09 6.397788479897797225e-09 9.118879608550059887e-09 8.009062903535040042e-09 8.205943818418047636e-09 1.858900862107295723e-09 1.819023791372500175e-09 2.926657620511871822e-09 4.491304205874677433e-10 -8.542521967662851183e-12
2.620698759510162024e-18 8.722861979411417915e-10 -4.685335486800655481e-10 2.861993448210832967e-09 2.554183529308299755e-09 6.785806181915004288e-09 1.367522304202247743e-08 1.343651293252300466e-08 2.884411510259448689e-10 7.391003676621123194e-09 4.793409512164020891e-10 5.752621982966157246e-10 1.957252660110640220e-12
-2.263079678973595477e-18 -2.989408544384466110e-10 4.092840930258454764e-10 1.706191458102364511e-09 6.846732913752566815e-09 6.528272064211194193e-09 5.296254633831771845e-10 -3.299138591389464046e-09 5.085482745916764093e-09 7.413882761607957979e-09 8.013742198189428566e-10 2.652736698681305736e-10 1.723854667748905309e-11
2.962181123396141480e-18 1.256211234779056930e-11 1.948431686608115233e-09 2.801843216887387377e-09 4.896343722150417816e-09 8.774649908193146273e-09 1.415856257807875006e-08 8.251524421846009358e-09 2.847536280600034588e-09 8.425859025907538518e-09 3.326431842538628040e-09 3.820586197673596161e-10 1.028701390600944861e-11
1.210442062355711354e-18 1.408814123137839931e-09 3.621062727575468139e-10 1.438236643583453236e-09 4.105467556571207504e-09 7.265358808161231365e-09 5.771267080546720359e-09 5.347308035309888998e-09 -1.503707956017341847e-09 7.882999822567859579e-09 4.098235038561347973e-09 4.541531383326968169e-10 1.663092399374085544e-11
2.966567683607960160e-18 8.719102685157334796e-10 2.169189508374705614e-09 2.173194543589722713e-09 2.634754150656794129e-09 8.422639859185753576e-09 6.029472210337759749e-09 3.961847089330777369e-09 7.233707489676744455e-09 2.625733626733292978e-09 -8.511971723262113442e-09 -2.189112524678171817e-09 -7.239747430980096030e-12
1.513008480112836272e-18 -3.062406568554273162e-10 3.217786215166913988e-09 4.176108486649234089e-09 5.214224896494986890e-09 7.708355495083080713e-09 4.991152872876075806e-09 8.768210457747445993e-09 1.338787099757836332e-08 5.828642219818123880e-09 1.799906385466782949e-09 2.761933257295618848e-09 9.662323710122581635e-12
4.104609019929086206e-18 2.994288539846788487e-10 2.488468996397595636e-09 1.750412118325902960e-09 4.708976774383623692e-09 2.036880499852637211e-09 4.715522754523427993e-09 1.351086382958292077e-09 6.675542625334905471e-09 1.222534061633549824e-08 2.329576195921601874e-09 1.472169451732009832e-09 1.456842396702823396e-12
5.559761039473109838e-18 2.024318170695486233e-09 2.025692067856658586e-09 3.604487602330754142e-09 -5.802028940005791820e-10 4.002964940395035076e-09 3.708978723623383953e-10 3.692326033137624383e-09 8.317573330717323995e-09 4.962047181170146748e-09 2.100162464865955675e-10 1.717630560097789091e-09 -2.185933372857379672e-11
2.338481725356916672e-18 -7.772438216217059480e-10 5.734114900541511796e-10 -2.520148474970550569e-10 5.504650102374887280e-09 4.328685822093165508e-09 3.664242413019537148e-09 3.376158321714801673e-09 1.445278544572979826e-09 1.185999276610630022e-08 8.097885884147148885e-09 8.445017146247696966e-11 -1.700378988598350180e-11
-3.755547084461775425e-19 1.322646765064184811e-09 1.547364290765386088e-09 2.960436623175418678e-10 4.009080378903282597e-09 7.374272000348865315e-09 6.535517855283085863e-09 1.053194492821495889e-08 2.775466042739697329e-09 7.450199970143728679e-09 3.602984987287943604e-09 1.974885973796998097e-09 -1.658366588466182478e-11
-1.432073177358511057e-18 5.728352114312284505e-10 4.139000480221123105e-09 3.235964204231722171e-09 3.804590514009637238e-09 6.111959648677994928e-09 4.329397396954362715e-09 3.404860427197059016e-09 5.636943580638071408e-09 -3.901013703763236582e-09 -1.185693820997840510e-09 -6.447269385317105953e-10 -1.582267173483424797e-12
-7.830101583903140605e-19 -6.115542223649868456e-11 2.456848622812576938e-09 3.318496414883916701e-09 6.501162690525102220e-09 4.900707963773261020e-09 7.045502691267669497e-09 8.354048144042654683e-09 6.265721058365076606e-09 2.301542973261008699e-09 4.685218624989916725e-09 -4.490620929461424880e-11 -1.764181518424949008e-11
2.387597650274622417e-18 6.787000999823718238e-10 3.754483980944033307e-10 4.013337423952988410e-09 6.047741537258435052e-09 7.368713940085139692e-09 3.145974629471705170e-09 9.366163829820968076e-09 1.698528627532845960e-09 3.933893174003168912e-09 -3.095391974224733871e-09 2.014201894424674581e-09 1.339715975632082037e-11
-1.217802635282365149e-18 2.332963317625507617e-10 4.373574907424848798e-10 -1.097162260867085900e-10 1.872895923739380012e-09 5.505553740267353863e-09 8.433584172486281493e-09 1.087183865813411565e-08 7.858942921049072572e-09 1.481204246617553137e-09 1.347240119142528560e-09 5.563267096232253384e-10 3.014048248256500638e-11
2.510589109876526551e-18 -8.143116438383002484e-10 -2.689116788593880831e-10 2.050403332580983856e-09 1.905215756763864609e-09 4.965257191606639903e-09 2.149829660933784284e-09 5.132289010386377099e-09 5.666696348609432007e-09 1.049769285273211268e-08 1.693040722473203578e-10 -1.009169824169065111e-09 3.724240191050321550e-11
-8.162467781453121168e-19 -3.092738894186951202e-10 2.185923052884454044e-09 -1.907716884668581593e-09 4.059199675605882195e-09 2.208517684855647126e-09 5.564157109826754976e-09 4.323104563417634982e-09 7.813928947760503823e-09 3.580580836130158418e-09 2.053461690664658173e-09 8.716843804053117825e-10 1.824200094353365103e-11
-7.015475661440201459e-19 1.640111447179183088e-09 1.216323117860135853e-10 -1.343639336994358885e-09 3.080885093891117100e-09 5.689560979562649105e-09 8.573682432679005131e-09 2.853918387446141554e-09 4.514717603824723877e-09 8.918665997938589546e-09 2.620281113850880359e-09 -9.696350800704811409e-10 5.033916014053392019e-12
6.101485413109083261e-18 1.974246410398122664e-09 4.387030164652460178e-09 2.001042691367127295e-10 3.695951332582776101e-09 7.001121292245374402e-09 6.706401822265758709e-09 2.717200541553603194e-09 4.376176403958474237e-09 -3.332442933481977235e-09 -4.963803679066423712e-09 -9.419046339281183655e-10 -1.823952862711816958e-12
1.805548166848943280e-19 2.155658420592798543e-09 -1.074066529478307780e-09 2.630652844324287290e-09 6.182987096061648216e-09 5.149790163844337352e-09 6.995645191453105502e-09 5.559877444455134195e-09 9.847736513885599985e-09 5.198843616938743731e-09 5.158960915525065074e-09 -1.341491482947365459e-10 3.172073804596917319e-12
-7.276047510768609788e-19 -1.936936470353266066e-10 4.460227907531169869e-09 2.545352861131745232e-09 6.797053474698356684e-09 8.047469896225111740e-09 6.759585908739651371e-09 1.384713036414457262e-08 7.127865853256852887e-09 2.991718480553511563e-09 2.337274028244050757e-09 1.294768970746984293e-10 1.064236849924482647e-11
-1.192798650707011700e-18 9.158769938850452156e-10 -9.177408847809014553e-10 3.972454253749110904e-09 4.431176122931180343e-09 1.867284242300474953e-09 7.210919986457060853e-09 9.028414616364262608e-09 5.485195626074517430e-10 -8.827918836429952640e-09 3.068886800486168737e-09 4.393612124508081319e-10 -2.176060214256462011e-11
-4.141281945274834380e-19 -1.438042029188777640e-10 1.881870068668818589e-09 3.359978498748987500e-09 4.584514628520563971e-09 5.261881613730622992e-09 3.147863466739933838e-09 4.413253305227196710e-09 4.620122194243085405e-09 2.769631048733179099e-09 -4.686646935519092476e-09 1.634009393519277550e-09 1.897489691127201574e-11
-3.120554427451627858e-19 -2.897560951001486865e-10 2.786773337991109034e-10 3.722595295937265300e-09 -7.775395800071804196e-10 3.338968208767281051e-09 8.711748103068788419e-09 3.422587265213290158e-09 8.204513193233823081e-09 1.474983181223525763e-09 4.794772499374636928e-09 5.159191773436787041e-10 -2.074231186548070390e-11
4.893662322566245534e-19 6.823910201603832406e-10 2.439253797769487006e-09 2.857129238711919274e-09 2.959367018008927305e-09 5.767752784535643925e-09 4.551631468723578900e-09 5.514284232410739036e-09 4.154738171433635918e-09 -2.393340738309709686e-10 -3.215926874220624135e-09 -9.342804329524010179e-10 4.217054922073876396e-11
-8.177463191894291101e-18 1.614833429261259753e-09 1.308736294143796421e-09 2.749752117216880700e-10 2.172243973596585482e-09 2.347641045430679830e-09 7.323187451915952785e-09 3.820500447453131914e-09 5.144640101558430774e-09 2.312851152399229390e-09 2.284904375654022333e-09 4.162228559659065417e-10 -2.198659564865145725e-11
-3.645518127228073192e-19 4.595448357545543904e-10 2.199309014949562439e-09 1.115378738432900436e-09 -1.452986604180663167e-09 4.137934237120578773e-09 8.399249826073899089e-09 8.758951470388876595e-09 6.050001722243436869e-09 1.298425883730020511e-09 -2.143512504754488313e-09 2.171125386384789004e-09 1.307954757096049231e-11
-1.099412817953538829e-18 1.547077070539812664e-09 2.406008965729278295e-09 6.797693048981315148e-09 3.416106351062525676e-09 7.863615231940181319e-09 6.611820534170701008e-10 3.352656692594135823e-09 6.104716987019256337e-09 -2.379661386234015229e-09 2.170980026983806574e-10 2.121924608028599947e-10 6.153996412243987378e-12
6.460027756910352038e-19 9.128363909788418725e-10 3.386957651787436834e-10 4.904715752768235488e-09 1.387306048777877064e-09 4.863171975302175776e-09 1.924446086689935100e-09 6.307145253943188815e-09 2.122411427094107348e-09 3.063624366973355281e-09 2.550554654641673839e-09 6.970860136331959660e-10 -2.301085223967941848e-11
-1.616306188245531510e-18 -6.489911985206093115e-10 3.693548169236468294e-09 1.122003908057942357e-09 1.320158549496193728e-09 3.387052940917457522e-09 6.321508685874948902e-09 5.287187722210359976e-10 9.763914266956792849e-09 7.315990761368728478e-09 2.946867203909837616e-09 5.324218489687466570e-11 1.370270075640969190e-11
6.058847349002746925e-20 7.245437379952357360e-10 1.802304279757711882e-09 2.009717847116538238e-09 4.847409450078186088e-09 9.817995677852552688e-09 6.378109821523993462e-09 5.012634870543294573e-09 8.199800402190059600e-10 4.961342013010976526e-09 3.028765711708537619e-09 -1.395949691467823712e-09 -1.405892442350505821e-11
