1.001619878677052909e-18 6.139991673976880077e-10 -4.676810023137192891e-10 2.355308081121364021e-09 2.837212155687956760e-09 2.063759640140614464e-09 6.567980056551728620e-09 1.494219661736548413e-09 3.153235478814130700e-10 1.806284173239710882e-10 4.967505007842630497e-09 2.572781042351568977e-09 1.845882649718354171e-11
1.115718967899447222e-18 6.711718190675676964e-10 1.451157174369395872e-09 1.737587419774319361e-09 1.977090630170632428e-09 3.278750905399643911e-09 2.737390275571364027e-10 6.728556986100829213e-09 4.470483342148348569e-09 1.150422487291132771e-09 1.072073182080943128e-09 6.119921048833661296e-10 -1.999897593044641377e-11
1.570094523250316454e-18 1.358759724423970948e-09 9.416873446298093205e-10 9.903634159216949862e-10 2.630705920808455238e-09 5.377920842549459977e-09 1.305772316757698132e-08 9.239518380940543419e-09 7.248355691308416934e-10 3.924842880989247082e-09 3.711744155622865602e-09 5.895720103988518313e-10 8.447563922884987070e-12
9.807695357427570939e-19 2.914027649556719485e-09 1.266992733709411373e-09 -2.035611204667594013e-10 1.788955910170773270e-09 7.496570006369220711e-09 8.926244708998608608e-09 1.213946828451670832e-08 1.262563336234607244e-08 2.151139777808670685e-09 7.984685194418470170e-10 1.177867494434737541e-09 2.554875913256903398e-11
-2.395064713232166900e-18 2.347778076759001371e-09 -1.260478300391451903e-09 3.889041661684048732e-09 6.703116991882285819e-09 6.424421566642632913e-09 8.735036033587210541e-09 5.502708243743263104e-09 3.637544266157480974e-09 8.458182057766271052e-10 2.082694255944529421e-09 1.064290553169452141e-09 1.096987326754334388e-11
1.879851463568448622e-19 3.612743930157033630e-09 2.423218433558141464e-09 8.783176198570457872e-10 2.867125775941297313e-09 6.782151303214260280e-09 9.027087020187724980e-09 4.005179750085843502e-09 6.276539869948596474e-09 -2.333301906927706682e-10 1.745797937132078618e-09 -5.328263281939551484e-11 1.406117189802151387e-11
-6.758961415571140616e-19 1.232092357653461276e-09 1.263413719441182742e-09 1.948363345847362157e-09 2.943970202795357391e-09 3.478816150730022667e-09 6.110165403635038157e-09 7.533113673963416741e-09 8.215090416682332233e-09 7.852545007991112102e-09 1.392190571042276040e-10 -2.207572654416129236e-10 2.032130994245353670e-12
3.587419527488697550e-18 1.203738539528309904e-09 6.723897589116348936e-10 1.074868117185193847e-09 3.515281921173632138e-09 4.489946615095041508e-09 1.662669809456895946e-09 4.230399589893678159e-09 1.722197722863261790e-09 1.085702804137356365e-09 2.543125232867658307e-09 -9.256468348858769595e-10 -1.916472294837886740e-11
1.985575892597474664e-18 7.382742506803794327e-11 1.620320931529354228e-09 8.290274828363262233e-09 6.321839646949104422e-09 6.129612073988095203e-09 4.472943240477834966e-09 4.591335361113688264e-09 -2.790363697266541351e-09 4.885401182180666044e-09 -1.108914632617617388e-09 3.387078714420735773e-10 7.334801644432643066e-12
-1.933322481237508767e-20 9.175598166930373849e-10 -3.458159870174511244e-10 1.948334157306601858e-09 4.131541382950059345e-09 9.087913374437027639e-09 1.108379643258191125e-08 1.950395319523631279e-09 -3.423295073491911954e-10 7.402713932789776115e-09 2.816391241094838240e-09 1.884958408554169997e-09 2.130530694035040711e-11
-3.313501993641744431e-18 -1.440680740961312468e-10 5.527955765717448342e-10 4.423327207401194605e-09 5.149775395480791530e-09 6.590686203210250056e-09 7.165630742294600038e-09 2.070408365091619087e-09 4.540885691642588845e-09 1.563596100353185500e-09 2.747494083113894087e-09 9.100282107518703651e-10 2.443299582418386415e-12
1.465368096091914484e-18 2.307688310938000521e-09 -6.002068103407228235e-10 2.073111843271914998e-09 2.696095251559151042e-09 6.610626711838434116e-09 2.268813162973776506e-09 2.679606739329587866e-09 6.609029553314593559e-11 -1.367267251525231018e-09 4.568434352627273435e-10 -2.342061145539003304e-10 -1.779794242056396909e-11
1.227434288381011175e-17 -2.313674949128910635e-10 9.062521018064016702e-10 2.909551110170220876e-09 2.556071206611587442e-09 3.544395566609034907e-09 1.068335862221590422e-09 4.532358389760257328e-09 9.478002109837742563e-10 5.978739396125672116e-10 3.553077559093557892e-09 2.093244779430160544e-09 1.088363641002270131e-11
2.048963980249395190e-19 8.067621080463224405e-10 -9.438643068412719985e-11 6.550767469369103570e-10 1.068824093662137494e-09 6.787989102648576041e-09 7.553359432018348618e-09 6.216156715974909398e-09 2.664761209161635514e-09 5.116659449824051467e-09 1.081378749702437136e-09 3.836663270178956237e-10 5.357879300665345014e-12
-9.356170967571277734e-18 1.018552829168521518e-09 4.393882101487832270e-10 3.649801415710695122e-09 6.243620225168761040e-09 5.269145051831041029e-09 1.800070152042941948e-09 5.268594073933004795e-09 7.509435927957066482e-09 5.459244300348228547e-09 2.708116942631652338e-09 -5.079657547135889877e-10 -2.028896131717296872e-13
3.831409253723900328e-18 -7.572269546246513508e-11 1.293555317586378030e-09 3.981763869200280319e-09 4.762607945605174645e-09 7.665976439531120005e-09 1.321296788429202574e-08 6.814014306042565388e-09 2.487386037558913259e-09 2.823335530944454180e-09 2.020671934770153235e-09 6.170887628706695634e-10 -1.993068328807710219e-12
4.798297779782219219e-19 2.384694618585392388e-09 4.275988050347798878e-09 1.854785793074330509e-09 3.936498980912609560e-09 6.494988948725618460e-09 1.855320039969340273e-09 5.937549183492104775e-09 1.472088954605692958e-10 4.319184278989010765e-09 2.360559718059830045e-09 6.781112928679562685e-10 2.004697691254050570e-12
6.944769519625641777e-20 5.087801103572918238e-10 6.701616547679285028e-10 5.062588698128525566e-10 3.024251191669912946e-09 3.409136905120727674e-09 6.690225574169543960e-09 3.680343969426070901e-09 -5.804359832232814077e-10 5.105029524307930193e-10 -2.379701417431333379e-09 1.273222009226205917e-10 7.163327317034417110e-12
9.891989363503520774e-19 -4.374049377372660895e-10 4.552862911893018310e-10 2.223085932782671033e-09 2.591199013278370134e-09 3.111914682101081793e-09 4.487243513684799731e-09 6.427203437853400875e-09 4.734879750283616671e-09 7.334591813859638386e-09 2.596327025741019154e-09 1.331497444279591132e-09 -8.723013522910081756e-12
2.053018849739246515e-19 1.323614435328112512e-09 1.636085555444892095e-09 1.940784660121213464e-09 3.527024340098357549e-09 6.777085885017219816e-09 8.797973036910175457e-09 3.116363484933114480e-09 2.709323384189114423e-09 -4.653027056099803441e-10 -1.333426435773759796e-10 1.635839347606291517e-09 4.489439355569973258e-12
-4.965917483205187342e-20 1.459466352698184164e-09 1.528863116018812048e-09 2.216340435749656205e-09 3.724383696026964102e-09 4.202211501313956314e-09 3.403606447604527651e-09 2.866951081060438269e-09 -7.883017138731314855e-10 4.670728461620584571e-10 2.396944263594265766e-09 9.362818622331135578e-12 2.533749223021756993e-11
-6.666237399948828592e-19 2.726497206425503358e-11 3.799826738041736395e-09 4.998101188279554969e-09 2.864222137051712692e-09 5.609842133517332348e-09 7.491626205697688030e-09 5.794171894452954777e-09 1.073709317072180653e-09 1.703768624848603177e-09 -7.195301153887857357e-10 1.505939276781332879e-09 6.826203946304226485e-12
6.556599204286522247e-19 2.355111548400881852e-09 1.865486174714825718e-10 1.528621910678069488e-10 1.245470915675386853e-09 6.410266042093776701e-09 1.620445862676296226e-09 8.273892545856814274e-09 7.781028795721808215e-09 3.485210315901700549e-09 3.082276829810854785e-09 5.132714401169192196e-10 3.002204842324933039e-12
1.188599888385063699e-18 1.635255827237831588e-09 3.145159108584335275e-09 4.590051643542353980e-09 2.535561663887457951e-09 3.398203982836600490e-09 7.532595236417892409e-09 1.006238574501527306e-08 5.100562894449689338e-09 5.808718337028540204e-10 -7.710553202636281067e-10 3.302112455138455829e-10 -4.048340949422677448e-12
2.791143939739055094e-18 5.693984904934989652e-10 3.702995462940323268e-09 5.449226319696340710e-09 3.250714366476603154e-09 7.127945219075055310e-10 1.024463597130450057e-08 4.025547101743998163e-09 3.089875293776880199e-09 4.786154462450741018e-09 1.781920652950038103e-09 -5.188209881412324558e-10 -2.109030858414245210e-11
-3.104208037477883314e-18 -8.697886455366626988e-10 4.303584407646793312e-09 3.262668127209842047e-09 5.409823476444570551e-09 4.010630356000859449e-09 6.132542590646074545e-09 1.232181079090121873e-08 7.920693984442197105e-09 3.094456945148637347e-09 3.164760901355080678e-09 9.213923579239669423e-10 -2.408414781476135717e-11
-1.135330761665455365e-18 1.041491152776064089e-09 5.811089130122427995e-10 1.198786598960229529e-09 2.662115687552047006e-09 6.595916088621522391e-09 3.984441697799342714e-09 8.128710875388668817e-10 1.458465915478402110e-09 2.956556381721528992e-10 -1.115057783686120616e-09 1.093327517805952749e-09 2.391557569993174963e-11
1.140995118140150701e-18 -9.275865771436176123e-10 2.626882361482518277e-09 4.449883398632400984e-09 3.435152803652915338e-09 4.507969462639792830e-09 5.924208714373707563e-09 8.431117495570096027e-09 8.587881251409259449e-10 6.921280587986156059e-10 3.697107930483822435e-09 8.499144270153718771e-10 -8.365690830246073696e-12
-2.526781547092429633e-18 -6.756820412167197908e-10 4.668898228134651730e-10 2.670047437627443828e-09 3.774516307596330819e-09 9.646133276122409927e-10 2.303683523309946280e-09 4.067167197978188256e-09 2.767262561660089911e-10 3.675021958105030998e-09 4.225806431136949753e-09 4.671805146621332734e-10 1.000266148462688807e-11
1.112201857474397888e-19 2.006737661609851834e-09 1.861646901239117718e-10 3.629082584768253234e-09 1.278602315254652498e-09 7.518909977731406666e-09 8.757970395265494684e-09 3.883287378227007065e-09 2.752806202923690304e-09 -1.644633295525445631e-09 -9.262018623477923214e-11 6.484714718039482243e-10 -3.168066489938162760e-12
-2.712862040736862936e-19 1.714567497962244732e-09 1.666025798021753507e-09 2.600816917574988565e-09 3.680115976432016487e-10 3.995909488133946827e-09 5.410276502711658289e-09 8.147089647069227673e-09 2.128750528204499634e-09 6.661536018653629743e-09 -5.780689674056004446e-10 2.660560073624910031e-10 9.388247552729052116e-12
-2.935620901385006064e-18 2.039545831407633398e-09 -9.639112995357130705e-10 2.354560431399497611e-09 5.164396565963318384e-09 4.823411924327870865e-09 3.631270799976414868e-09 9.359251261965256382e-09 9.674570405643485372e-09 3.932655129951152464e-09 -4.840908295240827783e-11 2.831518503400309125e-10 -3.359221441260045521e-12
-9.187753074096665952e-18 -3.394609747838439901e-10 -2.483675649747421442e-10 -2.385332552677603142e-09 -3.275345655659639777e-10 6.030189586955764695e-09 7.272857415542179473e-09 5.856972749376827291e-09 1.308370909141900846e-09 1.853524557750524378e-09 2.069314321814278372e-09 1.536370482603806637e-10 -3.893029996421356260e-11
3.633903123967867750e-18 9.733917961350722494e-10 -8.661721168503415400e-10 4.137613825183901403e-09 4.214798531968336476e-09 2.470360740036061069e-09 8.641504593294410535e-09 5.443232667692582714e-09 4.298629990581736923e-09 5.194648147623543886e-09 3.689250884311700910e-09 1.065360513269165771e-09 6.608591642728341627e-12
-1.449257558683152245e-18 2.054085419588313196e-09 1.162575955357888175e-09 2.072364271317524866e-10 1.742922421584805511e-09 1.134649496962405901e-09 4.851254707419604149e-09 6.616377187570250371e-09 4.358922362128113459e-09 -4.802502034790390342e-09 1.012997479249321042e-09 2.329803382915335845e-10 1.490215459557356721e-11
2.010186356284916943e-18 1.222345214520272165e-09 2.645914567588636895e-10 1.304513548834757051e-09 4.639171857311513528e-09 7.049639767325295025e-09 8.759699452497552420e-09 5.409810327421789263e-09 8.798694816887178639e-09 4.048080521045869573e-09 -7.963740876144381335e-10 1.215320612454535554e-09 -2.228863951847376505e-11
8.687283062305693578e-19 -1.648887432081168231e-10 7.381851143827430055e-10 3.586473301353988929e-09 7.482687165337930601e-09 3.242973234571874536e-09 6.863636118162087162e-09 5.464543677991412002e-09 5.321698655743809329e-09 4.827827584989296449e-09 2.492576331399484625e-09 -2.866966391672507317e-10 1.870233480148177561e-11
-1.140459485644877926e-18 -3.266693687274502685e-11 4.257913206472031118e-09 2.489293021509621993e-09 2.512252457146595482e-09 9.339174519953579445e-09 7.122527235121286597e-09 5.849491006127006351e-09 1.014675037864896257e-08 2.163326877842825017e-09 -4.739443074062833598e-10 -8.237209030549417864e-10 2.303673175455844607e-13
5.228590568702313458e-19 -2.528183872065686528e-10 1.735338215386028582e-10 3.177531601766943381e-09 4.404711447421902434e-09 5.491594808912722555e-09 5.375462731396243575e-09 7.964185147847708806e-09 1.692610573476997525e-09 3.604875671572058832e-09 3.143697072950046791e-09 -5.391352200096610226e-10 8.112503764869730856e-12
1.002155060490006326e-18 1.561011546293858260e-09 3.089920407794692215e-09 4.624358190457361339e-09 5.120404391738776384e-09 7.871051061912863639e-09 6.279561672667944890e-09 1.085264055597406055e-08 -1.572878730382330509e-10 3.283191301573270758e-09 8.640652981302270325e-10 -6.370359052745461691e-10 -4.177702138209116617e-12
-1.439369661860869731e-18 1.130475739791491192e-09 8.417335034407673871e-10 2.464471892675858364e-09 4.845565842903514715e-09 3.700844115249551747e-09 3.269031221309243573e-09 6.883269649939341444e-10 1.702554926132612501e-09 4.574770702066552074e-09 6.154303012098188813e-09 9.491888876587146224e-10 -1.399620585171977496e-12
-1.726420854433623983e-19 -1.460158386431857492e-09 -2.287886533646281516e-10 3.613842523932646236e-09 5.307637185685912079e-09 5.960907947324977322e-09 4.284638821867561567e-09 2.927903498774086972e-09 4.058149659366429516e-09 3.711557419216911461e-09 1.880451445603378812e-09 -1.088246460654291168e-09 -2.103593271073884358e-11
1.354132218530717081e-18 8.082039549081434543e-10 2.077514554503338756e-09 4.019953533790748063e-10 2.837268463891874681e-09 6.471131536887175841e-09 5.144414659716873549e-09 2.428052584001644640e-09 -1.151288077321248781e-09 3.824451326680727990e-09 3.596722445795635250e-09 1.100533240071791168e-10 1.064272309000969857e-11
7.475622761613031295e-19 4.678773590271075727e-11 -6.384249469867637112e-10 1.636051394170813951e-09 4.295306895793121503e-09 3.297708686910827348e-09 6.045364512754979550e-09 9.143555417709388900e-09 4.768392472950489504e-09 -2.056553641106572009e-09 -4.017124696718498956e-10 3.378712937857723990e-10 5.313824410805530605e-13
8.929682411558986625e-19 2.359308861232871015e-09 1.711923079891021113e-09 6.176809731583910181e-10 5.433933313315332586e-09 8.327196072700308794e-09 4.952448692435957932e-09 4.331437653712326786e-09 -6.343433795798191586e-09 -2.703231896498050813e-09 6.655892321989820655e-10 1.570664782596234592e-09 8.825030193253827262e-12
-2.598198339898067466e-19 2.106186653423022174e-09 2.484352080728870785e-09 1.373180011254651062e-09 4.086677772532573079e-09 4.626364412277225473e-09 3.663627577217821920e-09 6.340636747667267472e-09 1.041363051544806561e-08 2.409028189492647019e-09 2.649318901867350481e-09 -2.685200908613388880e-10 9.999338971057413142e-12
3.809187347595199720e-18 1.167692694560102494e-09 6.673664356692349807e-11 1.553910223533159103e-09 3.564344873846617426e-09 6.124756118684168165e-09 1.033771108774567678e-08 3.652290723985670842e-09 2.421777503012015158e-09 2.719776969915966139e-09 7.953756013431668222e-10 2.012568304338594144e-11 -4.679341882927695763e-12
2.067387671323241194e-18 4.378004097562101186e-10 2.001832357330225429e-09 3.153846856738666617e-09 8.276590740658706921e-09 8.301671851465075113e-09 8.638324353217513532e-09 7.544025164696187235e-09 4.222922760241536763e-09 7.889586182412504299e-09 -1.544172549328372191e-10 -1.897693748073637641e-10 4.841588712526481327e-12
1.592495897342502399e-20 -6.532337268808674468e-10 4.988097825003883303e-10 4.367815593299242049e-09 5.694122078887130167e-09 2.974134599462847278e-09 4.579031122984524396e-09 1.825465368303823716e-09 6.264226953994285035e-09 5.312504108469609486e-10 4.043616829591098447e-09 -2.740315564226997646e-10 1.968114909686437831e-12
6.290446011160839174e-20 -2.668390750735153105e-10 1.331372336437601528e-09 1.941424063278886866e-09 6.628560587696466657e-09 6.635218600811344792e-09 7.278513411964730574e-09 4.161717193562684756e-09 -5.918518859972495664e-10 3.769189921896210994e-09 1.192214008361601745e-09 1.115686983567322364e-09 -1.058508015133757938e-11
-2.851439814068727348e-18 3.191387294807226101e-09 1.824322123314127348e-09 3.944014511889139838e-09 5.067772457532707552e-09 6.100537823934240478e-09 5.636329879669173661e-09 7.022351555511768633e-09 7.101445353376848926e-09 -4.125924116509379196e-09 -3.087596695820531145e-09 -3.300818699829691971e-10 -1.395095818507848886e-11
3.949687133254811718e-18 4.579678406899193635e-10 -6.676177294893618000e-10 7.242162987189809195e-10 4.952237734813774548e-09 2.250691986340551506e-09 5.401463566541374286e-09 4.743188114812196929e-09 4.163771407176414698e-09 -1.000474341051494270e-09 -9.386031674716512195e-10 9.250186669418358788e-10 -1.317038977858078193e-11
3.810351684388921094e-18 1.523442738658795777e-09 9.830362393822850412e-10 8.084565266578911632e-10 1.630477182982251415e-09 6.117062004768862686e-09 5.871846467374702378e-09 2.318394286019726599e-12 2.125986895210969871e-09 -1.349030091311460152e-10 -2.863746686911024801e-09 5.397747096634386966e-10 1.710047307396161398e-11
3.914722787647240988e-19 1.151704759598196574e-09 7.430652707540403940e-10 2.831760832618820243e-09 4.186261937998308464e-09 4.539652446624514654e-09 4.365482745407137295e-09 1.676306042841172375e-09 2.891446768137519577e-09 1.044813876452407796e-08 4.929863276017351899e-09 1.271753385964399083e-09 -5.788236345016351410e-12
-1.001642744094781259e-18 -5.498589705732210313e-12 2.290935712155845746e-10 5.377948688853806203e-09 3.151202995035540062e-09 6.871299790150960190e-09 6.753372704792902688e-09 4.396649154113920168e-09 3.572818469767677311e-09 1.540115298616993310e-09 -3.166092337971820506e-10 6.314997190741137185e-10 8.771816031671738125e-12
-1.342155391164821660e-19 6.581641338591902855e-10 3.362120188680734383e-09 4.274205257926298578e-09 3.178332958265150458e-09 1.098032487278799195e-08 4.797768669614093503e-09 2.521168133074165910e-09 -2.094627103294164629e-09 2.221560676857144280e-09 4.565247915313888620e-09 -2.633957826365092236e-10 -9.334892621330526153e-12
-4.643598091532708827e-19 2.691643160666304465e-10 2.800631145819325818e-09 5.830068974606047782e-09 3.019736386372735263e-09 6.941156215554162041e-09 5.743174018793995740e-09 6.879096154307550452e-09 6.542409493088359835e-09 -6.000192627902175946e-10 1.706019538171576489e-09 1.316134232952037111e-09 9.902472690269467584e-12
4.119807496313170376e-18 -1.043801930252975374e-09 4.790068994756399397e-09 1.753550008138744000e-09 7.436952088309953843e-09 6.382134622956353506e-09 7.724470278704047769e-09 6.333731870357698604e-09 3.413975297635781307e-09 4.587631984416390845e-09 5.366641409900725778e-09 -7.189343532627563948e-10 5.490594928061191427e-12
1.038559173942825412e-18 1.879559872005237345e-10 2.075508738680300513e-09 4.737681932229535304e-09 3.668655512038994090e-09 5.730323733462236406e-09 4.023154783149149283e-09 8.437232510676555205e-09 3.012430275632661433e-09 5.137768429727082891e-09 1.120826441691102735e-09 -7.302100340661251201e-12 -7.604794570281108450e-12
-3.649449164568699581e-19 1.168936981971403721e-09 1.236559013357882056e-09 2.895617082410855320e-09 5.252035186677347279e-09 8.770630367495576414e-09 6.357140043714225001e-09 7.456260746766165816e-09 8.064260221009109241e-09 1.012177393057945968e-08 -1.061255629747775763e-09 5.012005111530614257e-10 1.369078596457801438e-11
9.252561143037079153e-19 1.458418271215738946e-09 3.269726522829268039e-10 5.732101828984011660e-10 6.722877618906239339e-09 6.657400396381525613e-09 7.550012520279883307e-09 1.042251269157001901e-08 2.416647580776165797e-09 4.882528663610229700e-09 -2.377378759892453877e-09 -1.670090933009580984e-10 4.604227703888597816e-12
1.495100079957298576e-18 1.928902849363761941e-09 3.671065443630938431e-09 4.490376784461087391e-10 4.049966488576193970e-09 4.517705437696859575e-09 7.705875768409173116e-09 3.435672030435266298e-09 8.006973508167937044e-09 3.816867742363449953e-09 2.648744146992270144e-09 2.351289282648217648e-10 -1.750041716038700816e-11
-2.173980735669041467e-19 4.270533937885232849e-09 5.682954090234896884e-09 2.818848518837873758e-09 3.857500995042146045e-09 4.464174667393243099e-09 7.312933243769271236e-09 4.246961861393536286e-09 1.288277876773855908e-09 3.070334622703789541e-09 4.303875760582053871e-09 2.303593770581694496e-10 2.422219104091239145e-11
5.686675573503959852e-20 8.615030692344384487e-10 3.092493103616669482e-09 4.696260886628990961e-09 4.649990842539064811e-09 2.220729850321631806e-09 9.808821248470063730e-09 2.954349633218263265e-09 1.517654722446857701e-09 6.053292761925145604e-09 5.718038936203718342e-10 4.447133067196247380e-10 -1.190580721533680474e-11
-2.284363198403692262e-19 6.008068913269387551e-10 3.480208176363913046e-10 2.163805313512221899e-09 5.523125002454360881e-09 5.145364995549042500e-09 7.921690231073236820e-09 4.438698967205920942e-09 -3.542926919953873325e-10 -3.015405612654179931e-10 -4.338782542810312968e-10 7.822005643793874607e-10 5.591554099634667163e-12
2.085985560817861329e-18 -1.937946759618753442e-10 -1.016669884349403185e-09 1.038302607805636729e-09 7.381738409240196700e-10 2.832337031590807250e-09 6.091914820899061650e-09 9.160160899917431465e-09 6.272956371382892107e-09 1.079184907885432026e-09 -1.718494867444381770e-09 -6.253977461083602057e-10 2.143680901015033940e-12
1.019027197522021978e-18 3.362377217941406929e-09 -1.494863961363464609e-10 -3.770722062146768565e-11 1.459362278485956976e-09 6.295350476915138109e-09 6.766736559427472442e-09 3.642971351507600670e-09 5.063790733243316132e-09 2.909328707269297057e-09 2.228982997073202984e-09 6.070983238141254251e-10 -6.820792284799337864e-12
3.010100736407925679e-20 3.558855800356394445e-11 5.619335208601547485e-09 2.270571273046599687e-09 8.670088400402530796e-10 7.472845294196307726e-09 2.572666213053368735e-09 6.018937586308647081e-09 1.757501857890843908e-09 7.164630046096006448e-09 1.523701946208832339e-09 -2.943370701682683534e-10 9.933549489460079509e-12
-2.774503214787753383e-18 4.037667437385286992e-10 2.264084401150406875e-10 4.335650070121721816e-09 6.409480105465253143e-09 5.173036314801083721e-09 7.427053376059147855e-09 5.633511119543572847e-09 4.436353193992761352e-09 4.414016531771578172e-09 5.428988456989794264e-09 -1.598579782647085625e-09 -1.970618687763330189e-12
6.828745130758086836e-19 7.154980857362000872e-11 -1.648349712617904165e-09 4.270398666567826352e-09 6.641462246080714685e-09 5.338060899518650312e-09 7.018854710437691564e-09 -1.060357332796157444e-09 1.962654024689905375e-09 1.680888910267791738e-09 5.758501447292818558e-09 4.344305948700383262e-10 -1.600911366590378998e-11
-1.520610188419623081e-19 3.962827373383983709e-10 1.954138509130407993e-09 3.773837368327629231e-10 7.486540884702003006e-10 5.617358616814760500e-09 9.224389402651081236e-09 7.115450802931829306e-09 2.431074993446635027e-09 4.771313275917395564e-10 1.204390591918969227e-09 1.066171514477218295e-11 -1.790395007497465215e-11
-1.454122060282670012e-19 -4.702056196780034053e-10 3.124464562201852457e-09 1.405326463831194224e-09 5.959058424838989925e-09 7.171591093053075811e-09 9.211873710090071014e-09 3.065972678978142697e-09 9.507085792044535452e-09 6.257848516512767713e-09 5.370712010681535216e-09 -2.247767151834206271e-10 -1.167918493643012139e-11
1.157191683171929673e-19 4.389073240344601046e-10 2.500669980459857127e-09 4.738498928838997948e-09 4.506153206784895189e-09 8.154616442466719148e-09 8.559905533319231994e-09 4.489630999154285416e-09 1.542909857292293124e-09 -1.446794450114898796e-09 4.702531691545049074e-09 7.948477716171767609e-10 8.069504963321607578e-12
4.216218945739964396e-18 1.631594801106706063e-10 -2.487233806649399545e-11 1.026863083714799866e-10 3.879411703786276225e-09 4.550134160291198807e-09 4.597409230390010521e-09 4.018700032809063296e-09 2.466189748722749655e-09 -8.619767413148062825e-10 5.596208277354633639e-10 5.935431095766989020e-10 -6.360793828850242607e-13
4.984167620140038144e-20 9.238744239404178242e-10 8.699028261861873750e-10 3.785078486326049203e-09 4.384242207542438822e-09 3.667937655595575055e-09 4.576910080932663524e-09 7.522843696441542198e-09 8.325551827343903349e-09 4.326291531849258988e-09 5.385406575451820176e-09 2.265609938209911814e-09 2.384255427727445958e-11
-3.358298568483310636e-19 2.896358058873274702e-10 -1.066504013163908136e-10 1.258820294337247769e-09 1.360723323250502723e-09 8.311044900996579122e-09 1.068256647938627985e-08 8.902450581692697016e-09 4.818229886194383893e-09 5.775151312003899319e-09 2.306638825108432052e-09 7.017062280080870538e-10 8.610671643191902738e-12
-2.793724656400539121e-18 -8.891550219168364934e-10 1.159361801179777899e-09 4.271185813404267767e-09 2.656694358759096565e-09 2.495522956304240190e-09 7.772132595817013117e-09 9.142700331145025897e-09 4.643685050607682232e-09 3.906978376318583783e-09 6.173783756538753049e-10 -5.217361664327788508e-10 -1.414896460864980116e-11
-1.456887499750271658e-19 1.834631885854542272e-10 2.383884618455333002e-09 1.958443833162397521e-09 7.710601787057373772e-10 4.181025617936756693e-09 9.313556492436696366e-09 9.954474035040371521e-09 2.377656975865507721e-09 -1.031915629043114016e-09 -6.256521320944422822e-10 6.489442216168395533e-11 -1.097342830787559818e-11
3.622213904434165044e-21 -1.099517953478637897e-10 1.123571997186175673e-09 2.000850703527726777e-09 3.048674743439646530e-09 3.035581174939004878e-09 -2.688048848519847027e-10 2.550951903069797070e-09 2.617677577821184321e-09 -3.156565497625239530e-10 6.629098848978848259e-09 2.308770622832125746e-09 2.857298778106495422e-12
-8.945564389612090677e-20 -2.843394805415730163e-10 -6.225611802321931678e-10 1.768950022751832681e-09 8.402389332053916849e-09 3.600013574747994631e-09 5.932741582642488784e-09 1.125375303885989307e-09 3.008567393475514155e-09 6.141435008712130805e-10 -1.572048096386547706e-09 -4.403160502306402035e-10 7.599590121197930558e-12
-6.530124826877317590e-20 2.367947527062790662e-09 -1.831519523799422979e-09 7.245003790328684592e-10 3.838330726315350498e-09 7.600942551386714120e-09 5.432341444137078572e-09 5.834750469177924915e-09 1.570999073614706533e-09 3.784248668763479659e-09 2.957539235013335918e-09 1.987936823901593362e-09 2.721472534986138711e-11
-1.109915728906313267e-19 1.768751743378015954e-10 9.462875202855261646e-10 2.113929572190028404e-09 3.765224364163900992e-09 5.110119645653894649e-09 7.976234946797475336e-09 1.194398377243884896e-08 9.442676462791849397e-09 6.266829749218645485e-09 2.966614232033315286e-10 -9.843852650566498257e-11 4.750051944949850572e-12
-6.436343618689868272e-20 -1.301764844965023530e-09 7.813885781453901458e-10 5.022197139819886762e-09 4.291749296670065305e-09 5.530558624057945045e-09 5.540742447354661091e-09 5.545331978627395154e-09 2.784486461464859643e-09 4.485909012094470328e-09 1.195848477519806686e-09 1.823879949374100862e-09 9.769648444075951761e-12
7.316487866815064890e-20 2.794752304527144190e-09 1.828000692836239436e-09 3.874664517911985731e-10 3.555211299142222980e-09 4.964717324594112989e-09 5.206147431714731126e-09 2.245205270127086133e-09 3.730748811523094733e-09 2.720757906628258812e-09 1.061794192094217993e-09 -3.734362010857069518e-10 -2.151171075477903019e-12
-2.216105960229975608e-18 -7.126574745711100778e-10 4.467015373018869264e-09 3.217554257550179580e-09 3.901292063624255409e-09 1.317279386751572395e-09 8.419660355706865008e-09 6.099443424137702300e-09 3.093075492311387274e-09 3.326264796775563872e-09 -7.569962628061094762e-10 -1.996599937375980648e-10 7.032186286477705359e-12
-6.606404831633646970e-18 4.909006255445616624e-10 1.795003039650561482e-09 9.045178502869567427e-10 2.473760775453229406e-09 6.130195948708885771e-09 5.738836211437246867e-09 3.604907478326921804e-09 3.967383275907989762e-09 1.446499075461850488e-10 -4.901665148044967510e-10 4.199209573994476236e-10 1.139167484771914926e-11
-5.625267161042126649e-20 4.893582378351944811e-10 1.542468018941132735e-09 -8.278722551828368710e-11 8.324878456313505887e-09 3.767032766333924877e-09 4.615660454065632003e-10 3.398678096880826719e-09 -4.295438510330794993e-10 8.620016299283270164e-09 4.876989487346861748e-09 -3.469562461369226956e-12 1.436878278538284746e-11
-4.139487195856652594e-19 5.863844131086211478e-10 2.226055800133657052e-09 1.718298154839007391e-09 4.611717152902291594e-09 2.023475468010706324e-09 -7.691381909524042752e-10 1.890081978635238308e-09 3.500458225922184767e-09 -1.823404142375454184e-10 1.013369984661481320e-09 2.624539389298280341e-10 -8.788849984893796278e-12
-3.145303393221601284e-18 -7.173561164392621397e-11 -1.328104659145876327e-10 2.194386655616549820e-09 4.331504555751859519e-09 4.853648294388946419e-09 4.647425301626671456e-09 6.127098120164101433e-09 2.735890332465520354e-09 2.087282406456566743e-09 -1.889338673135297502e-09 4.973701966056975693e-11 3.545476246594917279e-12
-3.823174471078357624e-19 2.061948854942636953e-09 1.813110280713289799e-09 -2.077117443972787316e-09 6.321303259439148098e-09 9.910924663450033036e-09 4.920475379682364554e-10 8.047604297570059269e-09 3.044848859764836455e-09 1.590087446268260745e-09 -2.116458424222774338e-09 3.710356173596263765e-12 8.190818854113996279e-12
-2.595650740512035314e-19 -7.937567992496472718e-10 1.606367242541498799e-09 2.816154625813038167e-09 3.134271529934956064e-09 1.040007372078691395e-08 6.145407740432289595e-09 1.234477942956355075e-09 6.673333205567842802e-09 7.684096474195725756e-09 -6.072995469597245657e-10 2.276018589269613105e-10 -7.355372943077876850e-12
2.461959327433156198e-18 -7.629320277796253621e-10 1.415790411575060552e-09 4.650125985311051499e-09 5.031804963101987375e-09 6.561279967696314796e-09 6.823141785994690544e-09 4.416619655401817261e-09 -2.602218094717385087e-09 -4.328602615428407479e-09 -9.363874464070985373e-10 -3.151916914020124657e-10 2.189161139470542516e-13
1.573207429216644416e-18 3.412167337643946791e-09 2.073472022046509127e-09 1.192208136062267645e-09 1.628470179126147415e-09 9.116359829646130903e-09 6.917931046330817714e-09 7.042453417267943773e-09 9.087471480030614603e-09 6.226732887262707477e-09 3.001928101139473562e-09 -1.134112027111199299e-10 3.104370845783735326e-12
-4.262600613812832083e-18 1.482396517167176659e-09 4.956165984007482589e-09 1.197603042029267786e-09 2.851728954358837865e-09 9.172145074879127916e-09 9.429939265330047692e-09 6.187620262879510115e-09 6.000303396358153614e-09 1.052909097956656843e-09 -6.249212598305736382e-10 5.021246861805401796e-10 -1.980072422739596023e-11
3.343870761434326519e-20 3.719408387298416585e-10 1.147694957471760056e-09 4.036083278855837279e-09 5.166115440375309521e-09 1.778836888724302034e-09 7.274235961490955926e-09 2.579841604841910969e-09 2.784771948943168708e-09 5.813002310565285551e-09 4.460068932829773994e-09 1.379924252537191745e-10 -1.459161121851571519e-11
-1.767746313156615059e-18 -6.914291196971678010e-10 1.892981679651036333e-09 7.881052565402512853e-10 1.997184290304431217e-09 6.375905528973136644e-09 3.723429729582072859e-09 4.655744400997494670e-09 5.288976853272321022e-09 -1.913845566741890537e-09 -1.037132825647789939e-09 7.141764241208620087e-10 8.269384207324043795e-12
3.270400116605370267e-18 5.438880585609470770e-10 1.300078219138202554e-09 2.734009520670610712e-09 4.249806556652510292e-09 1.912422640709490258e-09 8.487705743574925190e-09 1.327693598521467080e-09 7.803292751516035424e-09 5.834896569843057787e-09 6.012753853180672338e-09 1.780913398244641525e-09 1.102300525729380802e-11
-1.249039066801031198e-18 3.427084925156382669e-10 9.810739363205961822e-10 1.685815608103408199e-09 4.595484605492474050e-09 3.837513823624173127e-09 4.326255425700091858e-09 6.445038163071599113e-09 4.337318129694002124e-09 4.696613664665611066e-09 1.063644426366988572e-09 -3.054835267305337550e-10 -4.965237709639704203e-12
-5.709033032584557741e-21 1.526201193901517600e-09 1.887373646132861353e-09 2.939398319833503810e-09 3.385764199354148333e-09 5.792986474540987948e-09 2.618521385540593175e-09 5.884721870988869378e-09 4.497930813590734880e-09 4.693870553033417939e-10 4.284082542732738081e-11 2.702203118613152167e-09 3.142872321496785381e-11
5.584629716909074256e-19 3.714613470599419126e-10 5.300494146785769539e-09 5.672425107770403865e-11 3.886755218068351842e-09 6.273171069844292111e-09 2.109031648282510640e-09 -1.343293496763904318e-09 5.816601496773631255e-09 6.613249135853950309e-09 1.651393035116006288e-09 1.000050532223068946e-09 -8.569344020081707889e-12
-8.090942546129441736e-19 -1.734809156171680853e-12 8.677428573744947859e-10 2.376375619108417532e-09 5.259421143385694638e-09 6.049109281174077526e-09 7.205650420577116509e-09 4.585456091281399713e-09 6.281361350994477401e-09 4.562346493609031556e-09 -2.071504938691504097e-10 -6.657874228734862935e-10 -3.097988390052057458e-12
7.052128341572476531e-20 5.280193165254753718e-10 1.574542961415980983e-09 2.118694934979656747e-10 4.497582795885730353e-09 8.221593576131238806e-09 9.369604402170819862e-09 5.301901814686563877e-09 4.338045499757208572e-09 4.246943851481656052e-09 1.851578401733255424e-10 1.200726996703792714e-09 2.115780573432346313e-11
1.367268773541951467e-19 2.499992803347032318e-09 1.159670732726300996e-09 3.631197889018337972e-09 3.005558292852530009e-09 3.834917556538312949e-09 1.070697067168106983e-08 9.076191534812261204e-09 4.671599788026576573e-09 -8.911517147937267539e-10 2.022842305414088524e-09 -1.537620555252632800e-10 -1.176064284862431088e-11
-1.383409318524362427e-19 -2.479215759879814668e-10 5.747286337357452775e-10 4.112881410927851226e-09 5.803700738568558279e-09 6.235988127790499910e-09 6.553194510693642044e-09 2.232129185601949892e-09 5.293502142377548268e-09 3.478229022283689407e-09 3.985997576660702950e-09 8.609024515071899227e-10 -1.305996708957601863e-11
3.793735240118824804e-18 1.595641421301667129e-09 7.656919916145742960e-10 1.502693630071301053e-09 2.792640599651690964e-09 -1.444433075758602886e-09 6.072222124475096620e-09 3.155800108597850356e-09 2.512601260396842812e-09 1.802649469936759448e-09 -8.941241651435325390e-10 1.507329061952133171e-09 2.298661434853126168e-11
-2.346950322430148335e-18 1.934598224632865007e-10 1.493075374519861723e-09 2.452307626827689323e-09 6.969122765644652698e-09 2.493293815492575215e-09 8.296852394141009292e-09 9.847688234834788906e-09 2.693248211018203984e-09 9.332756299514485097e-10 -4.172780935188008916e-10 -1.269216519806351739e-09 -3.269655111486349563e-12
1.447677723012659402e-19 1.253306455000537114e-10 3.884350934796061784e-10 1.162135769927530765e-09 2.726945605070957355e-09 3.996560285987607359e-09 9.608578620159546160e-09 6.233216361456667981e-09 3.504416053315300774e-09 -9.674627994290573490e-10 -3.040419372933048467e-10 9.308498201332430499e-10 5.959891352265423065e-12
2.138026931203675436e-18 5.390233671047651665e-10 1.540012904374740953e-09 2.189697942720869096e-09 2.308057111443811643e-09 2.140947293542950903e-09 9.010401682861381795e-09 2.332289020125068670e-09 4.496199542513570542e-09 3.067248754039767042e-09 1.447633315959156117e-10 5.011557912419665219e-10 -1.051427172704377667e-11
1.563772646423809727e-18 -2.952087155008082000e-10 -1.478346246589632988e-09 5.072175027708536556e-09 6.971922264783190285e-09 5.073187392715899155e-09 6.188460147974575474e-09 6.720395020694165648e-09 4.462717300907192179e-09 3.370640277003644794e-09 -1.829143154205596880e-09 1.433084962640003118e-09 3.108256146815762703e-13
8.497010133957843367e-19 1.141902973107935060e-09 -6.926384069087221865e-10 3.084036465099847526e-10 1.075415187298936082e-09 4.838984602161655783e-09 6.622703420895066732e-09 6.262867646786125780e-09 6.922831947499191854e-09 4.469792923628494251e-09 1.403113868747322643e-09 1.434726847227643479e-09 1.322340875496475478e-11
-2.956547647162177338e-20 4.052398404433616214e-10 1.703824170613759723e-09 2.734014550903215008e-09 1.805832257269244045e-09 3.518158102267072095e-09 6.809022516101540148e-09 6.040078660111024925e-09 3.242920977338348711e-09 1.186752699114509662e-09 5.513504760135470413e-09 2.623127257205587760e-10 -1.432205208835194871e-11
2.623196018305624061e-18 2.313289777194766913e-09 3.702162633414822317e-09 1.944878161130535124e-09 4.882851695449783335e-09 7.091661625858912910e-09 1.005583492297634557e-08 5.081015948930871796e-09 1.415582849743009113e-09 9.044225388395968209e-10 -8.467573786266622131e-10 2.041810357479559379e-10 -8.997978616310530682e-12
3.115479035573664587e-20 5.760707405651147452e-10 1.150482362845914390e-09 3.794146829462244834e-09 3.372243106685826769e-09 1.170832267743674378e-09 8.100237027453895416e-09 2.613888265673509875e-09 6.177810661464912705e-09 1.516942461506452578e-09 2.216461108542094788e-09 1.048776964923286025e-09 1.533663579334092664e-11
-5.156304106027404472e-19 -2.506531114293199997e-11 2.812512238632275769e-09 4.559897483224413911e-10 3.044313606482088493e-09 5.238156737560534347e-09 3.860477110449990430e-09 2.152880984809720601e-09 -1.173679626960809162e-10 1.666027797064887329e-09 -5.944003072936388165e-10 -7.918174032222430539e-10 -1.285920312072671969e-11
2.573040352713582258e-18 4.770957820314183299e-10 2.975489784597360534e-09 3.678216403387560447e-09 3.144764631975917713e-09 4.123227954791519599e-09 5.639416856422557612e-09 4.384700864820613055e-09 1.400676180339460767e-09 3.265081577819091648e-09 5.583094390002473802e-10 4.885275107871938123e-10 1.075356705077331300e-11
-5.404324777884352774e-19 -2.822601944793776463e-10 1.412998567404296298e-09 -4.136259909418036724e-10 4.614084150518868409e-09 8.582166836006194918e-09 1.024033839920125592e-08 6.563571716341464234e-09 4.124536256056383026e-10 3.831982223019651571e-09 -7.105483680541660414e-10 1.890530235311172109e-09 2.297609352776103893e-11
-2.987012485340577323e-19 1.813085061838438596e-09 2.610135867438996558e-09 2.304456968495809763e-09 8.517954198792598407e-09 5.037650322852586160e-09 3.022631860118370732e-09 4.751537169646154799e-09 5.226014812261008406e-09 2.352509168095060952e-09 2.418286696176173688e-09 -3.058773380239619063e-10 -9.241389554450214942e-12
4.306513645555786810e-19 5.388084653339014944e-10 -1.607601677577655497e-10 4.102575772136780081e-09 5.040266715304596393e-09 2.636526758468835576e-09 6.859265378630374327e-09 4.615719362804729061e-09 3.052778813139329252e-09 1.484461310742982419e-09 -1.362707709832347732e-09 6.307857909797773538e-10 2.097964752761676967e-12
-8.050367137318097074e-20 -8.851481774178089427e-10 1.106572402582908867e-09 4.315277270108252765e-09 3.730694006057134778e-09 4.126120407629384098e-09 8.652014288386003607e-09 8.539657843414818447e-09 8.464126098170542226e-09 7.395049185698402246e-09 2.338333884007229375e-09 1.001452545283301455e-09 3.923091799507101154e-12
-2.096778456685577462e-18 7.862072224028166188e-10 2.616013124685688024e-09 3.682157696330828347e-09 5.388670429040927731e-09 8.321943783947701890e-09 5.717236320974922249e-09 5.164057656181574615e-09 1.524994424945081502e-09 -2.348879194180547830e-09 -2.066957066420258844e-10 3.882574044252472322e-10 7.942404560087663829e-12
-1.546552118548395073e-20 1.455298131953471878e-09 1.857602377343642153e-09 -5.432355197546616182e-10 5.469624786823096241e-09 6.861902459704751789e-09 5.045274846946756197e-09 4.400888090491304814e-09 2.855173188983733467e-09 -1.582701284775185090e-09 -1.580108414690457545e-09 1.119503857208232905e-09 1.751772508649450573e-11
6.773643467397464494e-18 -6.668460445383171943e-10 7.721378184878117777e-10 2.190627724080451863e-10 4.941337005906043201e-09 -3.634598120294329206e-10 8.935297947896352437e-09 6.500905294978537425e-09 3.321117245645505110e-09 3.919547586886965727e-09 1.246359250117701385e-09 2.949000831451139623e-10 -7.656014097607910549e-12
3.393886257732624782e-19 2.199861192782782837e-09 -3.618227665980237734e-10 3.161164965333106420e-09 6.043271731014026662e-09 6.116629968260655347e-09 5.650829710903252037e-09 2.543228050146687571e-09 6.838977363015198361e-09 5.433631399146748323e-09 2.042017398805273619e-09 1.167795261232758453e-09 -6.300230576705761971e-12
7.791355131767072575e-22 2.499372657559051310e-09 2.306133743198471155e-09 3.342939246737541561e-09 2.344825555952665367e-09 7.358289649213430775e-09 3.947389655065631578e-09 3.014516383665727453e-09 3.834579915684719371e-09 5.537920099919794781e-09 4.932938609129027142e-09 5.264978988640827481e-10 9.365768334178722252e-12
-9.229218317653354606e-20 -1.591954245137457211e-10 -3.486738821288469786e-10 5.204053048526392731e-11 1.455549663755461129e-09 8.582372869816912435e-09 6.201228610333070384e-09 7.617039989017510592e-09 2.206125365447013461e-10 4.577738759132271626e-09 5.871424954438363208e-09 1.259523759937958568e-09 -8.194522631330316701e-12
3.169468018266365932e-19 -1.227282233184419055e-09 4.304325692878264478e-10 3.393777731410173227e-09 3.002305126093783657e-09 5.974341173289798533e-09 4.593226884652193660e-09 5.840332390463827395e-09 7.604940773281897728e-09 2.781053213570265851e-09 -3.526391821594486274e-09 1.151507655647915978e-09 1.045641510846536840e-11
-1.664983404115665044e-18 2.685267898924983901e-10 -1.840183131426485150e-10 2.049170590921168399e-09 4.781408195920775538e-09 1.935904680365760311e-09 9.052266662396061219e-09 5.853698711547910114e-09 4.404869975664116743e-09 4.145919210180015270e-09 3.590491379136672030e-09 -2.775424484081900285e-10 -1.064363488048769748e-11
2.476908617496633082e-20 2.202029169046497243e-09 3.459605931964705405e-09 1.440075775522981584e-09 1.753418390864725714e-09 5.300654335840472442e-09 8.851926698496539926e-09 4.011548293255914413e-10 -3.439775394231362730e-10 -2.418612618507141522e-09 1.609029796082487626e-09 -4.559051437804788094e-11 -9.952851181064913108e-12
6.143017005396225899e-18 1.190577756346187711e-09 3.213473683179089934e-09 4.537543443730051908e-09 -6.963025276442050884e-10 2.276760375713401113e-09 5.505249744650469652e-09 9.435417723019576764e-09 7.281530226172314123e-09 4.090521168941827646e-10 1.921555904685553068e-09 -3.755777133312737136e-10 -1.756467112449719007e-11
7.802466069132605934e-19 -4.971738031426174716e-10 -1.204964073049325050e-10 3.613900081336910446e-09 3.060563643495679029e-09 4.675099177873498333e-09 6.025738589028607109e-09 3.456628553801283108e-09 1.706156181014836018e-09 -3.680307995020107048e-09 -2.694942123749525898e-10 -5.836291553316903673e-10 -1.389189199335511439e-11
2.452202472602374917e-18 1.070436857315698977e-09 5.136455642891099927e-10 1.382473233563683089e-09 1.505661392545867474e-09 4.171691398656001207e-09 5.938273009829672734e-09 4.099445105683322690e-09 1.341014786843648707e-09 8.651633920448090276e-10 -3.874857270583315810e-09 -8.249011276225250143e-10 1.083665811358340396e-11
5.116811094676261489e-19 -3.008997644906284887e-10 1.530271471134493372e-09 2.376396479232163618e-09 1.814069032213626044e-09 2.038554080058796137e-09 5.490513572114173843e-09 5.055254799837575406e-09 2.193420828864930187e-09 1.293215320538315953e-09 4.974685530531233644e-09 6.411130063177991079e-11 1.089570757358448278e-12
-2.754542448787418809e-18 -6.119767837866860377e-10 4.662062258599755757e-09 4.732937884061808837e-09 5.092388048699154085e-09 3.623516393256366220e-09 7.341311255580212670e-09 8.396030424489000635e-09 -5.730165527530162862e-11 2.389839523015556843e-09 3.250068180178272193e-09 9.661361218324916947e-10 4.029786187624398753e-12
-4.714170240167150996e-18 -5.195679251702743599e-10 4.226436320978947350e-10 3.733302928158753389e-09 3.769991601344811028e-09 1.712522972094499265e-09 6.938552197637304650e-09 8.677979106682320649e-09 3.269868092646472110e-09 4.821657867590930659e-09 4.875263494123431259e-10 3.748195523875753768e-10 -6.805613291888654397e-12
-3.993415087839673126e-19 2.576450784574116006e-11 3.111088169767258851e-09 1.665840487836383810e-09 4.780924918327619127e-09 4.580235684198167929e-09 5.538270708202886223e-09 2.543676863489420180e-09 4.949692822555078034e-09 8.088101955574712000e-10 8.878063999722665449e-10 8.052957859352599704e-10 -3.804701168351776151e-12
3.216216531266457982e-18 1.257361774821538508e-09 1.453881775496139722e-09 2.596482894158238142e-09 3.732992639438617875e-09 3.742926716783408396e-09 6.899482317180974921e-09 2.422911566530425275e-09 5.026059839422968754e-09 -1.294456132605176617e-10 1.177833331964442908e-09 3.911878847551121027e-10 5.879368008534061432e-12
4.281503876181960287e-19 1.109524709454675600e-09 2.443562931703732234e-10 2.390941822292715382e-09 2.743248833459399574e-09 9.457784360753676487e-10 1.074113870741412363e-08 3.595054409019843405e-09 -1.877509725526732047e-09 -3.123828463388332506e-09 1.839894813229986555e-10 1.205090818497854230e-09 3.316384969015047057e-12
-1.625428183660737854e-19 4.102987678328098126e-12 9.357776511021289592e-10 5.733389037321016822e-09 1.099822142721567579e-09 6.237428944230189525e-09 4.175807570341796000e-09 2.286503958695208791e-09 8.679197587656277816e-09 -1.299294352784450321e-09 -6.634592309219865586e-10 1.280181089716529665e-09 6.050405739304869957e-12
4.242102856394821367e-19 -5.115133720914235502e-10 -2.903415323766585868e-11 5.622290397396480200e-09 3.666590213608086306e-09 7.671734685246675207e-09 6.449774541261130429e-09 1.299179227291584376e-09 2.668135149989752014e-09 8.290397974220613271e-10 2.760488974308248635e-09 1.407469869141334970e-09 2.452790159061017389e-11
2.003705259235776310e-19 1.568092703628397298e-09 4.340497115266327057e-09 3.070465397945369208e-09 2.695958870273908448e-09 5.544803105692807809e-09 8.328014804252777013e-09 1.433209244356318760e-09 3.631566053897015044e-09 5.571654219639582175e-09 2.242205495503316392e-09 6.540057172090365296e-10 9.172519055263536872e-12
2.454276123667022973e-19 -1.205533997839134275e-09 7.628003099797190079e-10 1.951492220162934950e-09 1.871661054652768989e-09 8.819762952441764647e-09 5.308321745710018281e-09 3.512629469988733401e-09 4.827917765826571273e-09 1.333685817284126957e-09 8.786092702561766038e-11 5.289250595581450041e-10 -6.165359935317625579e-12
-1.917298454792060314e-18 2.338678432274978470e-10 8.263045289612125732e-10 3.877491693639683512e-09 6.086634097772131466e-09 6.958540496300669212e-09 7.283860875154087185e-09 7.547947781636548110e-09 2.719214831149066337e-09 9.410419434548769174e-09 2.334264094192390382e-09 6.048691468925459358e-10 1.877237912750753808e-13
6.299033228519767156e-19 1.313259676666822465e-10 3.340945597368702872e-09 4.235645335815147979e-09 2.819531072398390016e-09 6.463377914355577484e-09 6.039902788553882754e-09 5.497637949570717477e-09 4.008248343740141121e-10 6.496285887917889002e-09 1.016706775709202223e-09 1.414782450989564546e-09 3.111264632860736596e-12
-1.032966691223713061e-19 -1.979381748812049767e-10 6.232759671155562496e-10 2.524066861295820536e-10 2.978211083711581380e-09 5.202586958556850271e-09 4.957948446188411862e-09 3.617704317898548315e-09 6.356876821714412442e-09 3.645679096854387941e-09 3.452193556658550133e-09 2.879069014474587615e-09 2.189033017324049211e-11
1.020087080211828505e-19 -2.866574972937382120e-10 -2.037310735391765338e-10 3.565662732776847934e-10 2.143549024279504806e-09 2.088919605843022422e-09 9.959104166633812314e-09 1.147521210253321743e-08 9.046861842799385834e-09 4.953266388972061252e-11 -1.964004068764463455e-09 3.587983125196032721e-10 1.124363664824135790e-11
1.423664811728711973e-18 2.094222731803879698e-09 2.813149970537525558e-09 1.683615811726236573e-09 9.953095234940866781e-10 4.542365719542631843e-09 8.075610240014199203e-09 2.870632032803630032e-09 5.459993816566256582e-09 -2.296348189387286887e-09 7.784737092298187335e-10 7.964936665798651291e-10 6.118664493729985774e-12
5.711947079167832056e-20 1.949771326513589134e-09 2.032991104575232300e-09 5.027969735177650392e-09 2.049595401001548028e-09 5.976897051751854179e-09 8.179496682002008516e-09 6.081530015248235199e-09 6.633860016962002772e-09 2.684720249894995922e-11 3.083890364679405950e-09 8.142861368714639130e-10 1.003771945654523326e-11
-2.878938813237141931e-20 1.463388820793634526e-10 1.522098936169822871e-09 4.702122078030958645e-10 3.088747079847462445e-09 3.385321870705271051e-09 5.830191864918246887e-09 5.694744786188981800e-09 2.562160750533532738e-09 3.193425066058555068e-09 -1.404038047130202373e-09 -6.514917634585866638e-10 1.257561371056949383e-11
-7.098078344974029139e-19 -2.918362564270137489e-10 1.574585302921417038e-09 3.585368716124782579e-09 -4.161857212186166413e-10 4.110460202818945037e-09 1.438972757528707691e-09 9.875040181632921352e-09 1.895344453903552541e-09 6.638746537599188867e-09 2.724096076568682811e-09 1.448382337509036160e-09 1.438588432795947589e-11
3.662837945195203835e-19 -8.590355679276580806e-10 7.506697443643533223e-10 1.567631707942138480e-09 1.467421128584108280e-09 2.932236562035578762e-09 5.639689803887681805e-09 5.822807509660730164e-09 4.214056729139835494e-09 8.400477712789922072e-09 7.188803996590676117e-09 1.136063869368393398e-09 -1.291181842225265622e-11
-1.014347837604602489e-18 6.698754294670701525e-10 9.067522341418970246e-10 7.236874994311943589e-10 4.813382159065034325e-09 8.017275315907288675e-09 6.515322611531508403e-09 1.462326764570350621e-08 3.750065955221115231e-09 9.587012405661489539e-09 2.685730302949585528e-09 -6.272121531659603937e-11 9.177522944380247143e-12
5.638387177683760961e-19 -2.313728295801675466e-10 -1.970642743634964433e-10 4.115070699590232254e-09 5.352179217227694518e-09 6.885103839347368847e-09 3.619291867913953558e-09 7.319781842040605411e-09 2.069063567766018294e-09 3.084975041155002279e-09 3.465239724915168734e-09 3.351340089103501566e-10 8.904781082945922170e-12
7.104542126868962397e-20 -1.302678155766656732e-10 4.010179744738350160e-10 2.441656730800024827e-09 1.054436813094772998e-09 5.873047456796389000e-09 6.488594103845163854e-09 6.878077946490972932e-09 1.999342944475387200e-09 1.593240748988924525e-09 1.651019897106417911e-09 7.458112508313026785e-10 1.016339659976345517e-11
1.788673547895851878e-19 -4.340302766743935587e-10 6.438324305160668254e-10 2.201987763103447771e-09 4.405528449606505331e-09 3.082534461783622381e-09 7.825833122385952323e-09 1.317874363829618372e-08 8.129266825415792894e-09 7.138334322170065645e-09 3.543294973848463679e-09 -4.531165718620130843e-10 -1.372870634011463459e-11
-9.052005635159519474e-19 2.874979643642999351e-09 3.135022801738537460e-10 2.790231612072988779e-09 4.280605599697284580e-09 1.779769538496811372e-09 5.904700613843933244e-09 4.054373013005904758e-09 7.874677416224976430e-09 7.411747020424670114e-10 2.095219778295327148e-09 -2.132948909069294441e-10 -1.559763646864045102e-11
-1.293616483872838240e-19 -5.687434541690529526e-10 2.039704158780124977e-10 5.506637365851142452e-10 4.252463090033871731e-09 3.251837594723065256e-09 4.976347731679052262e-09 8.722094580504296605e-09 7.353197099794065640e-09 4.096244227406772583e-09 2.199224999105670065e-11 -5.423782940730473403e-10 6.268321427885606750e-12
-1.661147112385908315e-18 7.278658202118225309e-10 4.609271595490221578e-10 1.507928234345680365e-09 3.095607145190025125e-09 6.293306927193933110e-09 9.130564475023014371e-09 1.823529587703741287e-09 3.656920566910650479e-09 6.987754415088926371e-09 4.948253488370278609e-09 -7.221778783978047636e-10 -7.646526393067839206e-12
1.396349989076843278e-22 -9.884721530000795081e-10 1.108509533530930156e-09 1.527840471968321343e-09 4.401799733895100525e-09 7.202988116340955663e-10 9.467123949160949652e-09 5.107780470741238346e-09 7.549782451754252295e-09 5.650745049630631831e-09 7.628199079835298848e-10 3.545025928038547533e-11 -1.260845190291842441e-11
6.224247644950899568e-19 -2.894038984371045098e-11 1.581489862601240541e-09 3.772899640484748227e-09 3.002919730249329239e-09 4.297502195305354606e-09 7.094814816720569043e-09 7.040304377537332198e-09 1.473157546872001369e-09 -2.522713561318139505e-10 2.644405452995131837e-09 -9.095648991667014779e-10 -4.277345906195175459e-12
-2.751642948738283278e-18 1.150745213245850670e-09 2.914594207371222392e-09 2.625227177833665976e-09 6.045129507035377528e-09 3.236845096928017607e-09 7.049973984397187656e-09 7.489823722702854960e-09 2.423122353036016024e-09 1.464879822512042092e-09 -4.859340977712875090e-09 -5.856962559292201853e-10 3.675244612373491688e-13
-1.809717966983605790e-19 1.319593697746317398e-09 1.297754437221170815e-09 4.925313978260237103e-09 5.599916161876988708e-09 9.864659015989530099e-09 7.677389827633286924e-09 7.751909553198668370e-09 3.797310588097285998e-09 2.735168532618682637e-09 1.918968000211131881e-09 1.201090088786121988e-09 1.608628730499019824e-11
2.775868905679828354e-19 1.015740911825253840e-10 1.286234619661780858e-09 3.181744667974337287e-10 1.687280433836989604e-09 3.676665324357136776e-09 6.357482899350794271e-09 3.225701254699087455e-09 -2.800471950368631126e-09 -4.646089674879759299e-09 -3.032992612148576959e-12 1.546420330049352638e-09 4.660195629150846207e-12
6.800992466903012603e-19 1.351935785320540891e-09 5.107246576240989979e-10 8.328095161795267269e-10 8.214907995227784839e-10 3.834377088815427950e-09 2.718561464829475456e-09 4.882769001580391194e-09 7.712440807059827442e-09 2.960035605483920315e-09 4.694706726025624141e-09 1.206716746653112826e-09 1.878405549245011622e-11
1.410726152448808942e-18 2.611350938883598306e-09 1.125214476638533915e-10 1.786456759006127339e-10 5.427240495630135643e-09 2.780713005162467012e-09 5.355009990602377588e-09 8.845005083999937158e-09 6.317218463234619054e-09 4.607367716146492842e-09 -2.512712880685525218e-09 7.832464823331747876e-10 -1.277419032272697988e-11
-3.595751896731018926e-19 1.985052985951117338e-09 3.036209325251944733e-09 3.752942695123339018e-09 1.574678222769617325e-09 2.463072347885176051e-09 6.169588304385827690e-09 5.491028065342737090e-09 2.433100170806449746e-09 1.856801600659161135e-09 -9.452899707743980323e-10 7.713514498547167640e-10 -1.385804832680062371e-12
1.651916493588694658e-18 -5.298134476784456639e-10 1.345705126828415531e-09 4.637961469239136640e-09 6.321076532061877444e-09 6.580642298181531563e-09 6.865694459649359909e-09 8.217003325525014722e-09 4.202213097656724157e-09 7.320358540597703184e-09 -1.320959619153346490e-10 1.048229354362821253e-09 5.164100379886136484e-12
-6.221155598931257043e-19 1.389812477531075423e-09 1.660885092132461782e-09 2.572364030247082943e-09 5.957566905172798340e-09 5.942689879930383407e-09 8.567165293713152358e-09 4.775203779578465138e-09 4.704241326738760830e-09 1.067393062788636895e-08 2.367228394426553202e-09 8.608971026045270519e-10 -7.093877683925336093e-12
-1.536436138076636046e-18 4.381553197699482005e-10 7.610104497654375881e-11 4.250239964267520138e-09 2.233090079471951196e-09 6.376661335531037993e-09 6.995950902065342084e-09 6.393446122372800846e-09 1.013747686258673657e-08 5.953839221832658793e-09 2.730992806309412828e-10 -3.486673400963615643e-10 -4.502207178343637755e-12
8.974524261078684741e-20 1.461446627920281447e-09 -1.776852137370445491e-11 1.684194771227385330e-10 1.991786564580417293e-09 8.120057238050181738e-09 5.754123173780224329e-09 6.404950338158974881e-09 9.176853708716337688e-09 6.002873781432931446e-10 -7.251329943953957617e-10 5.334130257286467072e-10 -1.339941576464884423e-11
2.840773503642242607e-18 8.045705860235611113e-10 9.764780693223426310e-10 2.574596371186033837e-09 4.484967328127877656e-09 -1.306937831582832527e-09 -4.689761047695005253e-10 4.086969346526055461e-09 2.265146808613966070e-09 9.208493732453384592e-10 1.615672514558005966e-09 8.837559899831812263e-10 1.673818942336417548e-11
-3.233980523971793172e-19 2.360098847048138769e-09 -1.193849443607357146e-09 1.836964372352344353e-09 3.990897678305731390e-09 6.557511031089220543e-09 1.324351602976154253e-09 7.819843723415110473e-09 1.353153505971020731e-09 4.696375755061127283e-10 1.047758845425179761e-09 -1.012091045083683349e-09 4.244831304844275156e-12
1.966145605438979748e-19 5.117437287156868137e-10 7.663753087453360540e-10 1.534277027483641514e-09 -4.419018949286711258e-11 5.480124076271928693e-09 7.109836103198840940e-09 5.670201375900339513e-09 3.610766002121709895e-09 2.863589823471535643e-09 2.612647220536528466e-09 -1.416190842366323505e-09 -4.277608387646586122e-12
5.167375925404913085e-18 8.565032787833057453e-10 -3.242766315454247665e-10 2.359505230822757163e-09 6.008486169691360611e-09 6.571883074829980887e-09 6.585125409721269924e-09 6.498013594885344464e-09 1.256949178799002525e-08 5.165242886058829411e-09 6.651146644067443999e-10 -5.728782992826598393e-10 1.977545882480475625e-11
8.381282817113922493e-20 7.989309255838167723e-10 4.381670475189220433e-09 3.518250279934174550e-09 3.647481342355699207e-09 8.303663971772944545e-09 8.667745285177945950e-09 2.058288764571927118e-09 1.728279455654417845e-09 3.728625481251812852e-09 1.989161417928833117e-09 -5.287265664615287713e-10 -2.505542004160824896e-11
2.397812734623494730e-18 1.631943987772197099e-09 1.801491162598028460e-09 1.860910171725116673e-09 3.999007170501869746e-09 5.176827037932860188e-09 1.079556558603428912e-09 4.912976954826181133e-09 8.408458343687155703e-09 2.196399951165550391e-09 2.310789008341120274e-09 1.424356933143896792e-09 4.443901377567284746e-12
1.594089955058879965e-18 -8.846146416631142426e-10 2.999253535908909043e-09 3.301876377326591221e-10 6.947907656764250356e-09 6.619621365004222466e-09 6.691978244011097537e-09 6.139698721504416014e-09 3.518803236133042147e-10 4.889299445551532982e-09 -7.479695267000094007e-10 -7.385557575471127474e-10 1.424273309881026226e-11
1.937065969687589769e-18 3.273240370976973565e-10 2.021425937942348342e-09 5.234654331414102860e-09 3.605382563683438620e-09 4.635983883569502168e-09 3.783232352751968995e-09 4.430754027068228501e-09 5.356668939786525471e-09 2.889565619071942965e-09 4.151722087948414872e-09 3.095869165700533971e-10 6.685092031921960962e-12
9.529801220565653377e-18 1.246467874873462752e-09 6.047268427426862985e-10 3.398829927776774090e-09 3.971565323698273238e-09 6.988522074549956688e-09 6.426088486042697825e-09 4.997136649077825697e-09 2.788456085967884798e-09 -1.281076356396580398e-09 -2.165936551760703776e-09 1.675524813863353816e-09 -7.225379875152597843e-12
8.451257191733325421e-19 2.344645839598669484e-10 8.991733372976083810e-10 3.579089133605822922e-09 5.613610096672453034e-09 4.128902044651945963e-09 2.970333898418175505e-09 9.342729746494672000e-09 3.492701727708516348e-09 3.554945916807860007e-09 4.544022992101150500e-09 -4.717764665650650809e-10 1.812609177786538250e-12
-9.028216145114831292e-19 1.203479531623323175e-09 -6.198118066718419601e-10 6.137282772276448465e-09 -4.614530182600219677e-10 4.699628992174423823e-09 6.777073698096796778e-09 4.106997618951616123e-09 9.691890916416281440e-10 3.167790511584510242e-09 7.922161221684896107e-10 1.164119157655608522e-09 5.309338721393050812e-12
2.496151720905468517e-18 1.243034137145650377e-09 1.079033599302819563e-09 1.105210049514302258e-09 1.017161807889651977e-09 6.399050661338002057e-09 7.012149274255648500e-09 3.031893663535991698e-09 4.228412496247379193e-09 -1.249052388187611337e-09 1.543881293934937057e-09 6.422786678170820980e-10 1.713060341802496275e-11
-2.283338045287112074e-18 2.685610899019020115e-09 1.841829689673632893e-09 1.532076023892761594e-09 4.056816158512944650e-09 1.858651108544501235e-09 5.526480367820715667e-09 2.135873030206624797e-09 3.043032907812073700e-09 4.322597373622986990e-09 -5.061766791600735681e-10 4.770613939797065407e-10 -1.323231609637377436e-11
-3.474180520784110813e-19 8.072881491541788108e-10 -5.797069415528954498e-11 1.787813736996442226e-09 3.074858529768722509e-09 6.653685350980456530e-09 7.706971041492194939e-09 8.419460108429938481e-09 6.801240168128390654e-09 3.070159592992592020e-10 1.446624267993338945e-09 -2.529000709480254724e-10 -1.989822322679168113e-12
-1.909592266193080653e-19 1.226521473724006567e-09 7.054496921700808781e-10 -4.788265048162668826e-10 3.264120709472563744e-09 5.321809597423943809e-09 3.948071526314591066e-09 7.517061595723087651e-09 -3.775132145690409413e-10 6.186720520429752748e-09 1.513835256044498871e-10 6.699560594377712470e-12 2.044623484792515696e-11
1.956511635171252668e-18 -6.123382507370176543e-10 -7.800813805642460597e-10 1.063139159344269829e-09 5.678943955696329092e-09 6.055072842595311116e-09 1.639593320069267303e-08 3.381313551919050827e-09 7.952218681433508531e-09 3.575949211190503813e-09 2.712248761561199465e-09 3.108245764995209020e-10 -4.903263460423108850e-12
2.259473092222089079e-18 -1.754031920285911321e-09 2.074576247380109443e-09 1.763671961786829666e-09 1.976744498647017613e-09 5.501071469588286610e-09 5.636990616517870986e-09 4.918929150485553188e-09 9.549790261487910445e-09 3.233270247504742287e-09 3.815127468211082481e-09 3.502179441545053531e-10 1.023373876963991050e-12
1.128281884489997062e-18 2.826665964345485727e-10 1.964750525903885976e-10 1.245102323473402495e-09 4.485100331531857609e-09 3.502855214363093184e-09 6.686202867767611678e-09 5.776666650979734881e-09 8.069058079817469339e-09 -7.999180879952076743e-10 8.657895207352028046e-11 5.777102411293631295e-10 -6.970892489115209711e-12
-3.847229395178073508e-18 2.316039899152225244e-09 -3.506833457426601083e-10 5.014949843934260880e-09 4.986416766187146656e-09 7.745337201719122013e-09 6.397399113312063246e-09 7.476220643479762323e-09 6.545511263819609774e-09 3.700406381205879664e-09 2.579621326600280818e-09 3.581423730890683366e-10 7.674896269281258777e-12
5.032456548908802432e-19 4.954721346755219071e-10 5.550609386287164146e-10 -1.152980506694066550e-10 2.233538094211033493e-09 5.041929006358017353e-09 6.271470612818883963e-10 3.557960003721976492e-09 4.896139841228174324e-09 4.223672475171099537e-09 -1.155294564836195094e-09 -6.907942918876688947e-10 1.423850571074606734e-11
2.332758924574346453e-18 -4.237203959890874270e-10 4.816669707311551779e-10 7.294107979578159859e-10 2.959438430431762331e-09 3.113327821232441054e-09 8.947848541092269646e-09 3.936677243122856420e-09 1.084158589657151454e-09 9.491713792854370153e-09 3.132159001689516566e-09 1.937588968227863029e-09 2.609463210235160244e-11
2.013622900317332470e-19 1.821937147563771466e-09 2.516516450310453309e-09 3.558894122067817168e-09 4.106190873029638961e-09 3.529782136993059306e-09 5.167206128146207920e-09 4.745032766479136158e-09 4.912850512921954348e-09 5.568973590267677423e-09 1.346124607972173306e-09 3.288021334898462273e-10 1.171708202291012732e-11
1.342986583784909948e-18 2.483043297526853174e-09 1.055237338294605151e-09 3.425668254206924460e-09 5.950433620581127563e-10 4.150722040015982269e-09 8.971838372450116714e-09 6.460570961681248204e-09 3.801944466257678636e-09 1.034362652201453882e-09 1.124359815512317968e-09 -1.554213304075477074e-09 -1.820729982330525442e-11
1.166510508479352617e-18 2.822756305267052222e-09 9.818146943362451213e-10 1.951911715154145131e-09 4.106390074881658005e-10 2.908737470001941525e-09 3.777202999882724680e-09 6.456853663734860941e-09 7.637344640528787620e-09 -2.282965229113475874e-09 5.430926655895861413e-11 1.494937917837726147e-09 5.179764433280935671e-12
6.458415266626514804e-18 -2.271668940691214978e-09 2.813342824187575253e-09 4.491696751991015366e-09 4.817059599929935514e-09 7.466525746148432158e-09 6.204367992807994136e-09 7.873904564321743993e-09 1.709007738142889092e-09 2.606514965988693437e-09 9.475491884623901337e-11 -1.333326230239899897e-09 -1.087910644986554443e-11
3.437265166323670765e-19 2.912258420864330870e-10 3.291928974411522938e-09 2.083344386288115383e-09 6.285226333635662285e-10 4.401977566773004094e-09 4.719677125810189801e-09 5.647263619516702556e-09 5.608721584465886969e-09 2.840200682990523340e-09 5.409606794784028713e-09 -1.881033216527796354e-10 9.263726044567463348e-12
-2.199515564006807853e-18 2.653558396439136722e-11 2.261443469129418822e-09 2.868665649846337180e-09 3.916166364857287326e-09 5.161914956561466631e-09 8.834887898936020773e-09 7.801871337506565619e-09 3.837211061638679529e-09 3.357368747664296280e-09 -2.666361024198065145e-09 5.394671916847157478e-10 1.527635093752945071e-11
2.403913381552204138e-18 -2.249830057011236164e-10 1.603099444774244094e-09 2.327988056853277134e-09 4.350900911601429172e-09 1.610880551318731548e-09 6.105768105145523853e-10 6.127484303849986994e-09 7.534023558822289755e-09 4.874684575200184092e-09 4.614489528882126645e-09 1.216436728422878937e-09 -2.586279502889928294e-11
-1.118322602610742557e-18 -1.112555859981862096e-10 1.459056911747947625e-09 3.100430217484306731e-09 4.780641443896760133e-09 5.338901119034153585e-09 6.723339150327061223e-09 6.578173900551536160e-09 6.017401664271746670e-09 5.924347681651036914e-09 2.957893580835383175e-09 -3.848741890963652934e-10 1.136992120854693574e-11
-1.765354196545858117e-19 5.834047671645865452e-11 1.808513098452257753e-09 1.483722795425556521e-10 4.990431218618880683e-09 6.605710270915993025e-09 5.118310492516528879e-09 5.133422499129015430e-09 4.028355549606546333e-09 2.034829525020575235e-09 2.432891584995046212e-09 -9.347122981564179842e-10 -1.674126589668763831e-11
3.985055567715295330e-18 -3.228594934380505880e-11 1.528065615670052574e-09 2.665441291121103535e-09 1.854238980113557014e-09 4.584399360774128197e-09 8.030811768432589651e-09 3.475489767278364098e-10 1.463276228792504587e-09 4.238515246113250454e-09 3.341432927251649539e-09 1.648880659113982486e-09 1.734738804127392606e-11
2.137734816855173799e-18 8.332025323371743955e-12 2.680814706690511231e-09 3.356534002439489446e-09 8.115868491845694005e-10 2.461501071625584686e-09 5.534014716417386609e-10 5.947692888501958968e-09 6.846289690962437677e-10 7.365332717214890280e-09 3.927495432123954600e-09 4.568281416307308462e-10 -9.699011862712894553e-12
1.124072059524654822e-18 1.979750003992285807e-09 1.561397427046345792e-09 -3.323337949760199607e-10 3.580381815590741701e-09 3.655137416541334044e-09 4.305172648867185198e-09 6.161430991787661336e-09 5.770868996428241187e-09 3.433456058379618606e-09 9.774309074095411458e-10 1.973079382311130744e-09 3.953543808817826419e-12
-1.300915055743471310e-19 1.561043810250908523e-09 1.659357711859649958e-09 -4.405953231489798074e-10 1.450538873659104752e-09 3.126598235471460310e-09 4.170135947252179403e-09 7.213638265691721045e-09 3.971946360867826652e-09 3.331755472225667127e-09 4.338553161727218145e-09 6.512693214127524556e-10 8.689663133684203865e-12
-7.490099116347828827e-19 2.891174182747731417e-10 1.927183996530005445e-09 4.182172161038469786e-09 5.983936035345678504e-09 2.313089011616173043e-09 2.273783025775017892e-09 3.980286822589410339e-09 4.673422378999422511e-09 5.972778298900415166e-09 1.910399423926772201e-09 -8.533601582702818221e-10 -1.550921495520169049e-11
2.004954883193684442e-18 3.173446970704897244e-10 -4.364022212318944715e-10 4.441070175994685000e-10 5.580855013004106159e-09 2.490777955719530547e-09 9.569113735362048316e-09 9.626293436903143194e-09 8.601040318540767047e-09 1.015238067019542797e-08 -1.309698201894496494e-09 1.097471354365775264e-09 1.327226519085951085e-11
2.918568361874862082e-20 3.591353736511923414e-09 2.213250359338158610e-10 1.473463880036136743e-09 5.266850533986632478e-09 8.640096830856129160e-09 9.849779366815736969e-09 5.705374876863939447e-09 2.739103217957803311e-10 7.531080065507546642e-09 4.075102989956782297e-09 1.083369050918869303e-09 5.138390474039627305e-12
-3.362679057923873106e-19 1.269487460553565380e-09 2.744005342670887452e-09 -1.153307976342055666e-09 2.290158100043694672e-09 5.248827653669053941e-09 7.624993995732122116e-09 1.366280981550217101e-09 8.954311298917937194e-09 2.611996700830934213e-09 -1.185562764407289523e-09 6.729513979321033408e-10 -4.951090453269319812e-12
1.685129812056286328e-18 1.273853384459700497e-09 5.953303657023126567e-10 4.504850334532408193e-09 3.890439019147894199e-09 1.438336421813133368e-09 5.093826608450513667e-09 2.327962461697152614e-09 3.550656436375080401e-09 1.370713805761303130e-09 9.708920843370296565e-10 3.790555160596139282e-11 6.340534739768724334e-12
2.818084769711367764e-18 -1.646459910141908915e-11 8.354241045141677523e-10 8.807757870715021762e-10 2.716077460965670758e-09 6.298347980284229978e-09 5.754734012552687142e-09 8.273359360561526699e-09 2.242487225896386805e-09 -3.200033896038432038e-09 -2.110065741085741949e-09 3.891630500504095431e-10 5.354391223993796650e-12
8.595894299052745577e-19 2.390425022006588099e-10 1.642200488132269693e-09 1.849857237691597786e-09 1.843071407517210567e-09 5.513955442282912412e-09 3.588009495270185130e-09 5.525711085238772418e-09 -1.557882299094903224e-09 4.607329811163501737e-09 4.556384304857873397e-09 8.814791449884884960e-10 9.007482064886918398e-12
-1.058379483478814495e-18 2.550649123836986340e-09 8.668891702143524985e-10 4.079586021456252322e-09 1.069504688201419302e-09 7.048981059512585022e-09 3.923022673837474565e-09 5.354567086300463776e-09 9.242414644729966111e-09 -5.073476325394739358e-11 1.552886901293056638e-09 9.580583372951873773e-10 -8.360778114657108076e-12
-6.307006138832791263e-19 -1.783670836043192886e-10 1.302065662690386883e-09 8.049234928907011273e-10 2.592526549426523619e-09 5.905788717778547961e-09 6.061827702052123053e-09 2.413539251670686555e-09 2.215467557047744717e-09 -7.820929117986311111e-10 3.547811641983501705e-10 1.928384888902205163e-09 1.562724474293326625e-11
-1.452339191349445158e-18 4.404785181863055771e-10 2.378279197087697173e-09 8.227057646560943868e-10 3.401356004552122041e-09 8.599200387186236911e-09 4.482160934049113996e-09 4.173169045755764485e-12 9.810875135694742253e-10 -4.815600769447174015e-10 8.214545104146207892e-10 1.290261857320051512e-09 1.683488401553887875e-11
1.156683488029404330e-18 7.536863979099434109e-10 2.566519750592946501e-09 1.478958021682837846e-09 4.206395055900572075e-09 3.440379714760016020e-09 4.338792459263745422e-09 4.624128808658507546e-09 6.162323222662987367e-09 6.742501107786887384e-09 -9.147257328270221001e-10 -4.096023183632498196e-10 -4.268848589966515184e-12
3.227809788483757884e-19 5.929206487573521631e-10 2.587001990766491026e-09 1.790109455627221369e-10 1.132056677162103185e-09 4.277136414525766841e-09 6.302321091673482233e-09 8.743966694396059521e-09 1.502799741739494965e-09 2.032362461921911139e-09 6.589410393898053870e-10 -2.391661089716469976e-10 -9.240485146088331915e-13
2.803353370609983235e-21 -1.449325353408060602e-09 9.600474613519477833e-10 9.723346737092993561e-10 2.282687097482277706e-09 4.327646858146768543e-09 5.282856696280380417e-09 4.180749522677082779e-09 1.000096646098920999e-08 8.226365459513573171e-09 2.631265023124418439e-10 3.672852071381656431e-09 2.257879822563824221e-11
-2.889553196871329408e-18 2.638549199628524774e-10 2.298889904285747739e-09 4.807671388688560139e-09 4.689425791288175884e-09 3.128960366221133435e-09 5.340590325368730814e-09 1.208627997533818054e-08 5.185491586630622359e-09 -2.812112964953195467e-11 -2.187462711081322020e-09 -1.874733532432229058e-09 -1.056661143252127054e-11
1.777855110170185442e-19 -3.847101779547103054e-10 2.330322252668227989e-09 3.612588761584507983e-09 7.353025738501706083e-09 4.097589569095178622e-09 3.521105196999615506e-09 6.087081090423628692e-09 4.334197228974469387e-09 3.031417478175745601e-09 1.404712658124996889e-09 2.273908246002319406e-10 -1.315364771472301971e-12
-1.505507870363917046e-18 -5.714795051694227637e-10 6.662869285800542696e-10 2.545570633764908881e-09 5.317103122737780072e-09 3.580199803416165810e-09 5.944719177339020136e-09 1.153490708599388560e-08 -1.425879275682267687e-09 -4.878993886580603557e-10 5.559872170308204913e-10 1.104897375902466839e-09 -1.366483026456162065e-11
-4.341352570908041233e-18 -1.737130850063688812e-10 -3.932489321318799800e-10 1.509354733839824870e-09 4.895370679728460129e-09 6.714062142090591356e-09 7.295061487762899188e-09 5.171878761560363717e-09 4.488307104898716294e-09 4.206106206477955153e-10 6.831857021578027532e-10 -1.444730276088938163e-10 -7.348901639292403911e-12
1.752779669928147434e-18 1.180978505460276586e-10 6.678862949631603680e-10 1.939840961555186746e-09 1.749200098523998301e-09 8.267620868008012168e-09 1.017663213104173515e-08 8.595313884091053002e-09 2.056718830799988152e-09 6.808405476391879725e-09 3.132874916313811105e-10 3.288796268340631526e-10 -7.809666403051237973e-12
-1.464473807347831334e-18 -7.330742170570800953e-10 8.532375046164159736e-10 2.288394889667740017e-09 7.650664161563409045e-09 5.848545296595752854e-09 2.409624919697807136e-09 -1.359863011859349055e-09 3.296428394524046009e-09 5.303145523703297666e-09 -2.475712683622668379e-10 3.463408046354016198e-10 1.670782450677671994e-11
1.994053660192251475e-18 -5.996093439286532880e-10 1.460241980129154580e-09 3.337923306687672333e-09 5.014055217569425060e-09 9.272335045748975242e-09 1.134267652465862845e-08 5.086945834788315229e-09 4.763564212919229132e-09 3.407757367175501115e-09 1.907608827804706651e-09 6.711929584141938372e-10 -1.015213139869012182e-11
8.011521206668442398e-19 1.147443661211505774e-09 1.129614140161819716e-09 3.351756983202805078e-09 4.101796775316677254e-09 3.685146033628075102e-09 5.526672301705668976e-09 3.902903890228461903e-09 -1.677368224876843169e-09 6.402865438202442014e-09 3.055273524563441601e-09 9.698257810038111450e-10 -7.993275303660057276e-13
1.940559480422035834e-18 1.815019565844831179e-10 2.610575090147828075e-09 2.386779275703839793e-09 1.645177906229432313e-09 8.437892892345348160e-09 7.039416908910200879e-09 3.631503816601122079e-09 7.437511451171393565e-09 5.507269309374446911e-09 -6.450235536368671150e-09 -1.795688776432904556e-09 -2.622641292312301894e-12
9.776768965100277755e-19 3.373002334238159516e-10 1.839742857200830753e-09 2.228282901691614727e-09 2.728943143354553029e-09 5.211965390770711973e-09 3.168566219029820605e-09 9.269028979394530053e-09 7.716274745053819073e-09 1.165914643736275513e-09 1.918093699182633763e-09 2.304177818846954073e-09 1.937313436009266487e-11
2.649109893823907947e-18 1.473529619224212264e-09 2.076004638308577627e-09 5.350656647262682724e-10 5.673785237845871552e-09 4.068542527534830542e-09 5.165927033128466529e-09 3.679912663860018293e-09 5.794220024536657967e-09 9.672433093274490178e-09 3.483766807682862287e-09 6.942549131391813510e-10 -4.767488503266710982e-12
3.642451676968368015e-18 3.210130241198540238e-09 2.505843100488177450e-09 3.619889398242870902e-09 -1.040788385329396785e-10 5.827036803021450052e-09 3.834969007671472491e-09 4.367274326257648390e-09 6.029914721418488864e-09 8.235365128830719701e-09 6.314078593948607971e-10 1.636807147655494256e-09 -1.233641664518923281e-11
1.547042295466508367e-18 -7.426327553307718647e-11 2.934383812787484791e-10 -1.052710035404838558e-09 4.676308381157468223e-09 5.159356650777155649e-09 3.814727824473556045e-09 2.232325337735928709e-09 2.029516149456541356e-09 7.036875222182794815e-09 5.614705753063221687e-09 2.505040124408294965e-10 -1.158198312588371210e-11
-2.631572825108899455e-19 1.054428395446866989e-09 6.089548097833591995e-10 1.406734765842717742e-09 2.510824750067267656e-09 6.472221280605867328e-09 8.983461317855487529e-09 7.495372960312526093e-09 3.331419097099107145e-09 8.299417974960933132e-09 3.337873157851608657e-09 1.398229201299347293e-09 4.019526537027334497e-12
-9.153529441727763316e-19 1.455857089364406245e-09 3.251895852434364656e-09 2.427414954815835106e-09 2.615666092784344618e-09 3.426793655444043539e-09 5.681390028657723568e-09 2.547290733058430361e-09 5.388731586686317064e-09 -2.014782585848155206e-09 2.102920440646946961e-10 -4.628196457413775614e-10 3.884086514743328532e-13
-5.220145276445454938e-19 3.570793122373096054e-09 4.724476797079348940e-09 4.479103525037179553e-09 3.491659814287775179e-09 4.045541415418360106e-09 7.414926430524560488e-09 5.897214193768743644e-09 6.585605139024071045e-09 3.620519491919465402e-09 1.795469715699602351e-09 -2.258489544526425930e-10 1.562698723387773759e-12
1.589339753760173430e-18 2.755140067940964402e-09 7.634918834016672729e-10 3.822195309655890682e-09 6.856892459443993268e-09 4.178231080519877853e-09 2.062783111534978159e-09 5.519304360300765912e-09 2.851014935793383484e-09 6.060117904174795140e-09 3.472259857021754773e-12 2.117870471676980968e-09 2.873867998207114505e-12
-7.972774189644228752e-19 -2.553482990706812676e-11 1.085031956887174153e-09 1.290413520906391489e-09 1.411920019463485388e-09 7.818475564621070283e-09 6.758739777298469087e-09 9.688179073577190671e-09 7.158894220268198072e-09 2.699098862047223424e-09 2.650911066394432526e-09 1.377337869920584659e-10 3.977888204035016409e-12
1.641012949073543117e-18 -1.092827296311662867e-09 2.186013318128661738e-09 1.569518586846958627e-09 3.952814553570337679e-09 6.123650152365511652e-09 1.326947148593341912e-09 6.035512057944142729e-09 2.391769754984449157e-09 8.406754992611963660e-09 1.887530304238449561e-09 -4.123779650241751386e-10 1.460521173480666834e-11
-5.171645397074889503e-19 6.440472892438967309e-10 2.471492928496438491e-09 -6.919427382806524631e-10 3.130668172336961235e-09 5.404474089216794658e-09 6.324200356904599251e-09 5.103587434849498625e-09 6.893589650452463107e-09 2.709162133282688964e-09 2.682415689754563062e-09 1.481641628735700586e-10 1.239420151161256314e-11
-4.656092796641645317e-19 -7.101948671359653871e-10 2.734167584557615304e-09 1.028771490215150065e-09 4.382458645887925287e-09 7.985640120158445060e-09 7.818156285817306260e-09 4.225256837135629806e-09 4.576539711448449240e-09 6.890304285459502593e-09 1.750845736299474410e-09 8.644963162686557581e-11 -3.611067278615530851e-12
4.055097772668955839e-18 1.060847080334000572e-09 3.713774660419831141e-09 -6.629850791378457837e-10 8.685428286012953563e-10 5.264134758137779666e-09 8.129189499488134405e-09 3.956754426035027293e-09 4.077073104203511864e-09 3.375378644724382741e-10 -1.910291478580479077e-09 9.306059180844515098e-11 3.836468240423260628e-12
1.493896455330018354e-19 1.920147141540076618e-09 -1.731320963883709094e-10 2.822819857858819177e-09 3.956976659651415470e-09 3.160969255376728847e-09 5.297153834441993757e-09 4.799884495800951997e-09 8.743804765018291411e-09 9.060369003178959219e-09 3.974185617838334524e-09 -1.496226269441046858e-10 -6.393881158947160798e-12
-4.976379005385360041e-19 -3.259096279047476005e-10 3.142468830434785326e-09 2.776736085292752352e-09 6.010601905312108907e-09 7.884464345724173988e-09 6.911196241849394365e-09 1.356958759179489869e-08 7.721471497635222849e-09 4.815496006998128860e-09 2.583880790226502812e-10 9.328786299882148332e-11 -2.542823426887929870e-11
-7.783978347160885369e-19 -1.355328665197724147e-10 -5.448047765609124523e-10 3.928606546487592884e-09 5.080186720205396679e-09 3.364996917430222591e-09 7.061070341885616692e-09 4.261840521826872718e-09 1.632100116205521625e-09 -4.572360907301249051e-09 2.791318721965198245e-09 3.678502069206189904e-10 -1.669615656188355844e-11
-2.642217664069375710e-19 1.707280895863975341e-09 -4.761548293212651828e-10 2.001437775476370608e-09 4.354060826087063815e-09 6.823118707707785485e-09 5.938812315052409091e-09 4.388869229933342938e-09 4.114138847870705651e-09 4.059823462485500987e-09 -2.606078940438385866e-09 9.575680267504866682e-10 -1.073605108226217473e-11
-2.198526425198715463e-19 -1.045286497718299970e-09 3.477430450502775880e-09 4.249713346993004533e-09 -6.041307083636866360e-10 4.521853866550562678e-09 8.244665973419913995e-09 2.128998419118429763e-09 7.136046645483282990e-09 2.421120922754116434e-09 6.208506711532123911e-09 8.253896464152499359e-10 -4.530163025959867859e-12
3.838336624221856370e-19 -1.733471447092686855e-10 1.330827696488609134e-09 1.236689744444884879e-09 2.712827081228738179e-09 4.846232051946280249e-09 5.506282547402597166e-09 6.493416251266910802e-09 3.324189735395636799e-09 -5.579290216893794986e-11 -1.498110851413804252e-09 -7.378083630967650627e-10 3.016859409508787875e-12
-5.320335187326049020e-18 1.157669283874097600e-09 1.021348825355977623e-09 -8.033661830930637003e-11 3.596656604759119153e-09 2.063540807533171824e-09 7.994061506488828306e-09 3.161420678741402674e-09 4.340984049021351538e-09 3.107767932778701503e-09 3.037768643234662164e-09 5.516105665503750629e-10 -7.305147059287046070e-12
-2.535063203512761415e-19 4.979893705050796249e-10 1.850566674859565128e-09 2.561641527850160326e-09 1.039923795604239217e-09 3.055955885812666936e-09 4.629098200102446645e-09 8.871354266309306815e-09 5.935552345752249469e-09 6.975151754990207950e-10 -4.286808770168739889e-10 1.902515795892512315e-09 3.150906198169700708e-12
-7.180774127645842433e-19 7.311548252523714511e-10 3.197999465880791754e-09 6.818567282708591583e-09 4.033725089734462754e-09 5.353350562332042113e-09 -1.011033522435378271e-09 2.279183514364665759e-09 9.407250915444598618e-09 -3.614188583318802978e-10 1.572486637779880881e-10 2.771423932044469592e-10 -2.429478492131174424e-12
4.228628718544031777e-19 -5.287150695392395852e-10 1.217899792263340689e-09 2.578074319299098623e-09 2.015105174782162601e-09 4.957112724450598319e-09 4.136562765271912719e-09 7.553633880684619775e-09 2.800100659642702562e-09 4.294187347900967590e-09 8.944655879278916938e-10 7.547329526927580105e-10 -9.445772243313775653e-12
-1.063141394479390263e-18 9.483562389859911558e-10 3.113828104072958344e-09 5.472529201481533495e-10 5.055050463690681798e-10 5.033179777600746127e-09 8.898341977885944558e-09 6.152505583861841212e-09 7.826242697759162433e-09 5.288752884096074699e-09 3.529743159213865193e-09 -6.257092677697104045e-10 -1.010482134816881975e-11
3.399565770391249445e-20 3.779339564402632134e-11 2.535914967940035514e-09 2.720714832220309531e-09 2.992550653327271325e-09 7.037376228083983255e-09 7.202957707482043651e-09 4.851174984756546359e-09 -1.686008922404745148e-09 6.513936038396467458e-09 1.385861675912034378e-09 -2.171025145324938342e-09 -1.711482740129985880e-13
