-3.317821052469011227e-19 3.339767074288327235e-10 1.843494304203987199e-09 -1.190639364249687679e-10 3.776178630568622544e-09 4.482714378586202534e-09 8.492002054238139971e-09 8.593661698229949709e-09 1.030919598948752155e-08 4.979811990198162247e-09 -2.111044520636218167e-09 3.350781684755605293e-10 5.096542413004326880e-11
1.657676116490193830e-17 8.688063249826399485e-10 4.159948178752609104e-10 4.017895278994751406e-09 3.825690163742582962e-09 2.828451036518292752e-09 6.640363476209309809e-09 8.539283752457146483e-09 5.214496355971793426e-10 2.079494925079047592e-09 -1.533578592525880701e-09 -1.025514560868062312e-10 5.855745992623709620e-11
-7.965667500540300760e-18 -9.042380455244413482e-11 1.527493472128091093e-09 9.675210199962334115e-10 5.904310244464896872e-09 4.644901644859106062e-09 4.924323279637928923e-09 4.832028982697303129e-09 3.741067316518246090e-09 3.019424369397965676e-09 1.318390712192249783e-09 6.452279546121101371e-10 8.704661005032389173e-11
3.070087753440085657e-17 9.661299436898576984e-10 6.592375295703299735e-10 3.731566258331280218e-09 2.660169546040303973e-09 4.656746981194022663e-09 5.269633283309792264e-09 5.795832728283338213e-09 3.448538048172836985e-09 1.558618062585471894e-09 -4.194330593523446722e-10 -1.066766764385735047e-09 -5.353253772166196950e-11
8.742868973377894358e-17 2.646265425942904724e-10 1.665457025309434245e-09 2.891188942835569406e-09 2.566339369345658298e-09 4.437200796039742730e-09 4.913510944569961925e-09 4.735967571937994286e-09 4.578374619719721931e-09 -8.637297296245013724e-10 4.746649336848343741e-09 5.265983406030832910e-10 3.701086193367063237e-11
6.465679900983349036e-16 2.096037666545071612e-09 2.689157486871444552e-09 3.125224719130085607e-09 2.766723618216907688e-09 5.009557470324626119e-09 9.784421210502476055e-09 7.915281740772571684e-09 5.051433075124693700e-09 1.309594397025050283e-10 3.521383069195227214e-09 1.443602734413274114e-09 5.086027218264124143e-11
2.196172225366119607e-16 2.373939010245135914e-10 1.616155305216413147e-10 4.125258698187560713e-10 4.923189641267917212e-09 5.947236245344152166e-09 6.293465308441424404e-09 5.270686231205683656e-09 5.134860463962859537e-09 -3.030341769422907444e-09 3.020617029383585899e-09 8.983050536007463095e-10 -2.904797674830424110e-12
1.043625309279248153e-16 -8.658623117223155583e-10 -5.853237137677554588e-10 9.348392529813529208e-10 4.337934766163562046e-09 7.572554104378785974e-09 5.461428434072487742e-09 5.789028177844630340e-09 1.843073514343820336e-09 4.829307830566356292e-09 1.986120327702464267e-09 -5.911405067474745307e-10 -3.465545145998446031e-11
6.352688950529028792e-17 4.447465902652403111e-09 3.271926026489479175e-09 5.347410474202183048e-09 2.005237044935979906e-09 4.752152973175222706e-09 4.454786817153944046e-09 7.449444072453966952e-09 8.787065758644548417e-09 2.616201202106252571e-09 1.037949759360837214e-09 2.185199332312665084e-10 8.652673752355299000e-11
3.236692777968584029e-17 8.194896287250536086e-11 1.785106224809467722e-09 7.630396373114380291e-09 3.256484157253451653e-09 5.625789527830677943e-09 -8.227704107875329251e-10 7.864381503737836611e-09 1.827904226759212538e-09 4.021381132423307797e-09 4.335405508569715881e-09 4.343070621088836397e-10 6.617451908797727121e-12
-3.726447528528550882e-17 9.335592570661744584e-10 6.112818670029376348e-10 1.261569815526617010e-09 1.820406832322314808e-09 4.905115781934047465e-09 5.733914034825725026e-09 8.845390790533929988e-09 7.886444755459357898e-09 2.526792552381776519e-09 4.620109818563979826e-09 6.202547094260373596e-10 -4.043817878545437161e-11
-2.822170533990183954e-16 -6.090527290961039097e-10 2.539833067155562171e-09 2.782879706281886385e-09 5.380893673019536001e-09 7.843862965619923598e-09 4.471705141175137363e-09 3.567301098628347410e-09 3.114096534945077070e-09 -2.669905864024566723e-09 1.522238637534870097e-09 4.549772282215428962e-10 -5.475303900658998128e-12
-5.828236648911558595e-17 8.485272206276923470e-13 1.027947330377015118e-09 1.079692617513953682e-10 1.281843796294408247e-09 1.448609634589434024e-09 7.818610948249213962e-09 7.927688221168440056e-09 5.409736964934735035e-09 -8.286917332439960974e-10 1.540635143669546934e-09 4.771833830290926611e-10 4.207508374723323496e-11
-8.497919393035879676e-17 -3.717477773194992339e-11 1.987044252413073933e-09 6.737103714256005359e-10 3.734995823020596436e-09 5.889960065390734869e-09 3.825239844368332571e-09 6.297826595823500265e-09 2.159517176804056031e-09 -2.834372083350572171e-09 6.485125304022578720e-11 1.410404228700068331e-09 3.531661195962766301e-13
-3.271298051088927824e-17 -2.580276841471298600e-10 1.446684461313154007e-09 2.968821945689832204e-09 2.939142382405291191e-09 4.582413403682280055e-09 4.140818346989671032e-09 4.354370500286298256e-09 1.229604526134567389e-08 6.221411026593461542e-09 -3.576780139302655240e-09 -5.075013123782594578e-11 8.488256948444919390e-11
-4.959090716744224271e-17 -2.031852643175501697e-10 1.213924293045642634e-10 2.411617942690632744e-09 3.003250228062824003e-09 6.197175956325230784e-09 3.688205054172239555e-09 5.594852949385729969e-09 9.680622739434453947e-09 9.444124601913113322e-09 2.768521673212029653e-09 -8.826890755880188063e-11 3.315362541465262137e-11
2.674628230176088851e-18 1.401295843614764995e-09 1.914787532462848094e-09 1.105026239794945710e-09 3.257507541487162851e-09 4.822055205793474900e-09 3.690268035859920784e-09 6.126854187051621459e-09 6.226057062089344529e-09 3.853717517456063020e-09 1.202589062272889748e-10 3.111796415232640620e-10 -2.188339113827059585e-11
-5.034490420004576909e-17 -1.542222265258612211e-10 7.839939826810070804e-10 1.521665703668217061e-09 2.202882810387618544e-09 5.959531046500521759e-09 8.900052131674617087e-09 6.095928624468604736e-09 2.573452404865374599e-09 4.495641322342363410e-09 6.883087990767119441e-09 -2.857643163042418978e-12 -2.940191293811948674e-11
-2.954186406378346307e-17 8.918561487961447793e-10 4.801979575347613414e-10 1.097279282702868132e-09 2.178721255894586740e-09 5.800177624108601004e-09 9.084992128359883086e-09 7.613405822581436994e-10 8.190749560842897638e-09 6.427328502503622505e-09 2.707899682497886872e-09 6.342837215105418472e-10 -1.654651389117441036e-11
-5.319666943900113799e-18 2.710720728363767749e-10 4.151631084730682233e-09 4.308088772496146807e-09 1.114605971300100839e-09 9.053940015587917202e-10 5.644572981292427643e-09 5.203469342098553470e-09 5.007153224328691872e-09 1.160939727069460350e-09 1.469294874596592807e-09 8.548955839821164062e-10 2.537930971892868683e-11
9.137670483870631066e-18 1.649354451977028116e-09 1.478666550788943526e-09 3.904659025224198347e-09 2.504849884278739342e-09 1.988286313755494144e-09 6.616600976177913860e-09 8.882510851862736117e-10 8.115196669135240066e-10 5.184861585407329118e-09 6.288214562314823779e-09 1.827438142817439862e-09 -1.506447041484395618e-11
-7.916640505814612253e-19 5.500112704768295851e-09 3.200591150722922729e-09 2.802643471953550076e-09 5.383247101003382803e-09 2.758000971120768279e-09 4.962013880943459694e-09 8.501545639500774050e-09 8.165768301631240591e-09 3.550945865149092803e-09 2.557319580822219809e-09 5.017023190067103842e-10 7.866210569662873522e-11
-2.748401099738686620e-16 1.568530636194904784e-09 1.782150719168003950e-09 1.065272925963902696e-09 2.495696971704474226e-09 6.564015522943779197e-09 6.934060686964171788e-09 6.527417190411745155e-09 5.549453951262333572e-09 4.978903379451834443e-09 3.263570130468994545e-09 1.116914290360849354e-10 4.675607271855366099e-11
-1.243892887848087001e-17 1.837161310235074738e-09 3.526519523028882669e-10 2.930742404864453238e-09 6.128260500026175143e-09 4.805135706345142097e-09 8.046853713686942890e-09 7.524681603298022669e-09 3.062367710935380363e-09 9.027827652080098383e-10 -2.983286831597634095e-09 -2.626327415789733351e-10 -2.918946506933386491e-11
8.205067874095461089e-17 -1.134320496097142483e-09 -1.305343540971071590e-09 6.959172345833338219e-10 5.532876803594073539e-09 4.252047577005195475e-09 6.071987185110244161e-09 4.005503822433324580e-09 1.915975320370132793e-09 2.631220961550694064e-09 4.322651637691552348e-09 -1.297778272409478727e-10 7.268513157706295593e-12
1.696048126507612104e-16 5.102674458700434876e-10 1.409300308843491301e-09 1.696870544073708676e-09 4.692889602538403671e-09 4.408508169575619976e-09 2.479456659042988890e-09 6.217897071145856680e-09 2.740719043475097306e-09 3.766075235943092457e-09 5.436104636549234369e-09 6.964795465026592969e-10 -2.559305306687376276e-11
-1.560177406665736664e-16 2.501093758176848803e-11 4.181968944621632739e-10 3.553289411278181297e-09 2.590163412344218036e-09 2.382752897896689766e-09 7.451117062833202729e-09 9.129014691353080643e-09 5.473162873353729258e-09 2.584096478026772058e-09 7.962179365066776085e-10 -1.887848796407284401e-10 1.080006467131072491e-10
3.006225910576802657e-16 2.061677259113242638e-10 -6.210394476851850881e-10 -5.423534613239169431e-10 5.252285498336798363e-09 1.251794310524893708e-09 3.987425556313399343e-09 6.733485792125872518e-09 6.127982728748815011e-09 5.564243694437203918e-09 3.840367912891670022e-09 -1.386357592664380935e-10 7.517938593332789859e-11
7.121384410130334128e-17 1.417568950941885513e-09 1.327856599614696743e-09 7.880012843796674847e-10 3.594505358648471911e-09 5.039910428842553335e-09 4.550741598149623478e-09 5.978753122755607970e-09 4.489650182952160949e-09 3.166044543640719576e-09 -2.844272394657623906e-09 3.339086388303206831e-11 1.975965948317348749e-11
-7.761833743134598578e-17 -1.688415777459089875e-10 2.004754209189341563e-09 2.216879737657228856e-09 3.938540183203857356e-09 6.907655424226932196e-09 7.472224627426757559e-09 4.027362731596013972e-09 2.261201922735985365e-09 1.846312908527100430e-09 -6.181086305721184846e-10 -1.298922614724988362e-09 4.767041063066011480e-11
6.808944302183607636e-17 1.389391685272505819e-09 2.215066665877023843e-09 2.413487040695333145e-09 3.073371893744890289e-09 3.904914437155646241e-09 8.175911032329912171e-09 5.918297587259843805e-09 5.117536031836045229e-09 3.403423805154773467e-09 4.026755606757609935e-09 1.557859261104860436e-09 2.507483375446233632e-11
4.140418623219106731e-17 -2.480805386845772840e-10 1.465165687374145440e-10 7.668577638250729142e-10 2.388769642046756126e-09 5.716504502226306208e-09 9.297440943103404384e-09 9.856583049466316754e-09 3.837968578803388548e-09 4.860180209860308392e-10 -7.312617583489920600e-10 -8.721202833443128159e-10 -3.797366105964893682e-11
-1.367076095282938142e-17 7.913590972999380007e-10 1.068203738497056673e-09 1.408730649807952758e-10 1.669681345409990894e-09 3.473271820672725915e-09 4.053583276360130792e-09 8.627452288301118764e-09 5.683074622335156310e-09 8.401288226949815149e-09 2.289392425689527666e-10 1.172927268114951999e-10 -7.691835909249006974e-11
3.603063514577875872e-17 3.455617780556049151e-10 7.465810021726305440e-10 2.222907320604633234e-09 3.085582803856154790e-09 8.317048370109631536e-09 6.946844005590774798e-09 8.915845315931929279e-09 6.416426178795026854e-09 2.955532566025853037e-09 6.875234324277572073e-09 1.649772366109566498e-09 2.683814640048584970e-11
-1.360859585913018284e-17 5.046814334632954365e-10 1.032233839384757335e-09 1.399688217236011845e-09 1.889656966731444420e-09 7.196623429657730125e-09 9.171565325366020968e-09 4.922392532291380353e-09 6.576938579153212435e-09 4.197655001182476831e-09 -5.659625025836771868e-10 -1.110455803356830902e-10 2.218678931863260298e-11
2.216617948604954490e-17 1.299452279744670353e-09 2.885802079669799698e-09 2.369985065703220402e-09 3.815917611353482647e-09 5.784216056806751894e-09 5.709523336950480320e-09 5.040967002324199357e-09 6.223504450746843215e-09 3.506085226006006272e-09 3.311596977598346241e-09 6.279842757784309865e-10 -4.549630614877910710e-11
-3.384823757981835610e-16 1.394662854156868523e-10 8.875093382239504001e-10 2.682895205252866582e-09 3.235596200054324572e-09 4.439339433962642060e-09 6.017845301321938025e-09 9.466367740983495537e-09 2.134693084516160748e-09 1.462202383143758679e-10 1.198098511736943018e-09 2.061491938905966983e-10 -1.554004710185174089e-11
-3.321933951203734419e-17 -4.767979139566897749e-10 2.520897761754470552e-09 2.060228525886197854e-09 3.447887793075475354e-09 3.327188396917635392e-09 4.602638414396644754e-09 4.151375262464019431e-09 7.496657819776448493e-09 3.770975654610257228e-09 1.105658988752174817e-10 -2.476545448762235874e-10 3.518812574291827070e-12
-1.725878177976188870e-17 7.860323054884389377e-10 2.479479321297137150e-09 3.912237276236190495e-09 4.754116681755773790e-09 3.748878771256450215e-09 8.872513300502426007e-09 7.236827898680687736e-09 4.209369334248869078e-09 1.634178001258795618e-09 3.638032851377683142e-09 -1.025451567053460390e-10 -3.083401891549349524e-11
-2.463365870357004128e-17 8.348922629832486293e-10 2.481953497541458721e-09 1.723265752693038143e-09 1.133658321753029142e-09 3.103293179896032541e-09 8.264055366826639402e-09 6.493148204157937401e-09 -3.243888798679274613e-10 8.580865007629306015e-09 5.168598401909925318e-09 2.841468917401733526e-10 5.603367528166269638e-12
-1.866526981610563415e-17 1.504678835571952690e-09 1.324903056355539031e-09 3.846028195699461576e-09 2.024438376756960975e-09 1.965432652030288263e-09 5.815178272126591729e-09 1.060264021155814193e-08 5.470955918916691512e-09 2.174171391145671554e-09 8.489635518872079427e-10 -6.263950216663631739e-10 -5.272390139968536434e-11
3.936761641056922618e-17 1.315406283278282496e-09 1.330085650933356858e-09 4.176903319699712989e-09 3.103647920079315421e-09 5.284436729666195519e-09 9.077397056967209117e-09 8.158463203481103330e-09 4.834441850029468182e-09 3.863284544640616703e-09 3.386509424181354594e-09 7.316295238095809496e-10 -7.936517916041137058e-11
3.313026604113542123e-17 2.934152609987270197e-09 1.448313748349503458e-09 2.985904853484200435e-10 2.036669343926121080e-09 2.009593586639688727e-09 8.771387472378046181e-09 8.229592514856748497e-09 8.730520697182541743e-09 1.168759188675729453e-09 1.814844380154616374e-09 3.306463435192237058e-10 -6.306678254252855639e-11
1.401294188286165427e-17 1.229858249074716998e-09 2.857365964689655632e-10 1.063460803047460569e-09 1.122430795412930573e-09 3.639025710792672408e-09 7.502658295129760417e-09 8.430126404649746640e-09 2.815724853072833046e-09 -2.763964242112892982e-09 -5.788667885584237063e-10 9.296549205229039685e-10 5.891440420941947668e-12
-1.607731631406711050e-17 2.668317080676832641e-09 2.327603723500764561e-09 1.458514904469975745e-09 3.500839568799817208e-09 2.919746734299243198e-09 3.339771452241451821e-09 7.656423508709982095e-09 6.572132321823524339e-09 3.450754277260117187e-09 -1.149546836038851261e-09 2.351593695682013581e-10 1.485990506275811652e-11
-3.037123890493310510e-19 4.397809100335546599e-10 3.203130665132864073e-09 2.763026695394597394e-09 5.595614232642128923e-10 4.038678498096662263e-09 2.828190467525718488e-09 1.419818840984290094e-09 3.464045535894996508e-09 3.923767142198031126e-09 -1.575166184980039836e-09 -1.026328671106403267e-09 6.116263634765466215e-11
-6.628284477821167738e-17 1.550283668175985435e-09 5.417633083824027749e-10 1.123886696498223021e-09 3.408682852846297405e-09 7.931033314486573588e-09 5.280506529747166918e-09 1.086812204972707355e-08 8.469013604545506988e-09 3.664990223979157635e-09 3.001294040194891082e-09 -4.823029677831561392e-10 -4.037774847363249638e-11
-1.987578369170965027e-17 1.179519995606621955e-09 2.348669301866067041e-09 3.775960230561112435e-09 2.743373972319561999e-09 5.145191056728757372e-09 6.389146519419131661e-09 2.189427667203380226e-09 3.937619309028589201e-09 5.582903075447131211e-09 2.492691082143768688e-09 3.312721043869263556e-10 8.661826063361005360e-13
1.904343093807500153e-16 7.259028745425110191e-11 5.297042187563730560e-10 1.481222992641733284e-09 1.472857040706847822e-09 3.786425828765310883e-09 6.989526584461100044e-09 5.528723964147166546e-09 3.573668512497476548e-09 3.970563578784787939e-09 3.588056784645798122e-09 9.227897397413066615e-10 4.417324747773775050e-11
-2.856114706589656655e-17 9.692938004764037564e-10 2.392994341016210742e-09 3.657812207825906646e-09 4.523387855556651698e-09 2.105739975958436600e-09 9.681600432157976698e-09 3.820209337504350949e-09 3.937072205591208040e-09 1.681383329694815627e-09 3.736812908277232986e-09 -3.637299584038352963e-10 1.072217985841573007e-11
