# Cls sims
3.374621423771558463e-12 3.059784554702588744e-13 1.846797078022359322e-13 1.368703029765912821e-13 9.353338357006064908e-14 5.306975668615274366e-14 2.537646319913276181e-14 1.176170281046646734e-14 8.101796065482867229e-15 8.142529686058612147e-15 1.802635212922190187e-15 1.575869892640389985e-18 6.745308489562068228e-19 4.003363000216124365e-19 2.771172097234728369e-19
3.446912727430127654e-12 2.948741662266138173e-13 1.855642471325109545e-13 1.403454560915056819e-13 9.064360258052930424e-14 5.229209787356103156e-14 2.493929869010699225e-14 1.177509420925071885e-14 8.303610779722969311e-15 8.179896284913908585e-15 1.793662514763990549e-15 1.490395394147497983e-18 5.804935194202390166e-19 3.478341988812583624e-19 2.445657759352976917e-19
3.901306068066750850e-12 2.881178053319468359e-13 1.897008976383936502e-13 1.374285447030518831e-13 9.201961810720203314e-14 5.272857236514789603e-14 2.513511662226282808e-14 1.174162976822460926e-14 8.264665974999724870e-15 8.274259567880574262e-15 1.760035599363864837e-15 1.464900783453716888e-18 6.217708565238784287e-19 3.638868115374158620e-19 2.453402269200901818e-19
2.886661205766335854e-12 2.907430213236383387e-13 1.875090664826746092e-13 1.385223631005022772e-13 9.179499056867499944e-14 5.333963607642025554e-14 2.535272680458329632e-14 1.176173232199095151e-14 8.192861133293513376e-15 8.145425970290547179e-15 1.803023370085517299e-15 1.423567169342596926e-18 6.010117902571078862e-19 3.524873681788447961e-19 2.426296862781529816e-19
3.193234539380294532e-12 2.995233783118677454e-13 1.865878365527858116e-13 1.381144764797917973e-13 9.202335443969037911e-14 5.230047890946034262e-14 2.535264589362671765e-14 1.168229328836480746e-14 8.306462642783524894e-15 8.121908956032483699e-15 1.791902911804333206e-15 1.461992628746059448e-18 6.373350936006344349e-19 3.665589432227380459e-19 2.577587028612244890e-19
4.178657444567869405e-12 2.918365928794760110e-13 1.864994106623485739e-13 1.370088313335026769e-13 9.334762359238799693e-14 5.283267678844694098e-14 2.517513988836345669e-14 1.173791154404840535e-14 8.274560500245171666e-15 8.175688967751829566e-15 1.786107351265727944e-15 1.490268622629959839e-18 6.103087216885805095e-19 3.564786213915174482e-19 2.489795209238021428e-19
2.826923570344031642e-12 2.917837375053581769e-13 1.911145559725239047e-13 1.386369360534914329e-13 9.413220151683581579e-14 5.222741145129258894e-14 2.501991832611646381e-14 1.174435201040849077e-14 8.179155941167787192e-15 8.241004089429276939e-15 1.809131737731854461e-15 1.503262838057815357e-18 6.408071960541413457e-19 3.851626317642341807e-19 2.665425988557916066e-19
2.760393976072152884e-12 2.943298181015776569e-13 1.865407752926119346e-13 1.401824432549789136e-13 9.253030279268120756e-14 5.224053712260190740e-14 2.516573502579228642e-14 1.192078500802611727e-14 8.182523109677432920e-15 8.315401455506974006e-15 1.778167888185604777e-15 1.508527387885836067e-18 6.399294818303273970e-19 3.709344132147170518e-19 2.541172458276681271e-19
4.471117626675711894e-12 2.941576855917337660e-13 1.893203827022797121e-13 1.381532151749705403e-13 9.296318315026575016e-14 5.297592854893916631e-14 2.501741459831296924e-14 1.190382108608081283e-14 8.211184150935598781e-15 8.177866898059179976e-15 1.764617244216395837e-15 1.558159737400083207e-18 6.449104225301861753e-19 3.858892883131740032e-19 2.665464627120264485e-19
3.288319937514848288e-12 2.920198400534145219e-13 1.889292742561341752e-13 1.372759492040189815e-13 9.073606470255212774e-14 5.264323965697647043e-14 2.524878512905226478e-14 1.179504286725740865e-14 8.269710117173692033e-15 8.176714657283515905e-15 1.797155999055998681e-15 1.424843591197017858e-18 6.020987737711929453e-19 3.508312636501437005e-19 2.486780048347392915e-19
3.869889073119832254e-12 3.025082695484921276e-13 1.844828978648274175e-13 1.373178049725945679e-13 9.250151075529923116e-14 5.275545471664703045e-14 2.489665027033748922e-14 1.167581197735272513e-14 8.137225307930286104e-15 8.265902770225235533e-15 1.804036176728800825e-15 1.465017573478538412e-18 6.107547906586127945e-19 3.457942975752985936e-19 2.387467892373485555e-19
3.508111146136950561e-12 2.971105226096769719e-13 1.943481405858397954e-13 1.399213933307923683e-13 9.251846811193829388e-14 5.318569909438711560e-14 2.489804065149480392e-14 1.178174713323803807e-14 8.239053275842576655e-15 8.215258684950859825e-15 1.791877264943941907e-15 1.454788166918091318e-18 6.216704493219205819e-19 3.544027401902842287e-19 2.478659361796101295e-19
2.818632525780170177e-12 2.832743564033419928e-13 1.882281252479829060e-13 1.383297279656079625e-13 9.195116986384218454e-14 5.186006833628254319e-14 2.464598611528432625e-14 1.181133534824224751e-14 8.152314369740152508e-15 8.251831497536530520e-15 1.768817615999763905e-15 1.513809187394688060e-18 6.251703226869500070e-19 3.597595310771068327e-19 2.500684900376494830e-19
3.485180129650432396e-12 2.975822797035145918e-13 1.945940762467713725e-13 1.383909868716457768e-13 9.182015363494187222e-14 5.178452711327621694e-14 2.518654744994247259e-14 1.180151770231968547e-14 8.205890211033578644e-15 8.281314769825564305e-15 1.787839753394167843e-15 1.529523727646400770e-18 6.411418498812999927e-19 3.737603760466133338e-19 2.567860250891212602e-19
3.448227800226407656e-12 2.992167756733356387e-13 1.857822265367203689e-13 1.376785034358814689e-13 9.289151313125228794e-14 5.202914157005199079e-14 2.496166579433269858e-14 1.164404085553260774e-14 8.191677276670036994e-15 8.221042900613426365e-15 1.763184183813481829e-15 1.563569726872649990e-18 6.501925479748486795e-19 3.792678424050852543e-19 2.594687848534199073e-19
2.881158694786971536e-12 2.951735657593304983e-13 1.869071309641476235e-13 1.371550547567134855e-13 9.097794350883913154e-14 5.290404897632419262e-14 2.473194393986356433e-14 1.181308314046343614e-14 8.188394517196231848e-15 8.199973791897043940e-15 1.817646218615040052e-15 1.504318786752603803e-18 6.490192649180990964e-19 3.680258542488366726e-19 2.540194948572926637e-19
3.546695440040138390e-12 2.950750091786363271e-13 1.877900194632668878e-13 1.399214691005901207e-13 9.209727585819624891e-14 5.297977309873397141e-14 2.469038013409164112e-14 1.167278880653618465e-14 8.230159195284359659e-15 8.291872655471020853e-15 1.798603649800112717e-15 1.558223790817319610e-18 6.726553526043697814e-19 3.815077926686837542e-19 2.685868640029661753e-19
2.764539085888750849e-12 2.963633900995057478e-13 1.886101243069067709e-13 1.395711662820090996e-13 9.295134545187717346e-14 5.182886747099839703e-14 2.494952906573995067e-14 1.183509025291538886e-14 8.184618576670067762e-15 8.330423400896692238e-15 1.794090796998802139e-15 1.586418482034452192e-18 6.345348938122172381e-19 3.791210656542955175e-19 2.649572987404664905e-19
3.592712105726209435e-12 2.930808694281786926e-13 1.895446591040014464e-13 1.361968682285516579e-13 9.141686636554981262e-14 5.310608482206884298e-14 2.503748289022550083e-14 1.179678573858849801e-14 8.348576852863583468e-15 8.265120309998115047e-15 1.797233189170477689e-15 1.587386353814269901e-18 6.600913780620992171e-19 3.761506616265741703e-19 2.655598663777211265e-19
3.084522472607681872e-12 2.861186401719868629e-13 1.867228174885048823e-13 1.362511995315184660e-13 9.174280521314265814e-14 5.242648920919381235e-14 2.506670614793927653e-14 1.167503492831302866e-14 8.085765257761036546e-15 8.244507344672199913e-15 1.827098859158937266e-15 1.492337670617561709e-18 6.211136881632591430e-19 3.655807685101508413e-19 2.487396962119861884e-19
3.003221944389184746e-12 2.972926073956762772e-13 1.843042558174556412e-13 1.374986635921147438e-13 9.077770300314004125e-14 5.217627878620591441e-14 2.546378063021043858e-14 1.169870225678155967e-14 8.260223019030286614e-15 8.187868256951574612e-15 1.767105549777977708e-15 1.514965953462378740e-18 6.153333229809249358e-19 3.555928647442742403e-19 2.475148811932932250e-19
5.164787139657815548e-12 2.962697727134468876e-13 1.851300332727393331e-13 1.380374577992067291e-13 9.224465945975971658e-14 5.177547619786427747e-14 2.501397404761978709e-14 1.167535534671428281e-14 8.173851434909348664e-15 8.236515576411459892e-15 1.770099171012409749e-15 1.656171830167485302e-18 6.791478582846057993e-19 3.983976067344166000e-19 2.760774282277517488e-19
3.083750914398959283e-12 2.984938442233308015e-13 1.869129512944312770e-13 1.403297813993602669e-13 9.193082696496405112e-14 5.278685216022525475e-14 2.483987862632067335e-14 1.192076222946705628e-14 8.262813503653057885e-15 8.263334319596745471e-15 1.795396340858483613e-15 1.644795903165534822e-18 6.631622543662791485e-19 3.895061504302534524e-19 2.661206285394260166e-19
3.561068869863225409e-12 2.975719466718969949e-13 1.831802708273736725e-13 1.389589493003873040e-13 9.214397936637807511e-14 5.225540562733682298e-14 2.496730693336450792e-14 1.172483632102609633e-14 8.214528634765582130e-15 8.164837483693528822e-15 1.781438465119330094e-15 1.419360723816498450e-18 5.674013243481860057e-19 3.337852035815441335e-19 2.329223150189205651e-19
3.895364513544619106e-12 2.867002066371554618e-13 1.865482432583053896e-13 1.392858305739299695e-13 9.283555428899523339e-14 5.190768079740866535e-14 2.475675102572587236e-14 1.197701587122670777e-14 8.174635180142848436e-15 8.219175015942761046e-15 1.806682076985877679e-15 1.463339975166476191e-18 6.477220322720635865e-19 3.762051233600438540e-19 2.597627363623418066e-19
3.174477371133508329e-12 2.922468722222040168e-13 1.916875990763146043e-13 1.380647755146640367e-13 9.252135392702337597e-14 5.256363273931476194e-14 2.496325700125775572e-14 1.180152575692611895e-14 8.078167857019406282e-15 8.185620520733033793e-15 1.776325591666946928e-15 1.536323567903912922e-18 6.254007941007563972e-19 3.658182148741804588e-19 2.545716988186335940e-19
2.699854143635518911e-12 2.890408697122269301e-13 1.824834573822794181e-13 1.405485708319132826e-13 9.344618542011780299e-14 5.246967844986233012e-14 2.498074233565541493e-14 1.186744169328971318e-14 8.135111475555977630e-15 8.360811568427013705e-15 1.764457774336371243e-15 1.347448541961850844e-18 5.648533849150043731e-19 3.323583772849612863e-19 2.305178210492333238e-19
3.469108405141518643e-12 2.883580631700650541e-13 1.878228949819019824e-13 1.381426295964804547e-13 9.179129608120791599e-14 5.211765434425224975e-14 2.502754299817779666e-14 1.180359324874078155e-14 8.238202539376627885e-15 8.213019314127359319e-15 1.793331645397050648e-15 1.380817880139193776e-18 5.496819896211879658e-19 3.266589453049258361e-19 2.260520386316125811e-19
3.176258257636261045e-12 2.996452017160847279e-13 1.869380635048834353e-13 1.396722039997902580e-13 9.157423309037050082e-14 5.170860982749465423e-14 2.504183898101506841e-14 1.180765122189084502e-14 8.232031184524512077e-15 8.242126709537893450e-15 1.807017187379453020e-15 1.373761681904722540e-18 5.729943476454429817e-19 3.378220084641102306e-19 2.304698784400000770e-19
3.105631099870351752e-12 2.949638129879574147e-13 1.842102561190200861e-13 1.359805866981458898e-13 9.099410853868755718e-14 5.220717710410662624e-14 2.466484307359594641e-14 1.178820200533786022e-14 8.213722358397758075e-15 8.153654983039594825e-15 1.765028015264508385e-15 1.559511787607732348e-18 6.266834402340882841e-19 3.628569747712754552e-19 2.508580846297856099e-19
4.035419481384266689e-12 2.953731234664158979e-13 1.862752896814760582e-13 1.383413653912463773e-13 9.220436453654395704e-14 5.208383231106992583e-14 2.523210456067025715e-14 1.178112174956554877e-14 8.250743197955939766e-15 8.063818579119116507e-15 1.792433194167606235e-15 1.537516140546150547e-18 6.148412240572090237e-19 3.577801573284873973e-19 2.499114541589733677e-19
4.466923319492438030e-12 3.025136271667170811e-13 1.868750959918451793e-13 1.393218408439544490e-13 9.350023265441748843e-14 5.263552047398867374e-14 2.516849939184404949e-14 1.162424815319087989e-14 8.271573410741962928e-15 8.225155060055898513e-15 1.758004400700087396e-15 1.423478364070702839e-18 5.959870984045545944e-19 3.449563691144877147e-19 2.461262859339015015e-19
2.375624641587791464e-12 2.941835072436118046e-13 1.861568507933303620e-13 1.361730459843784172e-13 9.171302879846114562e-14 5.264815014452386186e-14 2.476619623304971406e-14 1.178976704372079540e-14 8.241709657997181193e-15 8.254373986683943640e-15 1.794951261339307020e-15 1.410737452180808772e-18 6.068120438738297104e-19 3.552298004334407199e-19 2.451139652024899747e-19
3.408682503003356894e-12 2.865262414936762034e-13 1.893976495143616891e-13 1.363075623279898598e-13 9.117927955185901194e-14 5.283327197334381411e-14 2.480753734054479570e-14 1.171661514327896972e-14 8.215025793174226068e-15 8.259838919833450879e-15 1.767663724639601532e-15 1.318398890676201366e-18 5.385679823545826553e-19 3.114785157718173524e-19 2.182206713869820799e-19
2.706471262946516981e-12 2.922498361450463991e-13 1.853784596225435251e-13 1.392581233725631730e-13 9.282270262732388415e-14 5.268699571304954102e-14 2.495486061470341993e-14 1.162443710682071517e-14 8.279561166837980994e-15 8.230570923083586064e-15 1.782393756817886837e-15 1.428189511749850107e-18 5.894434667026977887e-19 3.501384868144911378e-19 2.374375269721995257e-19
4.051020588406131705e-12 2.937266545093756004e-13 1.850270963179625810e-13 1.380544444277587884e-13 9.283000963752912235e-14 5.210518849457483633e-14 2.510042998398931369e-14 1.184401554146825586e-14 8.125956253255925464e-15 8.161439073302056296e-15 1.859772365286036441e-15 1.713313309910743879e-18 7.305652389288920595e-19 4.234192554880125237e-19 2.884623844563592356e-19
2.920805695211707800e-12 2.952991785726608619e-13 1.888241063077147751e-13 1.366076960990648963e-13 9.261250927966211386e-14 5.234847686013541780e-14 2.514056893887290315e-14 1.190596895763680136e-14 8.228847980085292391e-15 8.252419712676175271e-15 1.762174239003947955e-15 1.363548239168030968e-18 5.674246892703455668e-19 3.340331583842829731e-19 2.291516698261082660e-19
2.818516733486136900e-12 3.004302878034580816e-13 1.890368405570936558e-13 1.382374239916295764e-13 9.253690585337988036e-14 5.293630911122590551e-14 2.501317745129284480e-14 1.173079849402395808e-14 8.313813998900284674e-15 8.234834289374883504e-15 1.765438499352738860e-15 1.339827036230462670e-18 5.608091567252550314e-19 3.297857298502445293e-19 2.278783556009928467e-19
3.034665780624831414e-12 2.946605932296067301e-13 1.923581980447789348e-13 1.356653784638573088e-13 9.213575113756319341e-14 5.252288215868317503e-14 2.515861105583020531e-14 1.183525455629258641e-14 8.208040991324561924e-15 8.246041857511751899e-15 1.780515486710120293e-15 1.551073796412150532e-18 6.625178954647294408e-19 3.773482333481704484e-19 2.686688543152818563e-19
3.140315501538426611e-12 2.956671537930619040e-13 1.865649729592886399e-13 1.384400187393049137e-13 9.146698958980442064e-14 5.279951143279378648e-14 2.519654829420503320e-14 1.168004027019014814e-14 8.271532047317048713e-15 8.257507452878667052e-15 1.773605314766404379e-15 1.489293169926536752e-18 6.135327220312384437e-19 3.582935276343111048e-19 2.504764630780241431e-19
4.100138471126410797e-12 3.022414057670947822e-13 1.823669543808895000e-13 1.377329156307782248e-13 9.292286750696016518e-14 5.248297843937115262e-14 2.474455778071151498e-14 1.173546283228707369e-14 8.119271250929891550e-15 8.248048624597841707e-15 1.838821545576767651e-15 1.481729509010477136e-18 6.186301602570146228e-19 3.598107376397233289e-19 2.488343702165981789e-19
3.390710038438494788e-12 2.975555571763225871e-13 1.870179161156164553e-13 1.354560228650560154e-13 9.159814062988487457e-14 5.215131272088574652e-14 2.504101828509120051e-14 1.172809611649669684e-14 8.267400812084416684e-15 8.163166578816504625e-15 1.783647780935103202e-15 1.513302157587706091e-18 6.145620080867518570e-19 3.638139135001325010e-19 2.481141266171518000e-19
4.043401422047268471e-12 2.893827352061846818e-13 1.873820765314877371e-13 1.405800358903822730e-13 9.300541323470054461e-14 5.282859264955636349e-14 2.482313072944563725e-14 1.181937845864647903e-14 8.246190374503393053e-15 8.258970818794579542e-15 1.756338381773483910e-15 1.704135858161305665e-18 7.067442478548097009e-19 4.136866169243887765e-19 2.881610527622542585e-19
2.869051860639651862e-12 2.933476901691950449e-13 1.895251895555863322e-13 1.392561824479330920e-13 9.264763789634433104e-14 5.250921418274418320e-14 2.500903324170912341e-14 1.170196678197225413e-14 8.270349326752703878e-15 8.304100883292031752e-15 1.770059533262600414e-15 1.465386613300474885e-18 6.110669004992194995e-19 3.610497019899083829e-19 2.532589320969468780e-19
3.840406975277675466e-12 2.885116455694500865e-13 1.907971979256947220e-13 1.399021692571364157e-13 9.140519701755851541e-14 5.245032466332403408e-14 2.493083513349811251e-14 1.169797552174133160e-14 8.230916479225834673e-15 8.196934075623218765e-15 1.754324997920098374e-15 1.534368404916878384e-18 6.301205306049587450e-19 3.622797432142701622e-19 2.578845916385378587e-19
4.263448640244506911e-12 2.866490940205595776e-13 1.896209356099725140e-13 1.357731037032644120e-13 9.264725219238793172e-14 5.232398893535387694e-14 2.487803826629917441e-14 1.176150300561215623e-14 8.262537437340546382e-15 8.212080409640509619e-15 1.813627355790794336e-15 1.492959732780999997e-18 6.508319211969309377e-19 3.696400367337872356e-19 2.589248978625261243e-19
3.878017739104168543e-12 2.907510788467665454e-13 1.861594892313475805e-13 1.378579970404451951e-13 9.196880894189086944e-14 5.222775907637657396e-14 2.545270125374294244e-14 1.164064808443777635e-14 8.180489433856344795e-15 8.213077596278391077e-15 1.804795539900260051e-15 1.532179404280060160e-18 6.033335103328263073e-19 3.598013223345067864e-19 2.479184836103790900e-19
4.044908965927469907e-12 3.035408358066257443e-13 1.880365224627737588e-13 1.349673987590135952e-13 9.166656286475278537e-14 5.321458716768247861e-14 2.489670973105119568e-14 1.168054990705229113e-14 8.268403426321959091e-15 8.167324693644356239e-15 1.797756948350347491e-15 1.568445717618170301e-18 6.383377455225394852e-19 3.756507090968916674e-19 2.566855210461568801e-19
2.757878506874805811e-12 2.994382050734383794e-13 1.868716142531194537e-13 1.356656856194097504e-13 9.116019491386257008e-14 5.230161501690562503e-14 2.506838366638376363e-14 1.154553419643906581e-14 8.256942127649567665e-15 8.237014282753313224e-15 1.814611580261394019e-15 1.674157019215546857e-18 6.878343998748413161e-19 3.917788683809598424e-19 2.782069997073728002e-19
3.057029562086087486e-12 2.959454918599940216e-13 1.844368496826679593e-13 1.389367137001510519e-13 9.092335263984276554e-14 5.219221275624137639e-14 2.460733101637081667e-14 1.175763968458564129e-14 8.129369589585353286e-15 8.201671678706565817e-15 1.777230744905038258e-15 1.457523030630119726e-18 5.957190216374001874e-19 3.582675679440589597e-19 2.449142287157753748e-19
4.940770751838237849e-12 3.023712246598018321e-13 1.862002897520544441e-13 1.386759795089658303e-13 9.038647801355659061e-14 5.290960339761453581e-14 2.528014420823667012e-14 1.183315249219180639e-14 8.133922282948697208e-15 8.247232233901055325e-15 1.815972604418485393e-15 1.628481943260668796e-18 7.008946759445151436e-19 4.058944955851832595e-19 2.776418288777141754e-19
3.773602050684306536e-12 3.086256089340803294e-13 1.861720900102114883e-13 1.385484448986872087e-13 9.410457937485106398e-14 5.272764355973518371e-14 2.457853275783842344e-14 1.181208158328013389e-14 8.174930705388513568e-15 8.239386471693532711e-15 1.786201886482715515e-15 1.411463706447209882e-18 5.828360339013830488e-19 3.374881994870421152e-19 2.324605771439836965e-19
3.243531605700493511e-12 2.952743292712142767e-13 1.868767860903981262e-13 1.400992468274599584e-13 9.108356352594618486e-14 5.224487594906917666e-14 2.532872994047731380e-14 1.181839489459840180e-14 8.158413200655606709e-15 8.121182920401835713e-15 1.801450260517534236e-15 1.631933112018531873e-18 6.725261506305886053e-19 3.911541532345638570e-19 2.712599718963233771e-19
3.051236570044228749e-12 2.895200249213675330e-13 1.867368668073386189e-13 1.378651572486502240e-13 9.045619529405434959e-14 5.252606956530393358e-14 2.526528003730235150e-14 1.170627280766230723e-14 8.208718624096590229e-15 8.183656935448405795e-15 1.817860076132033451e-15 1.566843667446486881e-18 6.531944869644362968e-19 3.881451774272374404e-19 2.667153945429235391e-19
2.777751837953491879e-12 2.941215804383378257e-13 1.826849976932677635e-13 1.370849024587428324e-13 9.243031599869002097e-14 5.265524381919130494e-14 2.537326242982991331e-14 1.181598172358131299e-14 8.144987502755098587e-15 8.276174577025023796e-15 1.780245146123309306e-15 1.422425534612392827e-18 5.928091571486222956e-19 3.457698475470523131e-19 2.373634860552977747e-19
4.067999225884830810e-12 3.001993131942641185e-13 1.868069389699792767e-13 1.355135378833370160e-13 9.346830393565428907e-14 5.315541038759930576e-14 2.525011050546072427e-14 1.168780884161144592e-14 8.265920951293913172e-15 8.263156063676532664e-15 1.802165110512800953e-15 1.452826671079711243e-18 6.181415802399624287e-19 3.631270141143688226e-19 2.497977317813860965e-19
3.451800527958878157e-12 3.011882379529368650e-13 1.881890270264217246e-13 1.414500155596382691e-13 9.305608868833981270e-14 5.237557426683505536e-14 2.526815208169034020e-14 1.185702471680546386e-14 8.224800910589087096e-15 8.270768893144441667e-15 1.771124058032338458e-15 1.623590255877103218e-18 6.587030331088029287e-19 3.907892346743127260e-19 2.667334610062270202e-19
3.760894870597045765e-12 3.049698948044478813e-13 1.868538572835694820e-13 1.386532613223129979e-13 9.146146187616658194e-14 5.257716214228866042e-14 2.516057668993270594e-14 1.173312895450891200e-14 8.219102564788269844e-15 8.240499375199020739e-15 1.783370994630747073e-15 1.472812093191063345e-18 6.140453016740936517e-19 3.614843793100739478e-19 2.462657455186457726e-19
3.503015591422100734e-12 2.894328929504219602e-13 1.899806153385820903e-13 1.401990862371235342e-13 9.208015052617979935e-14 5.191774321434154533e-14 2.512962685384290616e-14 1.174704359703827480e-14 8.190667458601156240e-15 8.232801167160421584e-15 1.789620403472401627e-15 1.621172547196425172e-18 6.754292118954190959e-19 4.039446969372531426e-19 2.755420402582094631e-19
3.124252198262033553e-12 2.934947667581332025e-13 1.837665548900785352e-13 1.351815603678544304e-13 9.089774723575208307e-14 5.222516341123363978e-14 2.495358113963835706e-14 1.170755957931970267e-14 8.327441739784354581e-15 8.204972967474244031e-15 1.798840270303924253e-15 1.447118203918860219e-18 6.065905960198390471e-19 3.492864039038291406e-19 2.446488190938998412e-19
4.107368069219616033e-12 2.966370407234407981e-13 1.888862488937596499e-13 1.380610592797322599e-13 9.237585369882763137e-14 5.310812710135265028e-14 2.497282728149223972e-14 1.178483903048408547e-14 8.138858134709874534e-15 8.176341801940241581e-15 1.802773510606029832e-15 1.592515711936275543e-18 6.777317663145652383e-19 3.943982442754951921e-19 2.730657176343766668e-19
5.129484424724005009e-12 2.889000306062231903e-13 1.858216380324683842e-13 1.393233595824296009e-13 9.386914057102946051e-14 5.218344298963901570e-14 2.521078215416650477e-14 1.181647737752765032e-14 8.163164740246421054e-15 8.293811365776716704e-15 1.774022750233355192e-15 1.601518758159356674e-18 6.375883290500306263e-19 3.739682085237605977e-19 2.628890464403563142e-19
4.318571665785543617e-12 2.954425008266256387e-13 1.862053561514803267e-13 1.384768865154570124e-13 9.233724507012087228e-14 5.243342910023263339e-14 2.501538128100867739e-14 1.178950235672707206e-14 8.166385745320791604e-15 8.172908649809532651e-15 1.780620423623353364e-15 1.339642933477664991e-18 5.632242449426637950e-19 3.248284722396016284e-19 2.234478342593473350e-19
4.121007147972663519e-12 3.035283906275170848e-13 1.887286503284266478e-13 1.375044033394878844e-13 9.278702052973795290e-14 5.159255506505240958e-14 2.479924988440016677e-14 1.178947960667772344e-14 8.210099404229387756e-15 8.228336403186504000e-15 1.823315545281907952e-15 1.384427674958492681e-18 5.867530770374624531e-19 3.401728654174534011e-19 2.378265594402677612e-19
3.265279760814781728e-12 3.002633145692480084e-13 1.851541818219908135e-13 1.387669467118108592e-13 9.221058897039525597e-14 5.191035725397406685e-14 2.473950489521677157e-14 1.167331664504119820e-14 8.190768186989507897e-15 8.204221589274088157e-15 1.807243132597194749e-15 1.465610768700931404e-18 6.218199878062712435e-19 3.535322688932685010e-19 2.493089940789059873e-19
2.256476444116825380e-12 2.880609517234151851e-13 1.875254849842206447e-13 1.377969193512209528e-13 9.261423387196734876e-14 5.226008875272436681e-14 2.480196746731929272e-14 1.176107409683561630e-14 8.183512268301374127e-15 8.299732068310050985e-15 1.802008842413607583e-15 1.484122844720623656e-18 6.279807264525420471e-19 3.661301312960221428e-19 2.531601446366594108e-19
4.048082183129520051e-12 2.977857358773020103e-13 1.848804666545145813e-13 1.392252229436648416e-13 9.248222116634126629e-14 5.263450849709705942e-14 2.499848640086641099e-14 1.173941838824595955e-14 8.218976123000359877e-15 8.116326820315728630e-15 1.778242059251946379e-15 1.491871336163074209e-18 5.987951952404068007e-19 3.508912014917428265e-19 2.395459623580719874e-19
3.282184400934625811e-12 2.917228522047456894e-13 1.893449400537250356e-13 1.348719631612556556e-13 9.275367747887052450e-14 5.289943595091625515e-14 2.495512508813514602e-14 1.184731239999399281e-14 8.246650307090925477e-15 8.123222984717566244e-15 1.789438222764988701e-15 1.463816355539375936e-18 6.316868234673980257e-19 3.697939436114687729e-19 2.569986070153599150e-19
2.594406183766897817e-12 2.964332636616921647e-13 1.893380519092742572e-13 1.375909693329638935e-13 9.335116704677685083e-14 5.222860079922693659e-14 2.498715011223211639e-14 1.173247559913981038e-14 8.237240185031913054e-15 8.156686231531105167e-15 1.781703288834913915e-15 1.458615764443212232e-18 6.038212692062125741e-19 3.579292561985837723e-19 2.493375029534306462e-19
3.319351699943349598e-12 3.003432695591684612e-13 1.879043024504246908e-13 1.365566135589054506e-13 9.199832845653090572e-14 5.284307000222814217e-14 2.483264053050582023e-14 1.186420647599157312e-14 8.250868314290268362e-15 8.274376692438499978e-15 1.804446233165335792e-15 1.557900282417811421e-18 6.517479138207417587e-19 3.768334982094036184e-19 2.543148628014758503e-19
3.296389463164148832e-12 2.954551019167905186e-13 1.909337399645487257e-13 1.393056907430300759e-13 9.277078210777994814e-14 5.373057453892794681e-14 2.464583737896814413e-14 1.179951501282765752e-14 8.146450417786832189e-15 8.228805384258483112e-15 1.798712491861283720e-15 1.324377174900701430e-18 5.475389106685043975e-19 3.130588753811682514e-19 2.188420480955115926e-19
4.108693415651293062e-12 2.858943260036055338e-13 1.874230568023375557e-13 1.352765499849098939e-13 9.173672255677709829e-14 5.258525629292103236e-14 2.500943637669641722e-14 1.169818657934521380e-14 8.157470235179415724e-15 8.232983651300485377e-15 1.806363182005072858e-15 1.581782544086015930e-18 6.281631035741242700e-19 3.762405983975333278e-19 2.592382923458953161e-19
5.010898105866562509e-12 3.020339828160902420e-13 1.894546179123116401e-13 1.382270808795517156e-13 9.072445015022944417e-14 5.202508504414722004e-14 2.483970265449874084e-14 1.174432985719160992e-14 8.304648969064840845e-15 8.276877076257130552e-15 1.768520188438395561e-15 1.574788149497674732e-18 6.264830952495697101e-19 3.643973830821083827e-19 2.509721149069413779e-19
3.467760661763099343e-12 2.913720637688906456e-13 1.870769594570836992e-13 1.386597915450166085e-13 9.214372847704345977e-14 5.131605010569061901e-14 2.494016808797433012e-14 1.193026600801310908e-14 8.215059061759893449e-15 8.227644633267985350e-15 1.777410069385071694e-15 1.506712725580633473e-18 6.319571443716454124e-19 3.648883211104533778e-19 2.559159102159142864e-19
3.080794161755987210e-12 2.988952496318023437e-13 1.904444149231198511e-13 1.344766099726091241e-13 9.244107406958871868e-14 5.269150730797244037e-14 2.507414014240630029e-14 1.187027012211009513e-14 8.187202693383125941e-15 8.139374792326815735e-15 1.778524002770626647e-15 1.431199942022322586e-18 6.032267200621523446e-19 3.520447351752078404e-19 2.433260238634124566e-19
2.403960059162428640e-12 2.918518699148664769e-13 1.883190891799292321e-13 1.346301312139942455e-13 9.283560469858416310e-14 5.221453403358451307e-14 2.523823302304659437e-14 1.169052564993843598e-14 8.188133842622289702e-15 8.295009104941676387e-15 1.785524555001424525e-15 1.549845668710217977e-18 6.438213815754069386e-19 3.691330665445226625e-19 2.552474550070453828e-19
3.005157971539298594e-12 2.952378754481260533e-13 1.864389275216868017e-13 1.365543035755621533e-13 9.201072962877114423e-14 5.214967695336754027e-14 2.493633556553077564e-14 1.192044248868649180e-14 8.205286327995632560e-15 8.266473197114228297e-15 1.821411608864164004e-15 1.354007673554836507e-18 5.912522606476553571e-19 3.485613266016025084e-19 2.341012471022182521e-19
2.789573156553851350e-12 2.939218763209004012e-13 1.860163774347889186e-13 1.383717457595912149e-13 9.232477983245157519e-14 5.214476137237512002e-14 2.496738975887700884e-14 1.180332058097135221e-14 8.153934590237849758e-15 8.233285971223438123e-15 1.799181170274914837e-15 1.462412879698572540e-18 6.185240730628139361e-19 3.575741281697339688e-19 2.494718029836957730e-19
3.161077352259234404e-12 2.916543647855490739e-13 1.814243599966701194e-13 1.373616831275216383e-13 9.209229246160260817e-14 5.259445237780045670e-14 2.516712598389945139e-14 1.181563831349776503e-14 8.192370493817621500e-15 8.225109360685513984e-15 1.783123481404167122e-15 1.534752466946762538e-18 6.348323240015962380e-19 3.723986164099201589e-19 2.542873998063252825e-19
3.288576990441884394e-12 2.956987436476688361e-13 1.867349506276366516e-13 1.366442610054552272e-13 9.373912578511659240e-14 5.238502640809808379e-14 2.500345321059227901e-14 1.177602733342134523e-14 8.219150149975184235e-15 8.290854653035455673e-15 1.772256305717262315e-15 1.589990015557514645e-18 6.649903448586168628e-19 3.894518772837095413e-19 2.707018304268604247e-19
3.037138657336754527e-12 2.913404476149707183e-13 1.860002341527492811e-13 1.362747733685949441e-13 9.225801856098423938e-14 5.270348580603986223e-14 2.500259503309351070e-14 1.171376530255532112e-14 8.209068770383044940e-15 8.234066765450108942e-15 1.778149488323132578e-15 1.446030687989383221e-18 6.093976529746799963e-19 3.688017443138237432e-19 2.547983279353195477e-19
3.198304568988810259e-12 3.030718514303107913e-13 1.884250777883486958e-13 1.365225164115816107e-13 9.205829089132267154e-14 5.244508675264201132e-14 2.499761252071323270e-14 1.178099285435780573e-14 8.320035711707935317e-15 8.372798611687532183e-15 1.805827913948755261e-15 1.433527172273489079e-18 6.367825094046483581e-19 3.644541087831002966e-19 2.485909630082839410e-19
2.965926803986011146e-12 3.023787975852955917e-13 1.889456402269917039e-13 1.385306580231623815e-13 9.146180492940659753e-14 5.302446279829423864e-14 2.485622723030913261e-14 1.168155166881954259e-14 8.264453812180410480e-15 8.264564779589037647e-15 1.792827460281713322e-15 1.661996414515958016e-18 6.796535008487801546e-19 3.973680882569697670e-19 2.803376673321041596e-19
4.489894117854227334e-12 2.941222145683521240e-13 1.847884328931176134e-13 1.386599725780896830e-13 9.302519027449714338e-14 5.196857224442649722e-14 2.497757693765428941e-14 1.176128012946836303e-14 8.267606448051863131e-15 8.190274902577858963e-15 1.789751111943553827e-15 1.452511565282708010e-18 6.233632678796007125e-19 3.668782069527108206e-19 2.547320919425585719e-19
3.505650923522654457e-12 2.833707949493997582e-13 1.885069248348283931e-13 1.386834062890284635e-13 9.264272929876646872e-14 5.274506647399998158e-14 2.519076797293302595e-14 1.177984935656260016e-14 8.280338577775638873e-15 8.286711311337793582e-15 1.783695954839432995e-15 1.549993292022521098e-18 6.354845968308173685e-19 3.773568757843002294e-19 2.634285402310439583e-19
3.747259374897955045e-12 3.007844588625834776e-13 1.876864544222180724e-13 1.393387016277101431e-13 9.183603441663096505e-14 5.187118266030168173e-14 2.524109105799087295e-14 1.179276116911686326e-14 8.227019384974061693e-15 8.290096345844191035e-15 1.774002917157507460e-15 1.546842975940991862e-18 6.368388085656661833e-19 3.689137064715114671e-19 2.539821256724314282e-19
2.797041727118715047e-12 2.921242714124345970e-13 1.871904944723860230e-13 1.388039862843086268e-13 9.295707216912436838e-14 5.290411686574932010e-14 2.543525666154697406e-14 1.169218094031909466e-14 8.274981936709324971e-15 8.179331961408746197e-15 1.780882699319130372e-15 1.583200509843882972e-18 6.633301346948169266e-19 3.865207868632715422e-19 2.689658359783422152e-19
2.714078712953991442e-12 2.881285588266069021e-13 1.926329427102997457e-13 1.386227568047146897e-13 9.251702892172938968e-14 5.221621652017614014e-14 2.490562560056431952e-14 1.175946541683297925e-14 8.288475226507807640e-15 8.323231733554633905e-15 1.759617690708843200e-15 1.409941405410005620e-18 5.632900843110355344e-19 3.436094096000788490e-19 2.336490841863387185e-19
3.161075241308442709e-12 3.032275045903039403e-13 1.873905669777832054e-13 1.395112906852285493e-13 9.293089046640974925e-14 5.205883389218764500e-14 2.501943363042387992e-14 1.175325072651897504e-14 8.345715366519353501e-15 8.239492063137181222e-15 1.791383386438340456e-15 1.625170225774683945e-18 6.812841955795464246e-19 4.009478328331745630e-19 2.777206999879929239e-19
3.358824802850808071e-12 2.998563383753267275e-13 1.883455707081557672e-13 1.362470447732710973e-13 9.315798340902289732e-14 5.293961296419476457e-14 2.490165338709080763e-14 1.168502144717973592e-14 8.271558788864228904e-15 8.160979762973453784e-15 1.724207605755721356e-15 1.447667517037759364e-18 5.972371715522267737e-19 3.382685505475373059e-19 2.364867962670971821e-19
2.671190521509057851e-12 3.023941863419994278e-13 1.863601917614951288e-13 1.353617806210591072e-13 9.293575608401445636e-14 5.221710658285489788e-14 2.488425938813819547e-14 1.169987115019704752e-14 8.176608772191201167e-15 8.165796161830216646e-15 1.835756463051048452e-15 1.527472313166545380e-18 6.612811701083962869e-19 3.775371700493698334e-19 2.598757355376050278e-19
3.207023977568461307e-12 2.952274540333931376e-13 1.853866927190548642e-13 1.385469789015733783e-13 9.320156675085346562e-14 5.205596720511043166e-14 2.535011525466903133e-14 1.159910449493841862e-14 8.248536591397618106e-15 8.302891364037551099e-15 1.798038650487468089e-15 1.504701368660670506e-18 6.256721906093539704e-19 3.601607302488403083e-19 2.524696177844025483e-19
3.733996857986310717e-12 3.055060569083570311e-13 1.913999388866028372e-13 1.398240970634108531e-13 9.189115331680521516e-14 5.268644459619630542e-14 2.495640373348229150e-14 1.162648082302915586e-14 8.194989980214041899e-15 8.267388663025916474e-15 1.783095954321742977e-15 1.591385218600370945e-18 6.633291168121906064e-19 3.923706876760352818e-19 2.721488156071595790e-19
3.727165796420686253e-12 2.857434732772354102e-13 1.892201227479266642e-13 1.373954301061347624e-13 9.254442176625281604e-14 5.282022445804485225e-14 2.490226544691422610e-14 1.170796577135544446e-14 8.231845269355969919e-15 8.200016297451743555e-15 1.809539357580277180e-15 1.753012294459521558e-18 7.269786686006204314e-19 4.260771262418419261e-19 2.906785324089781829e-19
3.283511921618191126e-12 2.950016880243328669e-13 1.861596009211329949e-13 1.350649584264713426e-13 9.310320275345773020e-14 5.230691981443656398e-14 2.508502313073036701e-14 1.181529159684378098e-14 8.340075812343708502e-15 8.282435548762509710e-15 1.826164798200929737e-15 1.620538971914604846e-18 6.516759790021182725e-19 3.839600938327844801e-19 2.608065939721058468e-19
3.492134124061131368e-12 3.011950686092799875e-13 1.884002879344456927e-13 1.362811518325159648e-13 9.283618789778797754e-14 5.301299039366467458e-14 2.515069195334700321e-14 1.158584744910733365e-14 8.296707097972838497e-15 8.250370281357068682e-15 1.764016723973971234e-15 1.274294413546842922e-18 5.498995660201113099e-19 3.262952559717400854e-19 2.276984478993565239e-19
2.744634417207710555e-12 2.951375978540625837e-13 1.909672648123491500e-13 1.372665121681780532e-13 9.238564111081527388e-14 5.243981629829950628e-14 2.501879807226976794e-14 1.172927892664798462e-14 8.256408226468904674e-15 8.194933170631364279e-15 1.780348313498378552e-15 1.579979963140661990e-18 6.695012470157308629e-19 3.866207902060016942e-19 2.687345858135738391e-19
4.846263058834062088e-12 2.947188335961025862e-13 1.895088014449476912e-13 1.394122076895157225e-13 9.397446177986183325e-14 5.260435219190664382e-14 2.512125284619988781e-14 1.186464321346112847e-14 8.249567249784702665e-15 8.200199919429752394e-15 1.818177164778499307e-15 1.681449773024161749e-18 6.675638285165089882e-19 3.974893337397820489e-19 2.724029071999996767e-19
3.928415020461535328e-12 2.994413469323824283e-13 1.869061529401110563e-13 1.388076220716474299e-13 9.178454149728826936e-14 5.251245877626974575e-14 2.503412403892516822e-14 1.174923244634757220e-14 8.270892388876702445e-15 8.150654124121084380e-15 1.770426548885449475e-15 1.445050141342117050e-18 6.117404053113388706e-19 3.535386875160998821e-19 2.445065042839178449e-19
3.256738431069195017e-12 2.998224654641515274e-13 1.874391348753567887e-13 1.382294499997591192e-13 9.217678125253848054e-14 5.273440149340445949e-14 2.512077729651509022e-14 1.183324788151407093e-14 8.188036801804898969e-15 8.196669572985235055e-15 1.798279307584687208e-15 1.690372207399938735e-18 7.020626717380415398e-19 4.064150861899182043e-19 2.855355330224037930e-19
3.435812542202079847e-12 2.953583502965036805e-13 1.839573581860844765e-13 1.398253224566946683e-13 9.041251436648206214e-14 5.255870341922811741e-14 2.494912136925820803e-14 1.184046943964457773e-14 8.345810993968859047e-15 8.178165181498831188e-15 1.770897401884862553e-15 1.270086771510690559e-18 5.509070764693871582e-19 3.203316244999017248e-19 2.212473216956665808e-19
3.024995558751402446e-12 2.977883303012197301e-13 1.904728122399158696e-13 1.358403746463215657e-13 9.428082088978810461e-14 5.246677251453041391e-14 2.420767326967345199e-14 1.162098581054812845e-14 8.234661246094696908e-15 8.259418413646430553e-15 1.806726575770853479e-15 1.410811751024980378e-18 5.824891824171985145e-19 3.413744955786104609e-19 2.344260626072673337e-19
3.754959780436517205e-12 2.836920368008364326e-13 1.866508871057996421e-13 1.383591127502103675e-13 9.272454246838901285e-14 5.242991073171424433e-14 2.532532849997898114e-14 1.179669032195997732e-14 8.270376568363712292e-15 8.159609540082501596e-15 1.802095830144635475e-15 1.609988811410628614e-18 6.494167554602965224e-19 3.783542827062166456e-19 2.588098721838577762e-19
3.269118136016606914e-12 3.002686635323239563e-13 1.857039610431686840e-13 1.380616773469562875e-13 9.378040353245229768e-14 5.256898760673113192e-14 2.484682068055724581e-14 1.156631360035163094e-14 8.207170705084932979e-15 8.255556143284803685e-15 1.818163990159467065e-15 1.521482860742265736e-18 6.665783644968922680e-19 3.919193682822393422e-19 2.710208646193717500e-19
4.816753741631514911e-12 2.894916326972569334e-13 1.906781401099370270e-13 1.370018980703254184e-13 9.162940032988305516e-14 5.290530105487727202e-14 2.502203277303200143e-14 1.163795573664115043e-14 8.181927980622877845e-15 8.160163450148278066e-15 1.796880243127802801e-15 1.434904927158467795e-18 6.110944835530526183e-19 3.544882090107187323e-19 2.437406838674957071e-19
2.737986435492609653e-12 2.991192729270783443e-13 1.874611027806417641e-13 1.359381603362072444e-13 9.247354546437507154e-14 5.262068026677859470e-14 2.511389533311810896e-14 1.175944524655616212e-14 8.301590601222362807e-15 8.283873890632677821e-15 1.781365148566862271e-15 1.704847603638280922e-18 7.164213759790825609e-19 4.312379809123458371e-19 2.993292054418725746e-19
2.450461486680351347e-12 2.980877440874886349e-13 1.887540701086498658e-13 1.360714074649105425e-13 9.349444151591190472e-14 5.179035974430874027e-14 2.506290592975423668e-14 1.178668492368496489e-14 8.230782301802769218e-15 8.146754611539595430e-15 1.772601944168448797e-15 1.490827223954846615e-18 6.152235552740737469e-19 3.561739770742649277e-19 2.459910585749953254e-19
3.540137148876224115e-12 2.951325320108383673e-13 1.866859646368412037e-13 1.386126376182719944e-13 9.224757042169856600e-14 5.314129935300433184e-14 2.501982198420582217e-14 1.182401158292142402e-14 8.238835531915469056e-15 8.122914989147432245e-15 1.828064657398798137e-15 1.430631561452579358e-18 5.790429855557237504e-19 3.374889901218214523e-19 2.305508235744435454e-19
2.837267044746520595e-12 2.953810911000264129e-13 1.850528555986628062e-13 1.393451169531516045e-13 9.250530173056652862e-14 5.255160099992047300e-14 2.476374966633079828e-14 1.175559039263790877e-14 8.295318362852718608e-15 8.208136530235758901e-15 1.785460314466335567e-15 1.460472237613095291e-18 6.174190177588580300e-19 3.660452340386793415e-19 2.526836940240249798e-19
2.994933380689000874e-12 2.951371853111310962e-13 1.865752654057444211e-13 1.386754900842267040e-13 9.049916580111928441e-14 5.242812262110517279e-14 2.490146604666567373e-14 1.188336294807509513e-14 8.157990790631963291e-15 8.121298735653503300e-15 1.781711721297469508e-15 1.485413140244387008e-18 6.261219844817390955e-19 3.672662020172000609e-19 2.490269890376322713e-19
2.776078901210450985e-12 2.942279023356698178e-13 1.873755733347899816e-13 1.398874082191911845e-13 9.487979406998881978e-14 5.272005182471297858e-14 2.490228433653096094e-14 1.175680998226825144e-14 8.195072576578269667e-15 8.207506221921379414e-15 1.737966643147235850e-15 1.386568507357868377e-18 5.751575616112592546e-19 3.326695393947616023e-19 2.323937187676648665e-19
3.361520374272688333e-12 2.939000765212868605e-13 1.845956333236289503e-13 1.422188212641003093e-13 9.118270624581972471e-14 5.253811523392415655e-14 2.493972395502581368e-14 1.164695484535025698e-14 8.197136839036603907e-15 8.282716373995645645e-15 1.781307461328867958e-15 1.637185445092299842e-18 6.745865931550511614e-19 3.940622539266131496e-19 2.744197530675339681e-19
3.916039711476122238e-12 2.991309669304872608e-13 1.841009316317587469e-13 1.337185969493594249e-13 9.281016774899582500e-14 5.247885659137796327e-14 2.515148820735960753e-14 1.175213491423211986e-14 8.245560123967715353e-15 8.237376215352521078e-15 1.838995116755187309e-15 1.520973373574272709e-18 6.173816213419345007e-19 3.634770408175840543e-19 2.529586176548135535e-19
3.438945250300746480e-12 2.991711673282358085e-13 1.855522150624547245e-13 1.375610699735138052e-13 9.212683643774856830e-14 5.232160554482373556e-14 2.519115510834006606e-14 1.171754091669703675e-14 8.230400861472955195e-15 8.178599112202850864e-15 1.830352752575137571e-15 1.457996786948784090e-18 6.224924959221984481e-19 3.554749289560004654e-19 2.478882610487256561e-19
3.702444480303138799e-12 2.914493015981248937e-13 1.861329534163561942e-13 1.363337585836445120e-13 9.302109406784421778e-14 5.213151351929815982e-14 2.544469803415291548e-14 1.192123140421808067e-14 8.197684741513676811e-15 8.182103189734003586e-15 1.812600860957528589e-15 1.465477477281033410e-18 6.004551352641423847e-19 3.504698158251829406e-19 2.447438989241633998e-19
3.108386054549260712e-12 2.966737737715378813e-13 1.866521712500874726e-13 1.374058836716243178e-13 9.260637973140298863e-14 5.219068787173173944e-14 2.500451707762102430e-14 1.184431710319026757e-14 8.288997840619611574e-15 8.231512018146377984e-15 1.767652834310151710e-15 1.441246679611990794e-18 6.015572398629551870e-19 3.539352463844671998e-19 2.421720995449970034e-19
3.600799793665652465e-12 2.913874489047062155e-13 1.860960439837996142e-13 1.372190754932812784e-13 9.282046064942689557e-14 5.302317972025168404e-14 2.512644638459727482e-14 1.170326558265444808e-14 8.209526954271890517e-15 8.215194295543941779e-15 1.792189680211770990e-15 1.436370646651768017e-18 6.186144105701406762e-19 3.557213077300898069e-19 2.448884179603129903e-19
2.639443156390759558e-12 2.994742246522058436e-13 1.846970606695504616e-13 1.376692525536783124e-13 9.295728242301403799e-14 5.271634603030088251e-14 2.523996310402132759e-14 1.156720948309235266e-14 8.181623486967071974e-15 8.226576142922931169e-15 1.826753916635119367e-15 1.612004280192179176e-18 6.657351173962145532e-19 3.975049485792109579e-19 2.751384942557402371e-19
3.012846718773845213e-12 2.959948728341432027e-13 1.897367892781379902e-13 1.376541957666377796e-13 9.415342257803502378e-14 5.285185077407890607e-14 2.499192904668063186e-14 1.164726560308520782e-14 8.284764970447103523e-15 8.263788725649770090e-15 1.797553806053267257e-15 1.464164376334780903e-18 6.205705181954160799e-19 3.582313939319296241e-19 2.497403548985727037e-19
4.231416527414472930e-12 3.007138614336120185e-13 1.858541166710117016e-13 1.353128805540169304e-13 9.248586035735624268e-14 5.232486090351881529e-14 2.481517976522973316e-14 1.176247335856645336e-14 8.131777147237616871e-15 8.052743625855325704e-15 1.825315828446866795e-15 1.263014138535452578e-18 5.257426233692204699e-19 2.995218761648921163e-19 2.123848531843098517e-19
3.465120410068614789e-12 2.944299616704832657e-13 1.892252729978103029e-13 1.346689177767053867e-13 9.244304236565755561e-14 5.211912555788885294e-14 2.550479742834040496e-14 1.170406460349653315e-14 8.210716229131072197e-15 8.179699290737517204e-15 1.775361208233765774e-15 1.495797266316416436e-18 6.261560195522132569e-19 3.602729424959175411e-19 2.510176835191821880e-19
3.354062970027929267e-12 2.894312195411386371e-13 1.876440611436345979e-13 1.357421762324901044e-13 9.373568577856504666e-14 5.297804715436521389e-14 2.485722163282718060e-14 1.174047441492559744e-14 8.269239842903904546e-15 8.288298307119530128e-15 1.811240163702187134e-15 1.405870896238603968e-18 5.933529730246668490e-19 3.461119363607998516e-19 2.413998244915798889e-19
3.541790469782818667e-12 2.913344055491424995e-13 1.859005862900637545e-13 1.391728480638057649e-13 9.278149872302285667e-14 5.282970162741269307e-14 2.509307340110397524e-14 1.178639865951915085e-14 8.232217898299056409e-15 8.317741486458393850e-15 1.796354798581445486e-15 1.526650495704220796e-18 6.589359390470169944e-19 3.756085976263646431e-19 2.581548687076450943e-19
4.032584364328001161e-12 2.975220687713960395e-13 1.906491040655531904e-13 1.372451633354494705e-13 9.290278094923490582e-14 5.207546453129915759e-14 2.529969934627310772e-14 1.180566429468901944e-14 8.240100693745917645e-15 8.220777814853124985e-15 1.739260003679899043e-15 1.406510978072583282e-18 5.902653769668831150e-19 3.477218180717873864e-19 2.419678813490796161e-19
2.422615416926210144e-12 2.968270103632477317e-13 1.873445637259504270e-13 1.382212088432140025e-13 9.324267952716440876e-14 5.237622626865063072e-14 2.505497122426682787e-14 1.172539829215274253e-14 8.257974181326344574e-15 8.156669611340044470e-15 1.800445733895545309e-15 1.626012040806475945e-18 6.557511705781484338e-19 3.747006838912956702e-19 2.660231062271661419e-19
2.741986867096189813e-12 2.924752400042987547e-13 1.847630743626600343e-13 1.368204368903259002e-13 9.283980136303091380e-14 5.204091320438403258e-14 2.505199371780595573e-14 1.175997143332975724e-14 8.201240327321941731e-15 8.263969407174362721e-15 1.782306125893560370e-15 1.412313506516418580e-18 5.616343731875935473e-19 3.300356825671990110e-19 2.317838676355361679e-19
3.328356730597124374e-12 2.909366214355299457e-13 1.836317128775268422e-13 1.361569325232112199e-13 9.230431948205112072e-14 5.193276787344037503e-14 2.503734604135973233e-14 1.179686797505766643e-14 8.258417017036606480e-15 8.242487008077216327e-15 1.754494264499193290e-15 1.500653523533305467e-18 6.271678906797632649e-19 3.623457257975833351e-19 2.471744731070644541e-19
3.859585996469732317e-12 2.935632590802442827e-13 1.867232825094905875e-13 1.353992330214074021e-13 9.223423553095064809e-14 5.303579757253520778e-14 2.535241887677813477e-14 1.174171102067650843e-14 8.274071342040039779e-15 8.206158902954878312e-15 1.780608720456762090e-15 1.250903723793877913e-18 5.216772492582148110e-19 3.061506784155661731e-19 2.090490956942421594e-19
2.843236401771874844e-12 2.934213886660097444e-13 1.835442960452544914e-13 1.352098917605459859e-13 9.295049732505058068e-14 5.279708495305146142e-14 2.490897567016245596e-14 1.173573665100549619e-14 8.209475711666151755e-15 8.264916048705530654e-15 1.770943628885033144e-15 1.769678011788174864e-18 7.475351017665768205e-19 4.300307472602192799e-19 3.011638919313905549e-19
3.025497237802309072e-12 3.012275348392012089e-13 1.890647627471143029e-13 1.366548325533532263e-13 9.123148615609506635e-14 5.332255989211263109e-14 2.488839642648834638e-14 1.181896298924081064e-14 8.251883271316750546e-15 8.262528992005166055e-15 1.778184035283533272e-15 1.378478515789972116e-18 5.754218489074142026e-19 3.274715433325762325e-19 2.296383031638693126e-19
3.330875623916182098e-12 3.015332633442778600e-13 1.894689043163931208e-13 1.383039061700244833e-13 9.267976562827741379e-14 5.255168601900990711e-14 2.540532643630265118e-14 1.170177871887616197e-14 8.117251400559378563e-15 8.206826098707625738e-15 1.828556533860296076e-15 1.455721937717214721e-18 6.102510901561399817e-19 3.510369443767916868e-19 2.409291301977266387e-19
4.504796994490279020e-12 2.997067694084185969e-13 1.854939893543275740e-13 1.375790430336277215e-13 9.259332517158251084e-14 5.211861408168640783e-14 2.482622318759432760e-14 1.165606389748537295e-14 8.280108135942124648e-15 8.220088586193028348e-15 1.782311537890477159e-15 1.388417532272548840e-18 6.044760803305765056e-19 3.479464207959587816e-19 2.408262729209813519e-19
4.150381478238352700e-12 2.819799104177667047e-13 1.895342159831947126e-13 1.379906146175682579e-13 9.120301973159576100e-14 5.262710974231742583e-14 2.530329418498864933e-14 1.176550161062646332e-14 8.296485249681462808e-15 8.320780325497244498e-15 1.778346742900893974e-15 1.450449358124593694e-18 6.030374768579905214e-19 3.619609864073117512e-19 2.521982569657408645e-19
3.912848344961053694e-12 3.004499543749176364e-13 1.917751087580610633e-13 1.355666813826297826e-13 9.274202114230691014e-14 5.244167790086471086e-14 2.519969532808812824e-14 1.179433770502687205e-14 8.244730103089815272e-15 8.201842472236764927e-15 1.827097754427201843e-15 1.522802987577466028e-18 6.443455603717882981e-19 3.770821309595555020e-19 2.576793957706226434e-19
3.014372111569435762e-12 2.940290594812411336e-13 1.876571921499589551e-13 1.361353509975548833e-13 9.074395173517081931e-14 5.199117520067253011e-14 2.500421196373191136e-14 1.178983752317843453e-14 8.177361360252903845e-15 8.343882711992800416e-15 1.783704870763857647e-15 1.305615354663102130e-18 5.520605386722143904e-19 3.116301095856340014e-19 2.200195075114276119e-19
2.907698138775618280e-12 2.891831697417404782e-13 1.888129882398782604e-13 1.372483992367334595e-13 9.238619378179062455e-14 5.307121768354376178e-14 2.531465976515921844e-14 1.179328796334200366e-14 8.219981782648717618e-15 8.137659375887313800e-15 1.771796333699736334e-15 1.416431867784018004e-18 5.706920906684330610e-19 3.351434767804650258e-19 2.285885273940558350e-19
3.912114887259657960e-12 3.021664871159019398e-13 1.860558775051760181e-13 1.385860713906315761e-13 9.020561374407322236e-14 5.181019814310559510e-14 2.486942491904441021e-14 1.186348365649494602e-14 8.140865148266147801e-15 8.237828109296253574e-15 1.790312155802328440e-15 1.508113358553958339e-18 6.401018888834877023e-19 3.706145247507884521e-19 2.572895149034879602e-19
2.893045343302617684e-12 2.907824410145797474e-13 1.855818158602741081e-13 1.385007909063846074e-13 9.311046206782518698e-14 5.252092367681122623e-14 2.473509270889959473e-14 1.181473372134037596e-14 8.274900234829657693e-15 8.123740424253072246e-15 1.806871872035891210e-15 1.374412355167827020e-18 5.816766701944019022e-19 3.464147722996773827e-19 2.367591029981979201e-19
3.520956673104336774e-12 2.930944812817867052e-13 1.894909459461273910e-13 1.374207646858642950e-13 9.466237913068974516e-14 5.279420455428483708e-14 2.530463328596869413e-14 1.190746583689649672e-14 8.173527479481759970e-15 8.291411652576717970e-15 1.797433682099435197e-15 1.479915069488542816e-18 5.896777650979806593e-19 3.538892366723631403e-19 2.385491137966152557e-19
4.150689578441004821e-12 3.016055562742175237e-13 1.820450090284566745e-13 1.381078742087677555e-13 9.227118016879597247e-14 5.235456548160902764e-14 2.523591518998321949e-14 1.177441185607897084e-14 8.386266052295984018e-15 8.223713846192779549e-15 1.803113970837028261e-15 1.590732571075239603e-18 6.906153516849782993e-19 3.923373279228270691e-19 2.759819609003736054e-19
3.557170021198697445e-12 2.982703613597205270e-13 1.833262053217760177e-13 1.392995798428905854e-13 9.328207006642241717e-14 5.182312392484973970e-14 2.481121555125040853e-14 1.179045981942293753e-14 8.216248259909626972e-15 8.188939180259894416e-15 1.808092271085955533e-15 1.399053227925441870e-18 6.210501845363432421e-19 3.613789991658348239e-19 2.431990844101026283e-19
3.615586863973100580e-12 2.975124339249588201e-13 1.840399593719206588e-13 1.385088388024970687e-13 9.208821414052611185e-14 5.289420852307107530e-14 2.484155646079321734e-14 1.154872284035618482e-14 8.130351976861334373e-15 8.173148171609911504e-15 1.788232003114038585e-15 1.546748722822537827e-18 6.587388836813388617e-19 3.834275594971557956e-19 2.661128951495596424e-19
3.705670858675166117e-12 2.972288792811698861e-13 1.836739996074655658e-13 1.393501926928189684e-13 9.250780675292652931e-14 5.290280014510640202e-14 2.478344918612447643e-14 1.168932532632082080e-14 8.219537749564682744e-15 8.200193449076896076e-15 1.777615117478986691e-15 1.411417580834676322e-18 6.006877970763782878e-19 3.507487671612025093e-19 2.446465995795392443e-19
2.811727755260575961e-12 2.999728422109565157e-13 1.845015331976931289e-13 1.373299903773991307e-13 9.188770326728603330e-14 5.273248899705163520e-14 2.556752503270661732e-14 1.186364533602730384e-14 8.253353812977552331e-15 8.174877998153157098e-15 1.818497614958180415e-15 1.637684080807229398e-18 6.906248481018210593e-19 4.000211149956238992e-19 2.771404048447319447e-19
2.726774475344641349e-12 2.907794637902783567e-13 1.892560298353746889e-13 1.378086185014642406e-13 9.248651693981827610e-14 5.338986039626892151e-14 2.535552128232810567e-14 1.172252905623284698e-14 8.218453235204141691e-15 8.172270273253837963e-15 1.811205286137498536e-15 1.515227795354954705e-18 6.306953261002971364e-19 3.734238191581293298e-19 2.588892869574082732e-19
3.899607068386186241e-12 2.925192211726772166e-13 1.828523697492304718e-13 1.365523086293291703e-13 9.217700266502730157e-14 5.294020903303770911e-14 2.491568074845936025e-14 1.178294985700391922e-14 8.194090594395206067e-15 8.155680835214307353e-15 1.830529599514035906e-15 1.514944274841005238e-18 6.328363759566037936e-19 3.630528199674128342e-19 2.512589062865794248e-19
3.301163817657554545e-12 2.903603376831339502e-13 1.911529195286894130e-13 1.351940733987222548e-13 9.137854677101483403e-14 5.160205644471002147e-14 2.449274396488257861e-14 1.171715065123439197e-14 8.292874723540917478e-15 8.239129991236228889e-15 1.832916400673584335e-15 1.413341881314749303e-18 5.903925551860241404e-19 3.482807887057713201e-19 2.366085525190198898e-19
3.271394402978802163e-12 2.967428485571378969e-13 1.859597173182181502e-13 1.355304435986396882e-13 9.197252955585425560e-14 5.275723752164245831e-14 2.503954531512580167e-14 1.177969003851944092e-14 8.317624884225304237e-15 8.234888050462018816e-15 1.789879375206132827e-15 1.441245545578161175e-18 6.037852262851696680e-19 3.573870491665515308e-19 2.435249013415331683e-19
3.348789336333772607e-12 2.976804609313475547e-13 1.869237333499980738e-13 1.351106537289642433e-13 9.369212478844436033e-14 5.193480572241405824e-14 2.489216442203876385e-14 1.174369352220091866e-14 8.190729207081060645e-15 8.116055043478877867e-15 1.835154346809312694e-15 1.659412402734467922e-18 6.956813616683912234e-19 3.942081488776755704e-19 2.774473927096090100e-19
3.784556423911035038e-12 3.004650698157293350e-13 1.897393089768227610e-13 1.392160921511458588e-13 9.172199856508120389e-14 5.342426133238578265e-14 2.524357180755495459e-14 1.174666173800484331e-14 8.195688906338269257e-15 8.179527101208193666e-15 1.783033400340535755e-15 1.483053670046403561e-18 6.222670816497800428e-19 3.626596300038146066e-19 2.541270807568897318e-19
2.725437648627941223e-12 2.868561338788440444e-13 1.851008591378081103e-13 1.388129883968665394e-13 9.111649924291990862e-14 5.274972609358637592e-14 2.503975301237896953e-14 1.191241252063721283e-14 8.151816696011394429e-15 8.195406038566689737e-15 1.775393785938173688e-15 1.634777715837888965e-18 6.733116487179405272e-19 3.832070580414635410e-19 2.693983330556039306e-19
3.051388743997733190e-12 2.953961945743493541e-13 1.873573175326659377e-13 1.395658709106142567e-13 9.429610217097508181e-14 5.235535191843342429e-14 2.510731839002628307e-14 1.181963364682224431e-14 8.220110845820093503e-15 8.126547746552956210e-15 1.794086678335798659e-15 1.444068297467085688e-18 5.818832555583105218e-19 3.362517341084259097e-19 2.332917494512161090e-19
2.381686152911360233e-12 2.903643258945082467e-13 1.849908070356152798e-13 1.342204127694197972e-13 9.307184667516754233e-14 5.205961425905190073e-14 2.512637559190963688e-14 1.174047660732951813e-14 8.151943340382738627e-15 8.241605298540685703e-15 1.796285866219380365e-15 1.474430824349675051e-18 6.134022800597431699e-19 3.578496248034774120e-19 2.485317959239846739e-19
3.535924622094274034e-12 2.970760232975274583e-13 1.917696372556506173e-13 1.384090657634801307e-13 9.039200814478543384e-14 5.284010267583738216e-14 2.502423745926188278e-14 1.185323577964408102e-14 8.154012166687250165e-15 8.191637659921881818e-15 1.772091200153788186e-15 1.477844135902464251e-18 5.962876581642945974e-19 3.631973214194063204e-19 2.486578966606240384e-19
3.506413745759202059e-12 2.854994373105885883e-13 1.854852101829568538e-13 1.380478537027765450e-13 9.149601388862228086e-14 5.267697302542988894e-14 2.500064936025227201e-14 1.175635601317185501e-14 8.187732127022700732e-15 8.148990918510093144e-15 1.791485063703936981e-15 1.575274924200126396e-18 6.644666055253707339e-19 3.793058492916585572e-19 2.590837401443366892e-19
3.996085532091975589e-12 3.065480659376582525e-13 1.882362671811044505e-13 1.377572494948823291e-13 9.247011440052058598e-14 5.259669789756757826e-14 2.516269573646817902e-14 1.181661371169932419e-14 8.247598425932421400e-15 8.245072520297376922e-15 1.800282903419152336e-15 1.439072411622982038e-18 6.049067403495537317e-19 3.638124163576213362e-19 2.475545213368494777e-19
3.890256531008766832e-12 2.949050107560079709e-13 1.911147286945429157e-13 1.373828693918361210e-13 9.403028458171025078e-14 5.274523011459353524e-14 2.504194880922586635e-14 1.167634714243046647e-14 8.167634389963264082e-15 8.155618246924977694e-15 1.803230355058447348e-15 1.516263527015427124e-18 6.188483647168256335e-19 3.602222822727263105e-19 2.516244929679845492e-19
2.837419848068785457e-12 2.901594170906155260e-13 1.880918559338819737e-13 1.365778491005545844e-13 9.247812225044117165e-14 5.198230957559950715e-14 2.478038476166042253e-14 1.180488924784442432e-14 8.243876386042108943e-15 8.235112339794671528e-15 1.778216417571429960e-15 1.455950050519355665e-18 5.959042103891847557e-19 3.581830340403682900e-19 2.465342153041699104e-19
3.131182384869213613e-12 3.062033401379233071e-13 1.879266860954260590e-13 1.374151435684394422e-13 9.380014660702008635e-14 5.209995013811489346e-14 2.467831676051290043e-14 1.172588983656794008e-14 8.146387545983594254e-15 8.194784774959504753e-15 1.837453413585369744e-15 1.480476167572521032e-18 6.289996225257732796e-19 3.609056995587876614e-19 2.496857043736982318e-19
2.968587234309427049e-12 2.942126243839874464e-13 1.859494397194419651e-13 1.373162361048211215e-13 9.297431630810232365e-14 5.221534660025881792e-14 2.502867618747029522e-14 1.159186661631809208e-14 8.091870612637849273e-15 8.288274859392091156e-15 1.779491846206887482e-15 1.621283095557872860e-18 6.410265438284242056e-19 3.933441205020919562e-19 2.708384943550760461e-19
3.765683122140399819e-12 2.947677288470972377e-13 1.860468801062093608e-13 1.402795996529726463e-13 9.478407332731566228e-14 5.215437520720645749e-14 2.504343707458889646e-14 1.192596996943251162e-14 8.255984793651745624e-15 8.221121693433359568e-15 1.846571266568736011e-15 1.401811098418291494e-18 5.966661208039997765e-19 3.488285609589579533e-19 2.386787233918557136e-19
2.641804987470375345e-12 3.063530616003012882e-13 1.891674584216750390e-13 1.411323855539823230e-13 9.287654989233844137e-14 5.273745555389151718e-14 2.474388444593150042e-14 1.164183666531808890e-14 8.221636606475322773e-15 8.240618448508101983e-15 1.811419535825952201e-15 1.648021423964235638e-18 7.178680172006736697e-19 4.118408691715054622e-19 2.814829516161084911e-19
3.463768389746844455e-12 2.956501253999981484e-13 1.841275567292259034e-13 1.379352307933618592e-13 9.119140281518184957e-14 5.264179779751700823e-14 2.501721250960390549e-14 1.172237795872722239e-14 8.234403978487421462e-15 8.201761541524627427e-15 1.755666228305219591e-15 1.428373540519564871e-18 5.887813080309953821e-19 3.492026541795043053e-19 2.410983635143704324e-19
3.849708602755012838e-12 2.821591388692595614e-13 1.836563518921596319e-13 1.373281481891779193e-13 9.314686028394726104e-14 5.253631299802160369e-14 2.516800148142363683e-14 1.161492270758838843e-14 8.270452177748426616e-15 8.225318690149084013e-15 1.789974170237157831e-15 1.360276638957503240e-18 5.713960685169084752e-19 3.296420289645356281e-19 2.274772122811031507e-19
3.713345636809181839e-12 3.018854697689664044e-13 1.866121430328526096e-13 1.375967333279518851e-13 9.237378616620264454e-14 5.188815964830292226e-14 2.466829117246070382e-14 1.183077411724135618e-14 8.225223074315967082e-15 8.163691829578186213e-15 1.799125272877828256e-15 1.491502914631733876e-18 6.276076112589323970e-19 3.580567149906980292e-19 2.495773650330659946e-19
4.190259100281357574e-12 3.035285635168884057e-13 1.861988264320051229e-13 1.377900029475658846e-13 9.265339780390452264e-14 5.221738267640838730e-14 2.548996198890944021e-14 1.191841483124650224e-14 8.203669704983967485e-15 8.251209714182792439e-15 1.781143433994684103e-15 1.590811407339250422e-18 6.751843748276640315e-19 3.965333968553748634e-19 2.758058017149874190e-19
3.709784860762389944e-12 3.009521845325461945e-13 1.905378414255784350e-13 1.384674638169132012e-13 9.207691879197182878e-14 5.169789945037586489e-14 2.539068333192503324e-14 1.197854090121456557e-14 8.160255936672756414e-15 8.303388298967313752e-15 1.785744784990809010e-15 1.460607091699562254e-18 6.240239788480352206e-19 3.606736393328700300e-19 2.528285523005281153e-19
2.717043429772875210e-12 2.945900045000937227e-13 1.845098414057591369e-13 1.341538474471827897e-13 9.291470667081826184e-14 5.233965094708537573e-14 2.516841353332583919e-14 1.182662767199524210e-14 8.170044959029151668e-15 8.237614523905730938e-15 1.783202347055031012e-15 1.518190571455861613e-18 6.119603514920180044e-19 3.607805852016269820e-19 2.488778549130417895e-19
3.042242294109630182e-12 2.906235789232542047e-13 1.897958103682980719e-13 1.365801792348805542e-13 9.258983569506612407e-14 5.256904504674665899e-14 2.492167907654754086e-14 1.178717983021330562e-14 8.224565576803797766e-15 8.333774263740227542e-15 1.764292359697438009e-15 1.534177009365459464e-18 6.245195143981705503e-19 3.670215380088408152e-19 2.518750239218162357e-19
3.235170424980775805e-12 2.935460421585969276e-13 1.873228244714100241e-13 1.368553555806504159e-13 9.252796436991762720e-14 5.258412005940786345e-14 2.487386956347196904e-14 1.176195107121339346e-14 8.209448015630496757e-15 8.335080397884210041e-15 1.835184860197909706e-15 1.581328536688672666e-18 6.689410827251777150e-19 3.833665169173039210e-19 2.650162340002716956e-19
3.246413998721262768e-12 2.901963414301474607e-13 1.856442083289073925e-13 1.353123815987549946e-13 9.296812319673049726e-14 5.271277675567751754e-14 2.513975704189348729e-14 1.171807974279823926e-14 8.328104433804660140e-15 8.115639538900523887e-15 1.848795197644063024e-15 1.690478609388781086e-18 7.247982741832224335e-19 4.086127115613013709e-19 2.850154900160463517e-19
3.580009179982698658e-12 2.874300185030017979e-13 1.895232439593366117e-13 1.375201489553242658e-13 9.222229052403487351e-14 5.285156252103517445e-14 2.505961864942833477e-14 1.175230412657045771e-14 8.202531505904194061e-15 8.145409889523051522e-15 1.811456261324476493e-15 1.506103147200928477e-18 6.397879243022167246e-19 3.668392792031100330e-19 2.562574518285679429e-19
3.198258247293831315e-12 2.967361622371626151e-13 1.921725073679538949e-13 1.379572597338322856e-13 9.186668037109108340e-14 5.209587538121019589e-14 2.492811741357052068e-14 1.175768583249919055e-14 8.281560750269850656e-15 8.232411784660211249e-15 1.817515936988231951e-15 1.409831774578893312e-18 5.729391675360489960e-19 3.399244622157127454e-19 2.331691589365231343e-19
4.843348564323401657e-12 2.959874440128517580e-13 1.836588475283198723e-13 1.418990640802657495e-13 9.230918445409588579e-14 5.279621309272195342e-14 2.513584600754757574e-14 1.155677621305174776e-14 8.170793590221985987e-15 8.233258248422157018e-15 1.849176343958118341e-15 1.551925207391961202e-18 6.207371605942728085e-19 3.737491672954592399e-19 2.602286528514637610e-19
3.376345326746679079e-12 2.865777214255354545e-13 1.914716324327124966e-13 1.394474011618481142e-13 9.284048617503871761e-14 5.284603874102447173e-14 2.487286616140821820e-14 1.183433228324303039e-14 8.355616937764826165e-15 8.178192354315804413e-15 1.769975005458014940e-15 1.635681364008766083e-18 6.838787245278381892e-19 4.103133780030686795e-19 2.804873915103701094e-19
3.105732572466364572e-12 2.953809655363049243e-13 1.907508617565853217e-13 1.362661568872010320e-13 9.138365002494868874e-14 5.248794269695815886e-14 2.508319724090897674e-14 1.183233302028760426e-14 8.180370450846189753e-15 8.179849228564665931e-15 1.786192291094005637e-15 1.570566373150596874e-18 6.318641815871384791e-19 3.744311328073404206e-19 2.509337440275664802e-19
3.792997942572460252e-12 2.940593339920234347e-13 1.856999881699348597e-13 1.379241790437983078e-13 9.303301158793686166e-14 5.274471395477448557e-14 2.512906319533751094e-14 1.185469973513749370e-14 8.131583170642763581e-15 8.223597863248181464e-15 1.783753402629058061e-15 1.677725221572642833e-18 6.669849266404172597e-19 3.933086449432839169e-19 2.725357850321328031e-19
3.495653784391147205e-12 2.937870606421374746e-13 1.890176740012313183e-13 1.376083668874178396e-13 9.119692191773318381e-14 5.317033068917868003e-14 2.488244321833221779e-14 1.177974918162480962e-14 8.190558758335408571e-15 8.253045849670871678e-15 1.783194730446146228e-15 1.586757569138744958e-18 6.882413344138853201e-19 4.037379057178551083e-19 2.755687951160233807e-19
3.545942619225983304e-12 2.885579324943019376e-13 1.919375385274746736e-13 1.389100566787370849e-13 9.375888013949331062e-14 5.297021028879041008e-14 2.501244893130370762e-14 1.171519546344857325e-14 8.305517188773714762e-15 8.235982337904640822e-15 1.814734666104458668e-15 1.621811299797430709e-18 6.773641570236375599e-19 3.970319426136496427e-19 2.751786365359146444e-19
3.230149374309736324e-12 2.960037134866058152e-13 1.837759380252563093e-13 1.379667218077047553e-13 9.344169815828508041e-14 5.229336468599280959e-14 2.503773450080515943e-14 1.181746707421889325e-14 8.125666850733995565e-15 8.209463099696486674e-15 1.811321400472415823e-15 1.449144186346729032e-18 6.125322086985298581e-19 3.545933078614027026e-19 2.444790295882295084e-19
2.751311435652779614e-12 2.986645993611594277e-13 1.884589811470983373e-13 1.351429348240164418e-13 9.157467695786366234e-14 5.264038650884486632e-14 2.532845063847029999e-14 1.193807160837267388e-14 8.240374874432674251e-15 8.296261480644777991e-15 1.802915250451775695e-15 1.670765091325211103e-18 7.262968020310396906e-19 4.229074775678927768e-19 2.972013742625334489e-19
3.590445287614877555e-12 2.950994466479233299e-13 1.873463928625605044e-13 1.358667688770202457e-13 9.241550082148531587e-14 5.223840833100297143e-14 2.481627174912895805e-14 1.161278213156304717e-14 8.230454942632949643e-15 8.226105677128027885e-15 1.801870893305625055e-15 1.401703121015560479e-18 5.714856573441041651e-19 3.287347170254200903e-19 2.284494607256282893e-19
3.420688943584321978e-12 3.009867996423592770e-13 1.902446250493182199e-13 1.379148020042405339e-13 9.274594853552213179e-14 5.321566124884647353e-14 2.488962632619073701e-14 1.185669777405965253e-14 8.144874392804260253e-15 8.135881755541535322e-15 1.786371984499485419e-15 1.427740013738790586e-18 5.927959541597496900e-19 3.562712426648435663e-19 2.446747798411181805e-19
4.456732786921412736e-12 2.930008887900872926e-13 1.880731327228570944e-13 1.384098727864289526e-13 9.254219700044622214e-14 5.299641590115482903e-14 2.492783460268743393e-14 1.155727619460932987e-14 8.141467225570266608e-15 8.235325896060575761e-15 1.824623055949988405e-15 1.564815055305867043e-18 6.353426970224891121e-19 3.757762921315232814e-19 2.549829507579490986e-19
2.699296953804253999e-12 2.905324712026738062e-13 1.840463891292606991e-13 1.369666994991415932e-13 9.238679347946502721e-14 5.193190988823095835e-14 2.473069969441618630e-14 1.173832809047069311e-14 8.126039890484216060e-15 8.263220072470210820e-15 1.825084877889883041e-15 1.650491119306802113e-18 7.101462509905669505e-19 4.099716049496706393e-19 2.796772187914982453e-19
3.234175406474529283e-12 3.034747136862425433e-13 1.864783767280152872e-13 1.375422912706266326e-13 9.179046650526246646e-14 5.179488869673144599e-14 2.516334879632887482e-14 1.158928128440152458e-14 8.193563676432325963e-15 8.307881056401731896e-15 1.813504796227183094e-15 1.415688500788617020e-18 6.157909859937936868e-19 3.477098213233231956e-19 2.397798750694331156e-19
3.387939396743635758e-12 2.947731386671622030e-13 1.850733495088486403e-13 1.386436859848185127e-13 9.099438135470891964e-14 5.280338704621354384e-14 2.501645570340877943e-14 1.167935465212078461e-14 8.173810147156847638e-15 8.208922531420547999e-15 1.797309654329764521e-15 1.682935407721922791e-18 6.804821022483709792e-19 3.990132135168276254e-19 2.757235718006277591e-19
3.849980967748472164e-12 2.990051332458736985e-13 1.883328346059702049e-13 1.383182315821657993e-13 9.297048244963927634e-14 5.262847205567121044e-14 2.495907506058060891e-14 1.173909908706833290e-14 8.229318377604487855e-15 8.233554558378440219e-15 1.778735143913227227e-15 1.561389787125758672e-18 6.558996896248649974e-19 3.867467588240547298e-19 2.643997773790297593e-19
2.773378602314124240e-12 2.960830456279430623e-13 1.896951021779434935e-13 1.362368899324149163e-13 9.208916304773801979e-14 5.288340955595515916e-14 2.511878883490100021e-14 1.167853695162976494e-14 8.303812242334591173e-15 8.165717774671572056e-15 1.812586581339452251e-15 1.563734052429019232e-18 6.032920112346599895e-19 3.576614226750025681e-19 2.486378989046138398e-19
5.017953338191210323e-12 2.937506846101378290e-13 1.873634339921578861e-13 1.377498221018200698e-13 9.229099938329931643e-14 5.307757992801672614e-14 2.535492305259789495e-14 1.166099463874484828e-14 8.227842543216896218e-15 8.333099709565927426e-15 1.786478166284273567e-15 1.547867537209058719e-18 6.530308597985198353e-19 3.863674018291579042e-19 2.679364945681484300e-19
3.577739539189425318e-12 2.929285340110688608e-13 1.888536923046077104e-13 1.395847188286370575e-13 9.462623528217322262e-14 5.229963473634373830e-14 2.476258860673253752e-14 1.164245946369062930e-14 8.264105369491046017e-15 8.206544446488418238e-15 1.818094146613944301e-15 1.445294867713450249e-18 6.219655158378805964e-19 3.648453477831298004e-19 2.533200657060135447e-19
4.104428328644094462e-12 2.894404758452840723e-13 1.866477052990652171e-13 1.376818469519036700e-13 9.355906802551429700e-14 5.190213660375809425e-14 2.515465692611095179e-14 1.185948405713195186e-14 8.304957693926830056e-15 8.276998713153092451e-15 1.833356596151007321e-15 1.835963584313695638e-18 7.380261352383965008e-19 4.333927539178930130e-19 2.989220069271647954e-19
3.764101090694205098e-12 2.929662310080315037e-13 1.902093016694777732e-13 1.391492379592332751e-13 9.213828271309833079e-14 5.272469370613211141e-14 2.498168540917849831e-14 1.181633943820246677e-14 8.092505569401209053e-15 8.313469106285831381e-15 1.781454444814660458e-15 1.425305366839088635e-18 5.891600285117681034e-19 3.410550473338580804e-19 2.370182612649482849e-19
4.320006573623429217e-12 2.972872832174654288e-13 1.848553142479061961e-13 1.364969754145497829e-13 9.095876661437603637e-14 5.259627494964131571e-14 2.532717368999310875e-14 1.182600689418552993e-14 8.184097690586021323e-15 8.186886130491338763e-15 1.784183040203052775e-15 1.457566303181706733e-18 6.172434876475581761e-19 3.601271607681285130e-19 2.478641309660878917e-19
3.208041489163509670e-12 3.021983359113034196e-13 1.870253951392895250e-13 1.370096142899318233e-13 9.265729732746379206e-14 5.245542549606711000e-14 2.515738900534932273e-14 1.168552236195801921e-14 8.206498580121640569e-15 8.269951401286043600e-15 1.778475143799385795e-15 1.455536876529254611e-18 5.860582984603789443e-19 3.499991877622887186e-19 2.437434203989470327e-19
3.336865651836376110e-12 2.967087937909921563e-13 1.851595722140881578e-13 1.374618410427562029e-13 9.104910675520034689e-14 5.235093758620585266e-14 2.508983120929669014e-14 1.170120038883400050e-14 8.145372741477817669e-15 8.178937891830545341e-15 1.787348055048130473e-15 1.566156377057645555e-18 6.375163974917917948e-19 3.753194060066924071e-19 2.585667022389912599e-19
3.660419697722425327e-12 2.846790627848807391e-13 1.915885044897806243e-13 1.381524832024451954e-13 9.128498613643546435e-14 5.268094007290816931e-14 2.503229835102174174e-14 1.179673643463902585e-14 8.174798982893597432e-15 8.195628833202876673e-15 1.827381718887807700e-15 1.705724558651022603e-18 7.056237990762961683e-19 4.021919757085923956e-19 2.796109331080177711e-19
3.152831314144552144e-12 3.015861682062503606e-13 1.899760678897195077e-13 1.375604845903508719e-13 9.332919919293211925e-14 5.305200028690377437e-14 2.456203794504601566e-14 1.188986301264773091e-14 8.220659228453737855e-15 8.240447457885813022e-15 1.798096309586152963e-15 1.623502541188051807e-18 6.595896564215494491e-19 3.926942087332479108e-19 2.698295773466889838e-19
2.645380748669846129e-12 2.934041385216026980e-13 1.823129772684491849e-13 1.362232796225950230e-13 9.212184085248851963e-14 5.228090088547638070e-14 2.505934683227869594e-14 1.160777539172178704e-14 8.260838051793424683e-15 8.178020567043899368e-15 1.763782955709281502e-15 1.566367300846996274e-18 6.139446925473629990e-19 3.733917117791440607e-19 2.554082093554710683e-19
3.340697992212011885e-12 2.964129696094277756e-13 1.876459580858123108e-13 1.388686519431966969e-13 9.182233617860112808e-14 5.259165922759758335e-14 2.466494427591890268e-14 1.176789104629642685e-14 8.246498598516105747e-15 8.227585494612887090e-15 1.762876207806656123e-15 1.785000468503986378e-18 7.077001177402558335e-19 4.268418780862933320e-19 2.898883388510575520e-19
4.922971255230394975e-12 3.034114716286115097e-13 1.852897901518667668e-13 1.391160595475539593e-13 9.416055168002394480e-14 5.320136360905379812e-14 2.501430267188198441e-14 1.178744040571136678e-14 8.243023202833228453e-15 8.241949498172351907e-15 1.805351724709141191e-15 1.540190359329959490e-18 6.639315413234864909e-19 3.846066966284101013e-19 2.678137477159135897e-19
3.924074540946596307e-12 2.969782872935419833e-13 1.891012390420808521e-13 1.358370645359235771e-13 9.278413599002218133e-14 5.253421201763510247e-14 2.497213447026744491e-14 1.165925945906679190e-14 8.182207769098688249e-15 8.150909732595706380e-15 1.740784934113887885e-15 1.611956684836980488e-18 6.569039824020213216e-19 3.852577101236054814e-19 2.643777501930780351e-19
3.356243970046887443e-12 2.912661721293522741e-13 1.861334206437986499e-13 1.384861810532344274e-13 9.113180600874928979e-14 5.288472482882681309e-14 2.505610797340071111e-14 1.171125258518395513e-14 8.197168214453971153e-15 8.164959585856249475e-15 1.792871343165721727e-15 1.411114959858717834e-18 5.807989326259781783e-19 3.420999246242557110e-19 2.361323920984508495e-19
3.669806300330652500e-12 2.974614597454849886e-13 1.859451765752218629e-13 1.380257063464266349e-13 9.294628515755758958e-14 5.227732997317236174e-14 2.519504239814954259e-14 1.170926460684192438e-14 8.172982164659925355e-15 8.254139847781824584e-15 1.792759550862138637e-15 1.580715202844246129e-18 6.587733402394655257e-19 3.781008491898209606e-19 2.650606498900311896e-19
3.107830860763847848e-12 2.983465955921988149e-13 1.866579340999249378e-13 1.375378495544873161e-13 9.275342229100827463e-14 5.244584360339122823e-14 2.492705113681171297e-14 1.175644643397213496e-14 8.248046342831087146e-15 8.214817962617438128e-15 1.842608944830170051e-15 1.427137667056827463e-18 6.149849400902701744e-19 3.553241376252830639e-19 2.440003601695017177e-19
4.666427366264962269e-12 3.029319326645706903e-13 1.874609272187067578e-13 1.380380113023440775e-13 9.344568029701557536e-14 5.293844314517868157e-14 2.520038442827592346e-14 1.181225945285380932e-14 8.098190479362528471e-15 8.213059380216463727e-15 1.774104688809369000e-15 1.537859576486354126e-18 6.376427570461732133e-19 3.806409111557505490e-19 2.639511402768753515e-19
3.159005539363398142e-12 2.943258109960252236e-13 1.844844373477856148e-13 1.362107034190907121e-13 9.251826140760478051e-14 5.326599803310066445e-14 2.509665763658895665e-14 1.178083384533838847e-14 8.259823495659622160e-15 8.218430051500776814e-15 1.756428124105442746e-15 1.229974439846851431e-18 5.135866426355632061e-19 3.005900127716824018e-19 2.077451561915382209e-19
4.316763609208912431e-12 2.982621415664266115e-13 1.896202031067881627e-13 1.362441955250122934e-13 9.202743997022164345e-14 5.274341214250756053e-14 2.507996871196668684e-14 1.177937284744090271e-14 8.250647652447529015e-15 8.236086924501778969e-15 1.822643444234685155e-15 1.348635714507675470e-18 5.598566504027301506e-19 3.296735113293781358e-19 2.310010209532288402e-19
2.897821888249731127e-12 3.037820588473260396e-13 1.884842383865047128e-13 1.384787266310885942e-13 9.290189722230282666e-14 5.276686081890938318e-14 2.479469465355304504e-14 1.166823686167995131e-14 8.229822509024537624e-15 8.161479657856726753e-15 1.805167033901800550e-15 1.571465497214082600e-18 6.481853860077236260e-19 3.791404535045856599e-19 2.615167171063489268e-19
3.257869704499300671e-12 2.967655640024805044e-13 1.884785309976294175e-13 1.390698341055200534e-13 9.148647135100000694e-14 5.256833859734103983e-14 2.504725031215041199e-14 1.176053364318267387e-14 8.221755174275463395e-15 8.244692832057799436e-15 1.790309080606846106e-15 1.550734289143325491e-18 6.420031005999553356e-19 3.849466738106475929e-19 2.660586414545956875e-19
3.462892153598179956e-12 2.895329152924108363e-13 1.845289057758626851e-13 1.373126809525899526e-13 9.307049640362637489e-14 5.222628604025760568e-14 2.514310450464826531e-14 1.159100121949538519e-14 8.179969933942394188e-15 8.334215702493736790e-15 1.802836999584159145e-15 1.448285701618288866e-18 6.029517483713543380e-19 3.513730894835625582e-19 2.419811579476566382e-19
2.774643725156684597e-12 2.935367146235379270e-13 1.865334636411292222e-13 1.384531619152109877e-13 9.116818004610127494e-14 5.252724634033088456e-14 2.534313804998290126e-14 1.175548856924414652e-14 8.238223027898098489e-15 8.238133663938769630e-15 1.764702461368165655e-15 1.656544550441694181e-18 7.187930711565645630e-19 4.195130706745707834e-19 2.910752014838430469e-19
4.608285349875146303e-12 2.946519400343079931e-13 1.889869811309407548e-13 1.368142715028697156e-13 9.427454451185948015e-14 5.270591314271181112e-14 2.507632646877169862e-14 1.184625558200734191e-14 8.321342850126197946e-15 8.217621630547027023e-15 1.801631287243644084e-15 1.421122613641667551e-18 5.815845171073364950e-19 3.438664430108213443e-19 2.411428115940232537e-19
3.824921569925944395e-12 3.024997584288570283e-13 1.870753214613896221e-13 1.385839121146049587e-13 9.295259473009124512e-14 5.352840977658684426e-14 2.479072614942292727e-14 1.162554750288996530e-14 8.284901896899211659e-15 8.147135459320121925e-15 1.733569394407299018e-15 1.623339462529148253e-18 6.619833152558788143e-19 3.883402610982615642e-19 2.686968391097630125e-19
3.612871490256320275e-12 3.041714278429661683e-13 1.834848159255674350e-13 1.360274374007444223e-13 9.321036654410244418e-14 5.223129988364443774e-14 2.494059796926850210e-14 1.175433027501838459e-14 8.221221427003494144e-15 8.154322491684061727e-15 1.835288952218900146e-15 1.814809812487249274e-18 7.529978590040719780e-19 4.445207070890427591e-19 3.079787718018325588e-19
2.912463990093587825e-12 2.925284550514527377e-13 1.876379027151031252e-13 1.380506940590169347e-13 9.315032789939957620e-14 5.251586171879730291e-14 2.505397355116546674e-14 1.167086396644599522e-14 8.238030202560948023e-15 8.228622455797825065e-15 1.779881163136819237e-15 1.254960279475931029e-18 5.257187617495977695e-19 2.966725952195419138e-19 2.094433765622049581e-19
3.619351985031326574e-12 2.934695625377794050e-13 1.891594488193430179e-13 1.371173695276567540e-13 9.132579469744516709e-14 5.164679911149214930e-14 2.487521900331142324e-14 1.175929356314548147e-14 8.217238978270572716e-15 8.148835510842647137e-15 1.776740083704371436e-15 1.402034197614897498e-18 5.832057598013007227e-19 3.353074888910899576e-19 2.379229884171745313e-19
3.560508680783418828e-12 2.964090433116490028e-13 1.860226456501648663e-13 1.372326742854012146e-13 9.336380939330964673e-14 5.180437975054490048e-14 2.501708058946482151e-14 1.179697173683521642e-14 8.202964966703629703e-15 8.206177831032902083e-15 1.827608132064619849e-15 1.580599866392932559e-18 6.616191604949726650e-19 3.898791533087564380e-19 2.675137726669943884e-19
2.807958839531187451e-12 2.969734791955062448e-13 1.846244326129823946e-13 1.380048776883959897e-13 9.349845393540261001e-14 5.160979868255351004e-14 2.484410103539683702e-14 1.165368617565392718e-14 8.259187524145800566e-15 8.244007808727789055e-15 1.839967377745967893e-15 1.580742505914918980e-18 6.487125989106271510e-19 3.746886181466479001e-19 2.618687873648931568e-19
2.275486738640448779e-12 2.982997929579225954e-13 1.889857240117019479e-13 1.382990148609354933e-13 9.260914345995844487e-14 5.252505837261438867e-14 2.494204685420932201e-14 1.182225593089424610e-14 8.242485211664616838e-15 8.177310098609169917e-15 1.747775869025133313e-15 1.462819242553489967e-18 6.005175674001955559e-19 3.431092652594997170e-19 2.390670377335727716e-19
3.943093830359822297e-12 2.994261451643976267e-13 1.844159803189999793e-13 1.366088924406420588e-13 9.184971045572390654e-14 5.227373781568922233e-14 2.502534502323268611e-14 1.182609581932323089e-14 8.256992435220600659e-15 8.278460214700381935e-15 1.796491713736366923e-15 1.461567687404649586e-18 6.064506469166398418e-19 3.563326422456429509e-19 2.481978857318836802e-19
3.331219940485807356e-12 2.940900326002463643e-13 1.873838189344907746e-13 1.374763310774232231e-13 9.137884527971518085e-14 5.290038812677999449e-14 2.523699475086256086e-14 1.176901147712046328e-14 8.217983905418889441e-15 8.251858296328202203e-15 1.820119079265946635e-15 1.665311613483225912e-18 7.060526460161772857e-19 4.127105289691422448e-19 2.843600033200034850e-19
2.854735731369756377e-12 2.912611549084066232e-13 1.884582798253411907e-13 1.383940390349447863e-13 9.172301424698916827e-14 5.249257065035037574e-14 2.524122011362321719e-14 1.178839789775633523e-14 8.241095083630009564e-15 8.207785069004544412e-15 1.779728780876720735e-15 1.535200615854338985e-18 6.431034901794909057e-19 3.790156207042407463e-19 2.576027538044212841e-19
3.507103637201322721e-12 2.978126337631384049e-13 1.843378763751952760e-13 1.385163592334471204e-13 9.360549895834352541e-14 5.195923839259455730e-14 2.523209670494443632e-14 1.174584233487462983e-14 8.211420741354643274e-15 8.159721019566094755e-15 1.809276769658640832e-15 1.456470577541201959e-18 6.036814041290314080e-19 3.520661351061154127e-19 2.418931354266972977e-19
4.004630740675247178e-12 3.015262385658775810e-13 1.878130529536924097e-13 1.416519423004583866e-13 9.273530927240476190e-14 5.264300644994191786e-14 2.505511064486665260e-14 1.167816854690509402e-14 8.229346568876036629e-15 8.233145165146989404e-15 1.758037060186294634e-15 1.467480657495374430e-18 5.962750031950169853e-19 3.434291481535571137e-19 2.380272682956934163e-19
3.710711166720722107e-12 2.974072303875148797e-13 1.843836077154949286e-13 1.365743479951297797e-13 9.240644596493946529e-14 5.245290805373100773e-14 2.487290262055001301e-14 1.169410162354598829e-14 8.192578426256423283e-15 8.252526838188017060e-15 1.801688631876228104e-15 1.535285937726706277e-18 6.306843396949839015e-19 3.718817206203916512e-19 2.585376726302948239e-19
3.609405846696277482e-12 2.972302774591399994e-13 1.861368627418103373e-13 1.371978026594487311e-13 9.249081070397832149e-14 5.238859258761446006e-14 2.490530982103449329e-14 1.184602037428482096e-14 8.069421879872676804e-15 8.313440229000336932e-15 1.782988586121152849e-15 1.438980375865066831e-18 6.122315338917047644e-19 3.611150473885537412e-19 2.510556297179157284e-19
3.922052934154003444e-12 2.991781288328933057e-13 1.831835835082830493e-13 1.338954259111590836e-13 9.302860317868560436e-14 5.260758914559990696e-14 2.483428533104678681e-14 1.167959269072037322e-14 8.150355130964612273e-15 8.289698863777541690e-15 1.792967493540487499e-15 1.448254267435964580e-18 6.038392091088153858e-19 3.593802372556745040e-19 2.442628622222182992e-19
3.077198487910433641e-12 2.910519540613248057e-13 1.884094282270526255e-13 1.354456026582028606e-13 9.198736127760409973e-14 5.263887918609739632e-14 2.474731562669480610e-14 1.180700923338206707e-14 8.152561591284735516e-15 8.168036716740989882e-15 1.825544528838403946e-15 1.608227256119477950e-18 6.798528003616654807e-19 3.978889253911003001e-19 2.761482580179011660e-19
3.599070416461734860e-12 2.840339870057418954e-13 1.869961244378572601e-13 1.387004370687617316e-13 9.285936439570781005e-14 5.342792815312212997e-14 2.496919784599499809e-14 1.170509187550034204e-14 8.305389998794719784e-15 8.202201790403027770e-15 1.778453339748831941e-15 1.664337042836165506e-18 6.830668269098519230e-19 3.983863850039315211e-19 2.790995835718319269e-19
4.115747110206000016e-12 2.991204581157229389e-13 1.891893634447457626e-13 1.379386370844539114e-13 9.202268239840938368e-14 5.256601033272511757e-14 2.529523158888993894e-14 1.174330518466182912e-14 8.202708521867518339e-15 8.220701834706107614e-15 1.806511809805642336e-15 1.549030706487971875e-18 6.606045115528227866e-19 3.848532403758939902e-19 2.618705794041513138e-19
4.826723965980337912e-12 3.049229669942922109e-13 1.877299270727775486e-13 1.375771215078246387e-13 9.215121619643229694e-14 5.377983776198463821e-14 2.484067613629560965e-14 1.160877353349490354e-14 8.236968181663436030e-15 8.225551983992129372e-15 1.810925378774524766e-15 1.527774460197815217e-18 6.232476809445444116e-19 3.713808969596622369e-19 2.498623606084896362e-19
3.333784973022171575e-12 2.948643269061344657e-13 1.887258248490872563e-13 1.399516459018892995e-13 9.164250064941024516e-14 5.196235611557122015e-14 2.532844606256517680e-14 1.176215908725083195e-14 8.203295669943890484e-15 8.163255234390269009e-15 1.779841603156189739e-15 1.445381653672582054e-18 5.918283519977262144e-19 3.425344443520887217e-19 2.348468940870203212e-19
2.629981868372096131e-12 3.009195708001778995e-13 1.878240036817503499e-13 1.381207440112010812e-13 9.187833851677916122e-14 5.284064188662057820e-14 2.512544467670713902e-14 1.169547997330020244e-14 8.234917818687825837e-15 8.248320456420138766e-15 1.824262251493074447e-15 1.617863319337611339e-18 7.012842169932749684e-19 4.076119425242438385e-19 2.756009631469796041e-19
4.158345122030405809e-12 2.931541763297246464e-13 1.832156300887967760e-13 1.362904163970523675e-13 9.241991384369370107e-14 5.274115256859006284e-14 2.481266428540369758e-14 1.166614361701459773e-14 8.275089593706028502e-15 8.160520816106093602e-15 1.772595513355461739e-15 1.381791473352662792e-18 5.676125143543192316e-19 3.260867569303370507e-19 2.259377253900145287e-19
4.525806353933308832e-12 2.982209516639052139e-13 1.919689458859396133e-13 1.383341770841138793e-13 9.267329416801823273e-14 5.239308555420375097e-14 2.494032015366175952e-14 1.161825803739706345e-14 8.149122125630410095e-15 8.252877831169963263e-15 1.802331290978824140e-15 1.501405013938798204e-18 6.398776969721093957e-19 3.761721021780681606e-19 2.616270719016980006e-19
3.665205080547132030e-12 3.036944421588647086e-13 1.850085685734390637e-13 1.344315414339943465e-13 9.366248506810257897e-14 5.278218278160221280e-14 2.502512318447115878e-14 1.183887178404918309e-14 8.227641664099834976e-15 8.172926419604207890e-15 1.811363183219173852e-15 1.512063124077905883e-18 6.282457021548247427e-19 3.657287706087087421e-19 2.576904557757407742e-19
4.378604205445474511e-12 2.955227607040117278e-13 1.877862644211161571e-13 1.375871955235140256e-13 9.213631729047597773e-14 5.180728435319273505e-14 2.498943357548388849e-14 1.190068674931381517e-14 8.173929773876609927e-15 8.253534573036463474e-15 1.803074708806366548e-15 1.530613837546609595e-18 6.531539188520268998e-19 3.740594110378529117e-19 2.602052602005497733e-19
3.689860884179898059e-12 2.927625761808385216e-13 1.879382182712196286e-13 1.377330330842316521e-13 9.052952966764695858e-14 5.269280869519310748e-14 2.501250305358474598e-14 1.185267356690199603e-14 8.228444474607791013e-15 8.321095024524522343e-15 1.743996970098794073e-15 1.375097813704886921e-18 5.582586692662437984e-19 3.306141226777241080e-19 2.267797223320193857e-19
3.780365811161821680e-12 2.957917291831172649e-13 1.871484955356188234e-13 1.381527376541063250e-13 9.396552561990253176e-14 5.112248516826692924e-14 2.526199930634722613e-14 1.185231126792115595e-14 8.212794846636537503e-15 8.316558648582810435e-15 1.760802898829917138e-15 1.558697762639372067e-18 6.571788201545266136e-19 3.866990164225048209e-19 2.698350988511129122e-19
3.223538692879221626e-12 3.052624943336535506e-13 1.850804113099107976e-13 1.360481516461666675e-13 9.302659625084127410e-14 5.263770048759274292e-14 2.509731958354330899e-14 1.182849528229364117e-14 8.150466333816583171e-15 8.170122642785855818e-15 1.799491592413994133e-15 1.524885617163011415e-18 6.254149292664465789e-19 3.611771384137456202e-19 2.458774983622051451e-19
4.664088121135204069e-12 2.906627095238524178e-13 1.857148298305992263e-13 1.380106315271976396e-13 9.311843487774957811e-14 5.228436840269549503e-14 2.489492006224551094e-14 1.177864118047514810e-14 8.228563114355024930e-15 8.208289652794520008e-15 1.814777480164753144e-15 1.540824058361543650e-18 6.464492881099054950e-19 3.793554673655180127e-19 2.643533360078488856e-19
3.302786087249412408e-12 2.952572238644350143e-13 1.850158259113075581e-13 1.397439034306443972e-13 9.261859490123006570e-14 5.204617849719762514e-14 2.499167051021921498e-14 1.164031531722298542e-14 8.228486123361236556e-15 8.183129786191983175e-15 1.756524761991592088e-15 1.431959452278457250e-18 6.005891881576703003e-19 3.496558422064198154e-19 2.418382996176440295e-19
2.612465458062777699e-12 3.062641143369615480e-13 1.893763284797952763e-13 1.386649165585718439e-13 9.201228146088673651e-14 5.240958762941663514e-14 2.510665598531278172e-14 1.181866395796672316e-14 8.269600227016960422e-15 8.342794562829487076e-15 1.801612375018226699e-15 1.553012900285404058e-18 6.315252440744817775e-19 3.703609256918981508e-19 2.599834328043570380e-19
3.477923545368037993e-12 2.932876047736617215e-13 1.887991088365664643e-13 1.373404793950123611e-13 9.262195709410366718e-14 5.202137496024812573e-14 2.482507930884810295e-14 1.180675398050749915e-14 8.301189058197210327e-15 8.256372128493670993e-15 1.783818699360607825e-15 1.489024626615109935e-18 6.438703228884249519e-19 3.776805525313916876e-19 2.626360342633404557e-19
3.430937670977766205e-12 2.982091892141435370e-13 1.876523006475261146e-13 1.365475850152568053e-13 9.262616977529443579e-14 5.277025493914640856e-14 2.512725851662904654e-14 1.182297312805867636e-14 8.309213229128298632e-15 8.251979377140625095e-15 1.829136341819222748e-15 1.593691908660599454e-18 6.624496681570998333e-19 3.956470161922450399e-19 2.688633732218830004e-19
3.507728355961248231e-12 2.846377901383852802e-13 1.885090341285508862e-13 1.389851152251973709e-13 9.197053436111500439e-14 5.325633024027390168e-14 2.503807046553826753e-14 1.176173917467694592e-14 8.210871661151593093e-15 8.280380143351868248e-15 1.801477730496656820e-15 1.405261085896527826e-18 5.964403804805425680e-19 3.534307819731795472e-19 2.417317064762943596e-19
3.578861671505812304e-12 2.835508562262088921e-13 1.888112614060938801e-13 1.384681106448657840e-13 9.097252684511268535e-14 5.233883308775517437e-14 2.529109950431773195e-14 1.185989070235571556e-14 8.256958841498243463e-15 8.281104677918493026e-15 1.845525917942630425e-15 1.385142755412120812e-18 5.817786715312356073e-19 3.353950651224666944e-19 2.330995137858929579e-19
5.173192925189911222e-12 2.951962141506578743e-13 1.896797667154451016e-13 1.387408964468839602e-13 9.250747469902578078e-14 5.299555463623878085e-14 2.492244537157902438e-14 1.181254531845525088e-14 8.208942294959447038e-15 8.168272595416317426e-15 1.800608755659093004e-15 1.521965091705611994e-18 6.575999789098688630e-19 3.778565893148834300e-19 2.634597378997631944e-19
3.714739858942898702e-12 3.045960292093638220e-13 1.836551115380494087e-13 1.373408288885243559e-13 9.211044773867694429e-14 5.300171041410929112e-14 2.527563805697389506e-14 1.180574429291022309e-14 8.250800920816645094e-15 8.206264373107006926e-15 1.826194605847009182e-15 1.490421225388460166e-18 6.381456438278331348e-19 3.647929583031802642e-19 2.488197271841828088e-19
