# Cls sims
1.053534985757124968e-06 8.615439211722724261e-07 5.665006329404624416e-07 3.972800093893950756e-07 2.751834151912312997e-07 2.069897069874073979e-07 1.609970576920352789e-07 1.279780760901385139e-07 1.009068826940824745e-07 8.368224518897059862e-08 1.673540301089247649e-08 1.581920152691430309e-11 6.695238900087954003e-12 4.002958672760668785e-12 2.793831963109748376e-12
1.083098207973145788e-06 8.699372314799038611e-07 5.683037206007315104e-07 4.039779021231525103e-07 2.712509649383250465e-07 2.051540279067990665e-07 1.592295634342084184e-07 1.266309974363379913e-07 1.012687010312297796e-07 8.460812168756517888e-08 1.637408983095866751e-08 1.542039533193420795e-11 6.454189297823401836e-12 3.738999442419858844e-12 2.583136354083888579e-12
1.098378943113416967e-06 8.772059616606236182e-07 5.625688049288288446e-07 4.023001512866942500e-07 2.766819244327498784e-07 2.079276456769478481e-07 1.627533287224538033e-07 1.275413245340696268e-07 1.024417382024479560e-07 8.400075262744617975e-08 1.640375224288413291e-08 1.555967951116808040e-11 6.211569808830878682e-12 3.632637565111585258e-12 2.536836286157648031e-12
1.069366815955498362e-06 8.836532179371950761e-07 5.557956661009233292e-07 4.008173405799997202e-07 2.727660917838235715e-07 2.129557522297054272e-07 1.597636258686563385e-07 1.265422219844741843e-07 1.024925473906238694e-07 8.393435227838773648e-08 1.623136492254915566e-08 1.486264975430957923e-11 6.607393400344766016e-12 3.785347170495410872e-12 2.608087697941673260e-12
1.097407241283194642e-06 8.966902571356385063e-07 5.609727551402348422e-07 4.074075395312876383e-07 2.773763988578118877e-07 2.070510377957376056e-07 1.638963785476453623e-07 1.270466090697132704e-07 1.030129280153183535e-07 8.419921499153807218e-08 1.681010753453580883e-08 1.514418697149959115e-11 6.480349999776514164e-12 3.709938226537114863e-12 2.597660344346505119e-12
1.067398384295073883e-06 8.931853735308812517e-07 5.627993979639213434e-07 3.943698785212061974e-07 2.726126559520767852e-07 2.074408436028767035e-07 1.627596280531757062e-07 1.247470988902524958e-07 1.026571269887453953e-07 8.472795653146428665e-08 1.689450406980950492e-08 1.472207796227776533e-11 6.122600029769392345e-12 3.560055249828671592e-12 2.471073765841891305e-12
1.111925472074993297e-06 9.037248359684757778e-07 5.622747572403297328e-07 3.943027662572129417e-07 2.763000230387785811e-07 2.097907018831649935e-07 1.630747826319814987e-07 1.265302839953389960e-07 1.014571423962253686e-07 8.476044089272144842e-08 1.693504790429663367e-08 1.375129190581109117e-11 5.875891993718119273e-12 3.382245071990167669e-12 2.383950452979920189e-12
1.039250025437515205e-06 8.756459928767140427e-07 5.771607780863776451e-07 4.016697579043150208e-07 2.790701022457222691e-07 2.063541497284344187e-07 1.630124658871320926e-07 1.256291488074432894e-07 1.031574225789961183e-07 8.388417386706054248e-08 1.653117689196816500e-08 1.299057441193264636e-11 5.591192144601304109e-12 3.286936296836507940e-12 2.277799123946038763e-12
1.081368423729192292e-06 8.672047645752792143e-07 5.662248166825402049e-07 4.013095556381382761e-07 2.766388399282981267e-07 2.073661102785786088e-07 1.615336520017196926e-07 1.264402580580693451e-07 1.025257080717710477e-07 8.433700516265485113e-08 1.627423439965072724e-08 1.457795689506364424e-11 6.004804509099767665e-12 3.522350108138312875e-12 2.419484576951465600e-12
1.068973963669735768e-06 8.705287352056668168e-07 5.736152974694819973e-07 3.977193933084416071e-07 2.757873606916892376e-07 2.091949972513938769e-07 1.625564896227789266e-07 1.264172293652842786e-07 1.015828378554682388e-07 8.440455478559509709e-08 1.632993336987577939e-08 1.504386987787915330e-11 6.303189613854533398e-12 3.629102882587206731e-12 2.472298068749811959e-12
1.067807570291840441e-06 8.800240350019340812e-07 5.683113799278866999e-07 4.037349816365984036e-07 2.744495099244218923e-07 2.078506504657998029e-07 1.611146260387392275e-07 1.292823261293144791e-07 1.024186980094517513e-07 8.387511264053283714e-08 1.631217804466680802e-08 1.391441189812717360e-11 5.966097052484188681e-12 3.513870115101104489e-12 2.431093509679650054e-12
1.072618005138059483e-06 8.697540970786501344e-07 5.709670089387692451e-07 4.020127994370839034e-07 2.729009279795843287e-07 2.083005030287164325e-07 1.621470153582175696e-07 1.268164671122888703e-07 1.027665837035897101e-07 8.393606769398369842e-08 1.651834858285126016e-08 1.418494359319944485e-11 5.962919459879131032e-12 3.441728704982482610e-12 2.398850344211061122e-12
1.098471518339214212e-06 8.649552213509801317e-07 5.742419440420652939e-07 3.914939151351487994e-07 2.736442743834582736e-07 2.063951186663686753e-07 1.619943745674130459e-07 1.257084669932062694e-07 1.032968397538919074e-07 8.408570207631659021e-08 1.658145271999783752e-08 1.705730397017144536e-11 7.400669898231058661e-12 4.258312515693913672e-12 2.973157131750180511e-12
1.046570555663770681e-06 8.678281995621471675e-07 5.631301428304049755e-07 4.012994872674365898e-07 2.749998770981621632e-07 2.076535252177515891e-07 1.626304803384029125e-07 1.253507646324956081e-07 1.014337438222235650e-07 8.498647041910991879e-08 1.674135931551598381e-08 1.337785977815530910e-11 5.775889805358562265e-12 3.396034746441734300e-12 2.378380335341650716e-12
1.111011450972627035e-06 8.676638597795794234e-07 5.793048532184921829e-07 4.105659559504467175e-07 2.788825432623115253e-07 2.084635524235763707e-07 1.621016126468418188e-07 1.250966840901573302e-07 1.032840181332971772e-07 8.332978802127039125e-08 1.693258053040801009e-08 1.393093590030716640e-11 5.955880277655364089e-12 3.474888119842698192e-12 2.351431669008079303e-12
1.092127885551382162e-06 8.798744556347132507e-07 5.581637148896711987e-07 3.970439255818143956e-07 2.773282722597825573e-07 2.054513752046348899e-07 1.632447507261093028e-07 1.270265223184917498e-07 1.016854714785129613e-07 8.404732602101264029e-08 1.664166434648451129e-08 1.446841612271166344e-11 5.812817454892527761e-12 3.492354666167592440e-12 2.398444627008252629e-12
1.100797621898666868e-06 8.763964745217279392e-07 5.553810734272320519e-07 3.919490733511678275e-07 2.767983580535192107e-07 2.121447606056658278e-07 1.592673427637587187e-07 1.264291157424734205e-07 1.018033938251981564e-07 8.501733203629354811e-08 1.623842665988826005e-08 1.374038255518710293e-11 5.778236991886076430e-12 3.419535626477818029e-12 2.366826385616787483e-12
1.062744203043644166e-06 8.594230165437789898e-07 5.595598934034812838e-07 4.020507350498827195e-07 2.767536808499352478e-07 2.065939193351800437e-07 1.636567538498070844e-07 1.262042603734976162e-07 1.025022929797259399e-07 8.353556292726670097e-08 1.635162218011025865e-08 1.284965490179369984e-11 5.596234663821804065e-12 3.268427854672786103e-12 2.263863572023580450e-12
1.021313946196439909e-06 8.685952263845492284e-07 5.685603452378356130e-07 4.049520116690460453e-07 2.792710996113981238e-07 2.059656200214188998e-07 1.636666279199918151e-07 1.269803005781400278e-07 1.018619979186988877e-07 8.505256044762851654e-08 1.666706062420257920e-08 1.435367598586782280e-11 5.939414654221476565e-12 3.504413001836645219e-12 2.446517974891726988e-12
1.125497769238273670e-06 8.914915955033622062e-07 5.805638296696102216e-07 4.000006975410510522e-07 2.776986990473785206e-07 2.103268955385680234e-07 1.638640244220042271e-07 1.288995042982679321e-07 1.009319352859332256e-07 8.426640420071891403e-08 1.683300116277733860e-08 1.567210465040338716e-11 6.214996291373373739e-12 3.742632750449248081e-12 2.541976774640607993e-12
1.120481407937598035e-06 8.572327228587146248e-07 5.541788171037226255e-07 4.032089704390622724e-07 2.751379106048643247e-07 2.059567720327327306e-07 1.627289743892051401e-07 1.269494775672473411e-07 1.016548876160313326e-07 8.313766360019559019e-08 1.668342403285834766e-08 1.363603710638798717e-11 5.819046070191473977e-12 3.438318508368733050e-12 2.305753362820002037e-12
1.158984876002435668e-06 8.542608088472117180e-07 5.650195466011567070e-07 3.951413460934551457e-07 2.777323512092343345e-07 2.080103046364540570e-07 1.620657419170304566e-07 1.260069301165479836e-07 1.030559382223840070e-07 8.352962226463070784e-08 1.653038119891965468e-08 1.428943932094103782e-11 6.236709242624818440e-12 3.599704621241084445e-12 2.518647295214294901e-12
1.077648675884621863e-06 8.589118593209202167e-07 5.706204118514965120e-07 3.915671199023625520e-07 2.774133975885628367e-07 2.104858445288018347e-07 1.619882849606799986e-07 1.252239524604515519e-07 1.027189566109574209e-07 8.459980493474970089e-08 1.657448425662969021e-08 1.247079526729917572e-11 5.143088238716549069e-12 3.075450078403884803e-12 2.115896948747139398e-12
1.093167107409465231e-06 8.649124222201744934e-07 5.691407439680066906e-07 3.986724470347961051e-07 2.771973565764050850e-07 2.060597056587736498e-07 1.615029659126059689e-07 1.245741635652742897e-07 1.030059284591710082e-07 8.378507765343723449e-08 1.648026748242205488e-08 1.487027942046764962e-11 6.219826346738096131e-12 3.610004794089726376e-12 2.520870819471914013e-12
1.093632019673699088e-06 8.907303227970879533e-07 5.602988287395166645e-07 3.984210546292615196e-07 2.790156291772552424e-07 2.035017975705072588e-07 1.618810491767383590e-07 1.267527417218913305e-07 1.023384009513904981e-07 8.443238634708670083e-08 1.622559859538908047e-08 1.458837010116632873e-11 6.241941200665880639e-12 3.522916868930206736e-12 2.525435024888531098e-12
1.043858347402891715e-06 8.851430271994088330e-07 5.668709982329823019e-07 4.001671145418578050e-07 2.766343823511564309e-07 2.089358250266652451e-07 1.644177488336271646e-07 1.253270048211069189e-07 1.016693520706872438e-07 8.403500066251796124e-08 1.633992968907777666e-08 1.439085281323870523e-11 6.319953654737990011e-12 3.637818344604135064e-12 2.498981399623671112e-12
1.109793676975443864e-06 9.050599177055736765e-07 5.686669498781091232e-07 3.952154471414327597e-07 2.753344607184337550e-07 2.070288138909895140e-07 1.603828527391326825e-07 1.264689844020130209e-07 1.023852458999144470e-07 8.449202914036658014e-08 1.635827799075573644e-08 1.519150837627251118e-11 6.199700140659841659e-12 3.676754056736764871e-12 2.508123455374918234e-12
1.100485924368140067e-06 8.879880279100369410e-07 5.592171901092390582e-07 3.974057441238694394e-07 2.764247134402127435e-07 2.085051805554042857e-07 1.611822983932364645e-07 1.272932561427363303e-07 1.016424869740684148e-07 8.411162285911183328e-08 1.638140880360863583e-08 1.321686232949345957e-11 5.744329299803823314e-12 3.192357984484136231e-12 2.220737496848320957e-12
1.107207598018245085e-06 8.739790819516496125e-07 5.549162233475127953e-07 4.018972900765055861e-07 2.753300158891872021e-07 2.120011178464591035e-07 1.621339687356800414e-07 1.285082477129284917e-07 1.008572902209224791e-07 8.372511344212314372e-08 1.648661258020407199e-08 1.653454023833120108e-11 6.672116989683674347e-12 3.866153305948961319e-12 2.729019931767633894e-12
1.061458421365590186e-06 8.720693021905111653e-07 5.707393418822962845e-07 3.882030387519842081e-07 2.744917739650492976e-07 2.080997419087883765e-07 1.640342739545399928e-07 1.265779709524072677e-07 1.029109975076033830e-07 8.359731620579640754e-08 1.656841256712420521e-08 1.312107330950880610e-11 5.351070841651079299e-12 3.190156895843469966e-12 2.187858154742531870e-12
1.112980355207228908e-06 8.416057863363318392e-07 5.736110110300194041e-07 3.959829371220453669e-07 2.750989383935728339e-07 2.098892876677837719e-07 1.584667994862550370e-07 1.269587255708922925e-07 1.012640777527138176e-07 8.418954594929058162e-08 1.633263221958730268e-08 1.287083055413134500e-11 5.631806610538266532e-12 3.293581567036976487e-12 2.277195594275882610e-12
1.163636412844694836e-06 8.445393386130772572e-07 5.712518680278017752e-07 4.084497449362346279e-07 2.678931848458040161e-07 2.058931040061809412e-07 1.605655608695265709e-07 1.252539286681435540e-07 1.008839671813535174e-07 8.378483382008984352e-08 1.646639671555472352e-08 1.516720822104381580e-11 6.553734218209064266e-12 3.920626872236876107e-12 2.660569306963402934e-12
1.111769607954473001e-06 8.770690644863215819e-07 5.695586171085550397e-07 3.985335654754101828e-07 2.794207405391284052e-07 2.086797176412649992e-07 1.632252051095595129e-07 1.262105822814115396e-07 1.023726568636291640e-07 8.412800318950838358e-08 1.656694104022361913e-08 1.449202302743479685e-11 6.188007528132160778e-12 3.635534448695312116e-12 2.514704459917493589e-12
1.105952088046626547e-06 8.668296542981783641e-07 5.587717244040106552e-07 4.034860871106848809e-07 2.756473225755650121e-07 2.058502522931557948e-07 1.635643278476113018e-07 1.274296583789540971e-07 1.019023710938926533e-07 8.542962226907986467e-08 1.616130426913423618e-08 1.258799451434989951e-11 5.126410059720678190e-12 3.020313387282712435e-12 2.090577178560475505e-12
1.135037435808525232e-06 8.513349596841642641e-07 5.595106875703332397e-07 3.986032390197217652e-07 2.764657255250547505e-07 2.068209414654919529e-07 1.618784529399782569e-07 1.272892311211897551e-07 1.018604092008100331e-07 8.503194326289144040e-08 1.641736081243058229e-08 1.404435215209945635e-11 5.939017307184652429e-12 3.407023387753373432e-12 2.378365009062184909e-12
1.074766346246444621e-06 8.511897771012174452e-07 5.624157835408200337e-07 4.030294609773845710e-07 2.765974015016428989e-07 2.068761443638021583e-07 1.635691827496102606e-07 1.281650748741364269e-07 1.023954871779368906e-07 8.388529217840438239e-08 1.627661462307804825e-08 1.260731171689819778e-11 5.490551110511568981e-12 3.207346151767711888e-12 2.173595092864647086e-12
1.078008060627735382e-06 8.782595617459589143e-07 5.613375583298156823e-07 4.061961125028926747e-07 2.741073351786118043e-07 2.054628345915439329e-07 1.651012449461841116e-07 1.260523086325997820e-07 1.020075382860020917e-07 8.363662081403997607e-08 1.664470481881517233e-08 1.266973432497880435e-11 5.276800063590856477e-12 3.143866163763797295e-12 2.150761700370666365e-12
1.067568422318323204e-06 8.761498629292108094e-07 5.614016674132491073e-07 4.079382513185066165e-07 2.799020837142765178e-07 2.095867654118489427e-07 1.618516272849332635e-07 1.270658145834679996e-07 1.022304165600680809e-07 8.403466730417828705e-08 1.628748408631815076e-08 1.594828636184179002e-11 6.508863699135048081e-12 3.929758499275012495e-12 2.683089982743670708e-12
1.045112996064416943e-06 8.583375385562671940e-07 5.552926889301289452e-07 4.046762071165172168e-07 2.764843235219201125e-07 2.086208498235349635e-07 1.625237160600085873e-07 1.286338006546023361e-07 1.025699495854263301e-07 8.477941598478836816e-08 1.635568416238341862e-08 1.428379841166763303e-11 5.775938720097383505e-12 3.470942373192994779e-12 2.395779450101032561e-12
1.079717041425248758e-06 8.899936323404308369e-07 5.585353768360159394e-07 4.033016417736388545e-07 2.767885649553699016e-07 2.060496744464188722e-07 1.638901007382735323e-07 1.268794861980563905e-07 1.025280975544676989e-07 8.435415641577689430e-08 1.659481815994100181e-08 1.442673013114482340e-11 6.056829892593441046e-12 3.537502753522376371e-12 2.482128357856043969e-12
1.117253024113773399e-06 8.658411445958240419e-07 5.531953277264892994e-07 4.001949746768853921e-07 2.803976561883065052e-07 2.086784836987697719e-07 1.623664747641353796e-07 1.261671684332820965e-07 1.034143860051150990e-07 8.469477497670304315e-08 1.613901114936539286e-08 1.230878198349916075e-11 4.985822203472299751e-12 2.901755885597974917e-12 2.020862331250534221e-12
1.084940692914564973e-06 8.501259985642940819e-07 5.639385551020894983e-07 4.011688607943615589e-07 2.741300193645293603e-07 2.063891083700253677e-07 1.600088303922969889e-07 1.245314696173155200e-07 1.015515891725465668e-07 8.410116593804722917e-08 1.661651499505102149e-08 1.472873187067678845e-11 6.207095396673820168e-12 3.741671920720579132e-12 2.568722212176342209e-12
1.136631972992450493e-06 8.797562609892067624e-07 5.617229376044698591e-07 4.021374753123480833e-07 2.756110311439654772e-07 2.073496058248746815e-07 1.619171739738251491e-07 1.258970460941021977e-07 1.025053028207817425e-07 8.425618126149862372e-08 1.640983626912568725e-08 1.440564464995950678e-11 6.031429150174809954e-12 3.542995875452584310e-12 2.424301012518922825e-12
1.193378834131398913e-06 8.861885068806001250e-07 5.552365339583782447e-07 3.952761853467063163e-07 2.769772861172301385e-07 2.108505286285810541e-07 1.623574779136760296e-07 1.263990521417120225e-07 1.025063623031720651e-07 8.396326238819705887e-08 1.681382300674812028e-08 1.420829780262306878e-11 5.920339553118289496e-12 3.507027446792063523e-12 2.397195875296531694e-12
1.078314839643197912e-06 9.031769195727433623e-07 5.678752959043891009e-07 3.966605232618949087e-07 2.742574462176186678e-07 2.063678409633843185e-07 1.619921729498733093e-07 1.274176854131273816e-07 1.012765093385702722e-07 8.311769790687135447e-08 1.616168374877559105e-08 1.559289405461339603e-11 6.289631956773713418e-12 3.763736800884537637e-12 2.558150749417006485e-12
1.086821899104118395e-06 8.574845660879536438e-07 5.667272936473338330e-07 4.043843866670886861e-07 2.792284087477454277e-07 2.054980571705443663e-07 1.607693719221677584e-07 1.273341514209486526e-07 1.015097352484654736e-07 8.422966824863306896e-08 1.666808547129407316e-08 1.450563518453417908e-11 6.298324677743191059e-12 3.567844335625262544e-12 2.506045489997142381e-12
1.089487994067487958e-06 8.604645452158480162e-07 5.690999369446104678e-07 3.954553104488902482e-07 2.747336109596418930e-07 2.076293220791531007e-07 1.633962016964959001e-07 1.251127485679485373e-07 1.022956596643168617e-07 8.412519400914047435e-08 1.651342236708764414e-08 1.500040361746920175e-11 6.149213415855192147e-12 3.638541245338017619e-12 2.503456556909165355e-12
1.157098364272326915e-06 8.662221815187690945e-07 5.702902095577974774e-07 4.051183350544901184e-07 2.740759318769909009e-07 2.086636902316731547e-07 1.646297880769871003e-07 1.258025095015354845e-07 1.022478584645952864e-07 8.418196577602120999e-08 1.666344505971082128e-08 1.567191406630855152e-11 6.888398135775184380e-12 4.058491752378004722e-12 2.761344850966930917e-12
1.077780578044167831e-06 8.722039786079120711e-07 5.544221440714059422e-07 4.010877443470244444e-07 2.785863448489923274e-07 2.070202230538844494e-07 1.648612864960193323e-07 1.263136548097962317e-07 1.020123404719373533e-07 8.502457367367630723e-08 1.665076115231723115e-08 1.478629042897149914e-11 6.107158422054557564e-12 3.574745884365184538e-12 2.498302097590765752e-12
1.121951637564978831e-06 8.759134237318779071e-07 5.472660974828727106e-07 3.948068404410753060e-07 2.737581269267413573e-07 2.081990388387745639e-07 1.623444807360099915e-07 1.276170760930713267e-07 1.008243408332343232e-07 8.425198282468095863e-08 1.633595566760213023e-08 1.525267960924503719e-11 6.148389048050063952e-12 3.638166843746486130e-12 2.526607214885787484e-12
1.096839133774118444e-06 8.698136869435021732e-07 5.546707527968838897e-07 4.022210464326448356e-07 2.787354727240145464e-07 2.084253204694868158e-07 1.609580842690066705e-07 1.255599458887033217e-07 1.017061219505830293e-07 8.362634385752039041e-08 1.640832152922296623e-08 1.354680651743661442e-11 5.449039041851966257e-12 3.238046892012613293e-12 2.208504286199105997e-12
1.071591409640843216e-06 8.989437638239285552e-07 5.728341305802673068e-07 3.960949158015334445e-07 2.773944517323587388e-07 2.081026702073355218e-07 1.632694383114220442e-07 1.258824845510721418e-07 1.018147590319833699e-07 8.424341499765135496e-08 1.643584543150013896e-08 1.576719785119144106e-11 6.500594152946127186e-12 3.747960655055420627e-12 2.588511438620327954e-12
1.091574308102095459e-06 8.765003710000529026e-07 5.615403802401463208e-07 3.989260593583654361e-07 2.788903925962277328e-07 2.068604676274830536e-07 1.620687404600867804e-07 1.262150698818072838e-07 1.024608306853509795e-07 8.421506556098196771e-08 1.658677945397830025e-08 1.683562719153315315e-11 7.087208541548418629e-12 4.096782341822532431e-12 2.796971435695395197e-12
1.064431402355514247e-06 8.740132717134369881e-07 5.715284181579531308e-07 3.938912838841894080e-07 2.785628656457960154e-07 2.055754351917396215e-07 1.612576625550227246e-07 1.283084041857764504e-07 1.024377364683643824e-07 8.389431751196988280e-08 1.660543205803146884e-08 1.603014358217123731e-11 6.667420224069522792e-12 3.920948559600757547e-12 2.684828931135588532e-12
1.049982833350568715e-06 8.734087642814675662e-07 5.746839357702804748e-07 3.987461548727538624e-07 2.766736535043281995e-07 2.098870299503061205e-07 1.620625610401284066e-07 1.260917692852151021e-07 1.029170920523788206e-07 8.394512954091245388e-08 1.701219658805252107e-08 1.397964284734112690e-11 6.120162325593191669e-12 3.569246272287555858e-12 2.483837401237999541e-12
1.044723393937163579e-06 8.750488642382145689e-07 5.573280618573187685e-07 3.964114567148462312e-07 2.757684184606065300e-07 2.095431786337196071e-07 1.604617583949408842e-07 1.251408904652758531e-07 1.004709803145631620e-07 8.473696314338139409e-08 1.671515231303414468e-08 1.278712492060157752e-11 5.391355446547234991e-12 3.238732936079456999e-12 2.259700814567152844e-12
1.084061374874713973e-06 8.657549229972298823e-07 5.713909757057092319e-07 3.954391510734599812e-07 2.768507815301961126e-07 2.085122352601651243e-07 1.607513045766779494e-07 1.261632877171513222e-07 1.025411678554323792e-07 8.431823965948573884e-08 1.600384715836019764e-08 1.512538470308680076e-11 6.315457334434047698e-12 3.666580732685557949e-12 2.572105562273259511e-12
1.159306966980470840e-06 8.843349077394466777e-07 5.733302701708566961e-07 3.968945275504684081e-07 2.762713045238570458e-07 2.085077052659572996e-07 1.614382027106625859e-07 1.268336779444762816e-07 1.021900265125578002e-07 8.407247852676567404e-08 1.683951234915859500e-08 1.377269939563675689e-11 5.705161831395862420e-12 3.365672776484888682e-12 2.338601884826847539e-12
1.133342797375743753e-06 8.770370704463217070e-07 5.662508028531602007e-07 3.892666562020936806e-07 2.771759989327106865e-07 2.073470341299803570e-07 1.631201717210201261e-07 1.258841526843712411e-07 1.024046615238029616e-07 8.495352604017802386e-08 1.682002773165736502e-08 1.582934729847788090e-11 6.869111790569422716e-12 3.995074918236179952e-12 2.735471592082632659e-12
1.098445068849395476e-06 8.828299589898197045e-07 5.631145146015838501e-07 4.029412943576328373e-07 2.763128484289449211e-07 2.077682330930509197e-07 1.621214259236396189e-07 1.256692830715571641e-07 1.019726572473879192e-07 8.425706822844068954e-08 1.631239239934703696e-08 1.449495888875055333e-11 6.121622232464666057e-12 3.481785241574946079e-12 2.431897374042488223e-12
1.090102654554590633e-06 8.800506074380492567e-07 5.666657350719580081e-07 3.996904847960840840e-07 2.779261714385483785e-07 2.101883498234051200e-07 1.621557085420161307e-07 1.265208247373417259e-07 1.024939257535204408e-07 8.424656993986795500e-08 1.649170514700589820e-08 1.518325724291725722e-11 6.343045384881087091e-12 3.741348836665938745e-12 2.599863375023027489e-12
1.088343301694728033e-06 9.018465881340368261e-07 5.743111494816706303e-07 4.004575077286431886e-07 2.744099056689603170e-07 2.079944980035685063e-07 1.622605022879110446e-07 1.283561928876524880e-07 1.008186297868863969e-07 8.243403022480995423e-08 1.665209551872166300e-08 1.418889519707156446e-11 5.721784236340566121e-12 3.322806481392890446e-12 2.304269969164650957e-12
1.137449897926931826e-06 8.925727641159143666e-07 5.584438777749928462e-07 4.032193847870908830e-07 2.772898991549882037e-07 2.066319628624323385e-07 1.625938147570335197e-07 1.266165826228262847e-07 1.030339204709563627e-07 8.420054625903087586e-08 1.641016218397616964e-08 1.366095418088561003e-11 5.615535521173857863e-12 3.361503880352042720e-12 2.354373120509480792e-12
1.049213838644044951e-06 8.641296464821757112e-07 5.544314296206313284e-07 3.928116639384710859e-07 2.744889647085727252e-07 2.074438723536137298e-07 1.631143682782035764e-07 1.278644048620820186e-07 1.014561365527769000e-07 8.464254413134442201e-08 1.696815489300816807e-08 1.396052536696608892e-11 5.866373726695960476e-12 3.350799693947511833e-12 2.336448532720733557e-12
1.137345213765421008e-06 8.771445848442417456e-07 5.647697940710928398e-07 4.120752745910423624e-07 2.770814851263267887e-07 2.060499956689040399e-07 1.621221215728495631e-07 1.268115618115207004e-07 1.018923280665112989e-07 8.397708642112001140e-08 1.635731560476732660e-08 1.450169547220129145e-11 6.267704067465038903e-12 3.657775052684034844e-12 2.510212370454125770e-12
1.077249057560474722e-06 8.965143820607935525e-07 5.559446365344457838e-07 3.933104191207057988e-07 2.768954361408857317e-07 2.112723680671818614e-07 1.622930632585567010e-07 1.273026999801629736e-07 1.019296307029187431e-07 8.331758807986817229e-08 1.611698362626076038e-08 1.503631851909011830e-11 6.488722285022785866e-12 3.784948961673133366e-12 2.597907278230121941e-12
1.066788968438325469e-06 8.685935881426429588e-07 5.613060724108374825e-07 4.011895858921650708e-07 2.768219473782359271e-07 2.069601052125802347e-07 1.609192072555911559e-07 1.255551130025995454e-07 1.018459472798332595e-07 8.363545556623169529e-08 1.624679294426601295e-08 1.393554955056050743e-11 5.572488518367833238e-12 3.360310496149767612e-12 2.276679177836617069e-12
1.136429683010405410e-06 8.592289201728263245e-07 5.602213528333122880e-07 3.979202189816944064e-07 2.768017915104447937e-07 2.085979259374784822e-07 1.624808933602133272e-07 1.267409168666581674e-07 1.021703858581024383e-07 8.333127151656237839e-08 1.643076376490696922e-08 1.495541745559985305e-11 6.114894713243069009e-12 3.594877770401055987e-12 2.497094606007255457e-12
1.084506221053362193e-06 8.548641680930767431e-07 5.660494285633346200e-07 4.051897362361204785e-07 2.751906557571615454e-07 2.085285101936491720e-07 1.621660739287114322e-07 1.257086838182553924e-07 1.024690050318851466e-07 8.383914384248603777e-08 1.638181013375077033e-08 1.277959334698252711e-11 5.321030530300391104e-12 3.167965017267908056e-12 2.139272383850184087e-12
1.076672293137197710e-06 8.675349649220748196e-07 5.529138665989484724e-07 3.991946842627252820e-07 2.751452046087421365e-07 2.085615780309388474e-07 1.622776285054116088e-07 1.274393326508149531e-07 1.031146488844333835e-07 8.409800600463702726e-08 1.660208545307842906e-08 1.391445170066497538e-11 6.133021105404900593e-12 3.452740602629961416e-12 2.423914707932046743e-12
1.146510040499753410e-06 8.710725029031934559e-07 5.616243936495998605e-07 4.004924375178731985e-07 2.749073336593322774e-07 2.083133871649371621e-07 1.638723747395847863e-07 1.268986367851807817e-07 1.015009186681592530e-07 8.455211424791150052e-08 1.613863936356774378e-08 1.559755761261276138e-11 6.609135810224016840e-12 3.809798508338601894e-12 2.604075506566988271e-12
1.107845797800478545e-06 8.664578830486462548e-07 5.691924828949228472e-07 3.988556110563530226e-07 2.756847891729225692e-07 2.091468251503938369e-07 1.614842464955549691e-07 1.260556505267057875e-07 1.022135449587161520e-07 8.441717629106475110e-08 1.603636753179942190e-08 1.476500308021466245e-11 6.062578206987475719e-12 3.606632059048003981e-12 2.514320743367708826e-12
1.110424028393326009e-06 8.699892497218474060e-07 5.716254631695409471e-07 3.993094921762972591e-07 2.740280529955256584e-07 2.082954287808055761e-07 1.624078207604359413e-07 1.275582311713293019e-07 1.019164915707969265e-07 8.494886462326832102e-08 1.659992390316864799e-08 1.501387317607808689e-11 6.218026885686825885e-12 3.715963102644771495e-12 2.531927689372859666e-12
1.045674644691594702e-06 8.649165240885026434e-07 5.698683742396259232e-07 3.960030128514283266e-07 2.756096484700325696e-07 2.048616062232058326e-07 1.610677802430923606e-07 1.266691783747113796e-07 1.023518042730650978e-07 8.453303852645768358e-08 1.628553591862705225e-08 1.445377942412004371e-11 6.283715909152039654e-12 3.682530006390079750e-12 2.548425445437416413e-12
1.054777758612746432e-06 8.507982340523085408e-07 5.695269239210235519e-07 3.854762545485819455e-07 2.730353469593851118e-07 2.070515919143739381e-07 1.628644812803004535e-07 1.280924182045090781e-07 1.023408641861525228e-07 8.452995405914025904e-08 1.606843965317326075e-08 1.324014173371066215e-11 5.610421160952591555e-12 3.125246423499987318e-12 2.201533575051851718e-12
1.072963389963896606e-06 9.090420627195665669e-07 5.605032760693516647e-07 3.976552988941936956e-07 2.748924355397220226e-07 2.092585454772101024e-07 1.624834299555881415e-07 1.245290159497964579e-07 1.018599128392093658e-07 8.466286492678005846e-08 1.622946792818348395e-08 1.298127766433823166e-11 5.371837707351542798e-12 3.143926104626252422e-12 2.220684948627460396e-12
1.072944621044372991e-06 8.624417912494047988e-07 5.602393498588203242e-07 4.010405668532820237e-07 2.765890637708631451e-07 2.066139103317690056e-07 1.648925893847869617e-07 1.273386593982679899e-07 1.007261926731047435e-07 8.428147349476256616e-08 1.664833901073277775e-08 1.429132902612052004e-11 6.034629542994863713e-12 3.474673649187754140e-12 2.470760953964740097e-12
1.082337206706800785e-06 8.878474478271753743e-07 5.569598928673405731e-07 3.965931442756557580e-07 2.724811905491742258e-07 2.033541380965044555e-07 1.638272091482236642e-07 1.262537142671579850e-07 1.026783469420288561e-07 8.409363974040812144e-08 1.637191547808412147e-08 1.392583319090363301e-11 5.799153922547739697e-12 3.306968732274728012e-12 2.334535308774646291e-12
1.123859668172406112e-06 8.706929327557746414e-07 5.742058200522000819e-07 3.927499160783759911e-07 2.768933639828078916e-07 2.049712487735520342e-07 1.627200588482892187e-07 1.264206631871915940e-07 1.023664341105636119e-07 8.362913981311213837e-08 1.609227249941819948e-08 1.419626753173623240e-11 6.182291161197641858e-12 3.525993083855770760e-12 2.408330555126834349e-12
1.085278024120968289e-06 8.504203139586009886e-07 5.657890225580921537e-07 3.988170092136595312e-07 2.770918386708450106e-07 2.073775645147387713e-07 1.631450526525694021e-07 1.270419427154830478e-07 1.013459374057881232e-07 8.365731883224853780e-08 1.627672382826545180e-08 1.376399844134905983e-11 5.729929228812092103e-12 3.417871922953663163e-12 2.330853248297073183e-12
1.070144610309915134e-06 8.817408368343111160e-07 5.679491133904235965e-07 3.995545864915225392e-07 2.723999536955494349e-07 2.076677270933852959e-07 1.635106695325437004e-07 1.258385760066912591e-07 1.016105863742160355e-07 8.428682769214687163e-08 1.626849109544106010e-08 1.482001434697523038e-11 6.344979262215494974e-12 3.674619802556587307e-12 2.535985042322365172e-12
1.073877914701104558e-06 8.945343982774543465e-07 5.595965954218388634e-07 4.010977927307554895e-07 2.735771063789427173e-07 2.077354531971905961e-07 1.620375746820612913e-07 1.280742595143687502e-07 1.023408526594339120e-07 8.391053218116672786e-08 1.645015039733742475e-08 1.255777627145523351e-11 5.376602431826401020e-12 3.136130626225268799e-12 2.156071559279807498e-12
1.163421303631106924e-06 8.864867456118460873e-07 5.696708447470292028e-07 4.016520228973906733e-07 2.766134571627847309e-07 2.062844328940551358e-07 1.629678276561328852e-07 1.278207386121050434e-07 1.014366803023920601e-07 8.452161248784438036e-08 1.659028421267189373e-08 1.418613814790944491e-11 6.141866636121516069e-12 3.521261102860783662e-12 2.455896197622586685e-12
1.107244005445251792e-06 8.568359648051785203e-07 5.669613753590057040e-07 3.955030192817825638e-07 2.722533916724412836e-07 2.084163124913306975e-07 1.601207998763830032e-07 1.279748351636478406e-07 1.024442763915527682e-07 8.387512685808498892e-08 1.613424257344861273e-08 1.513301338412057329e-11 6.358631694318512901e-12 3.648860286516416041e-12 2.499852241860099074e-12
1.085544375832207495e-06 8.556744553860120773e-07 5.647190419763560375e-07 4.044022440943027013e-07 2.803313480306415119e-07 2.061088497338842126e-07 1.612777202784895703e-07 1.267312943514998857e-07 1.025533600034164420e-07 8.347126453480409419e-08 1.633015792431466344e-08 1.500054621930692719e-11 6.645937370769288581e-12 3.780397206924305811e-12 2.628181189157506464e-12
1.047800428612919410e-06 8.685530298211910388e-07 5.692026102040162825e-07 4.034804270415902418e-07 2.758749757472700840e-07 2.090837920558131528e-07 1.607384318043387494e-07 1.249888737966303817e-07 1.026105389125758370e-07 8.477454368213895197e-08 1.666795500861964515e-08 1.420285366666322174e-11 5.854001530882040914e-12 3.438904312021236387e-12 2.400469327870342356e-12
1.070241314089320559e-06 8.728797750821818326e-07 5.760540603967176056e-07 4.023987527131520604e-07 2.740638195026633812e-07 2.039996565894158138e-07 1.609739862877555928e-07 1.291236532966188652e-07 1.023871754591334167e-07 8.437072125543708090e-08 1.660298894216317388e-08 1.494489054942165501e-11 6.225259413623702785e-12 3.619666620663618866e-12 2.528076963574863985e-12
1.124130130347486575e-06 8.709223470027069681e-07 5.635164210360992143e-07 4.062783048525729111e-07 2.766239784956776214e-07 2.059850483458417424e-07 1.602175862664682995e-07 1.246748598837640689e-07 1.025328316130265610e-07 8.342699498452974220e-08 1.635624043837138814e-08 1.416387184996106290e-11 5.936431889386307696e-12 3.443161984595734516e-12 2.378578646209140483e-12
1.077401891126958834e-06 8.598700046059712326e-07 5.572976706645138238e-07 3.975966556561232114e-07 2.770925099727776856e-07 2.101967780028425911e-07 1.624121097509002238e-07 1.271698211315288435e-07 1.020416064835842468e-07 8.408588297284510485e-08 1.634636231933863993e-08 1.372935753937612173e-11 5.757303878538627699e-12 3.400248130152220364e-12 2.337676269124512341e-12
1.093389324121371995e-06 8.700509086814656905e-07 5.666321256420293396e-07 3.967850384144671918e-07 2.788344055080596334e-07 2.088812152300039768e-07 1.620078793023407757e-07 1.262210240875560324e-07 1.018008928743122304e-07 8.441317988628566209e-08 1.688076005495211644e-08 1.234464842018633250e-11 5.112318749378846991e-12 3.082259890045745443e-12 2.141094899214603438e-12
1.029206835123804608e-06 8.613784467162723176e-07 5.612937064178579384e-07 4.032934793430478943e-07 2.802162537700075468e-07 2.081119439807077787e-07 1.634849201904292975e-07 1.271709618080046189e-07 1.022663828330876284e-07 8.444553834247461668e-08 1.648839085401844159e-08 1.407966925046379901e-11 5.910837433035676770e-12 3.508078631710982292e-12 2.416183871322725496e-12
1.084772810618108761e-06 8.687727039951358388e-07 5.633847565855168720e-07 3.986798437570789285e-07 2.746607215271331345e-07 2.090579695435177340e-07 1.607090017808590709e-07 1.256488069903404135e-07 1.019231472910784083e-07 8.407678761456265119e-08 1.639412187760689591e-08 1.233806390895953558e-11 5.109011693975392001e-12 3.039898683437605396e-12 2.102187914140260339e-12
1.097514901664589491e-06 8.713059176812249742e-07 5.685420448999083278e-07 3.944610684631915062e-07 2.736565127325060227e-07 2.093978565086863384e-07 1.635553144475638567e-07 1.274175380416597553e-07 1.023325051107625793e-07 8.335705500249169058e-08 1.628359092004933840e-08 1.432718149332715541e-11 6.148376052793720772e-12 3.531677585737950980e-12 2.406860719224929622e-12
1.044142308934719531e-06 8.867521143805537598e-07 5.553430485832951446e-07 3.970462611629666652e-07 2.756957612376851104e-07 2.108939824211585423e-07 1.628760240982962841e-07 1.260358240099643645e-07 1.012819207974057047e-07 8.394259323395883002e-08 1.625604938349173746e-08 1.487576181190101002e-11 6.187489739373447535e-12 3.624384514201290933e-12 2.525635109901037427e-12
1.098428731317464639e-06 8.759695916765043305e-07 5.521443811474985354e-07 4.004450427640144311e-07 2.790656349340132929e-07 2.056422979483300423e-07 1.622239934199077543e-07 1.286648652301524119e-07 1.030210584026703626e-07 8.272079552654704756e-08 1.621784162479852652e-08 1.361592142090611272e-11 5.785251533963274070e-12 3.327785032373848918e-12 2.329492312042316812e-12
1.092993639039157341e-06 8.615655103667059438e-07 5.618755005811861851e-07 3.986134753977354905e-07 2.731199202336511541e-07 2.088854108973535723e-07 1.621782747493599629e-07 1.251997770536262592e-07 1.027366304339360343e-07 8.428576425110559929e-08 1.662600153078356448e-08 1.519113151531828814e-11 6.144860760845924903e-12 3.617049982495546605e-12 2.521006742298596825e-12
1.132694079740445273e-06 8.623613003624136393e-07 5.749593791881735891e-07 3.969325157699403618e-07 2.754132499783267955e-07 2.085549096878310843e-07 1.625028730688552010e-07 1.270303551806305542e-07 1.011410793605064480e-07 8.439946126446747414e-08 1.653204345156911880e-08 1.516093587898682381e-11 6.355649116499937448e-12 3.843396131281021241e-12 2.629626916416713336e-12
1.088523354659884670e-06 8.654840723544569701e-07 5.751761148081338903e-07 3.978445841961791566e-07 2.750273330895247736e-07 2.062469669067857380e-07 1.632951511333662632e-07 1.264058172608285479e-07 1.002805198895870209e-07 8.531612530152143960e-08 1.673343653631556835e-08 1.534180469313003904e-11 6.193608170259443719e-12 3.712111091566639857e-12 2.493352222484436063e-12
1.095270106218589452e-06 8.571601211709531618e-07 5.669642570891316621e-07 4.050474170016194123e-07 2.784616069190009121e-07 2.066651523620414959e-07 1.626350501763626320e-07 1.257902956127193363e-07 1.022683268910094066e-07 8.358914448139575809e-08 1.639468860237969496e-08 1.416013029538028225e-11 6.053536363428405217e-12 3.493313169297485116e-12 2.425575614864457554e-12
1.146891092507014929e-06 8.543431788673085334e-07 5.660292463158987785e-07 3.955735750775047183e-07 2.728060916515429579e-07 2.061456777358993308e-07 1.627005286873964368e-07 1.257268386000761168e-07 1.025138431912138500e-07 8.477542716170401947e-08 1.662197898093574489e-08 1.524689984014436060e-11 6.605418860051093113e-12 3.677099093388691542e-12 2.535483046442358547e-12
1.105825640837003346e-06 8.722157120259150994e-07 5.699641235128463984e-07 4.009445128575481181e-07 2.707734689397415659e-07 2.124140925436526934e-07 1.630528258813238302e-07 1.254755896461792764e-07 1.028164724747202544e-07 8.493829510130619998e-08 1.642139795866112586e-08 1.382383417239187495e-11 5.988389871342033273e-12 3.440884646286904203e-12 2.385602059459430109e-12
1.087757946632876450e-06 8.656289033784829551e-07 5.658614517098175094e-07 3.973001033903525336e-07 2.767510643550801637e-07 2.074392269093142821e-07 1.619309089144091571e-07 1.267069331963236482e-07 1.017014867730380363e-07 8.423913458712362750e-08 1.688998485152639010e-08 1.512445405675975486e-11 6.268241108509857018e-12 3.749029074998835264e-12 2.554639744226263941e-12
1.121309344484993889e-06 8.758461311387288481e-07 5.692936907922796549e-07 3.983147991637111025e-07 2.732004761035094552e-07 2.070546838843013233e-07 1.609996832729705689e-07 1.245194835620759859e-07 1.015339745420525931e-07 8.431624604659889994e-08 1.664911903835766263e-08 1.604987335296823591e-11 6.564287862670713509e-12 3.938999124693637401e-12 2.632269571269647484e-12
1.084343580172618588e-06 8.887170166490711383e-07 5.689860423506201338e-07 3.962782121755066276e-07 2.760655636605968215e-07 2.081215775847622083e-07 1.615656228212864652e-07 1.284015945114806039e-07 1.031784271535779918e-07 8.375632630472549308e-08 1.665487218134332000e-08 1.563032807592881215e-11 6.694291374663398610e-12 3.941887830385604781e-12 2.722122564722914188e-12
1.061612201620359974e-06 8.760988591766718626e-07 5.720978102083734842e-07 4.014843515893762447e-07 2.733678646135897135e-07 2.086129253121765694e-07 1.626880142521193354e-07 1.256660802444184053e-07 1.012457503180942486e-07 8.353149827600784507e-08 1.620300559049453476e-08 1.552843203615504983e-11 6.266201325396950622e-12 3.721243681007351646e-12 2.550580959860914964e-12
1.088006636744097413e-06 8.979421553044643396e-07 5.566049512710892497e-07 4.019686977170200904e-07 2.768752410668496634e-07 2.037378370250491584e-07 1.610497991689446802e-07 1.269980717918399391e-07 1.019370350655707158e-07 8.478053257047313607e-08 1.678466089933044744e-08 1.353451988772332857e-11 5.825205152728218165e-12 3.457116438572334730e-12 2.377900867876056715e-12
1.076242146182762774e-06 8.570568153150765233e-07 5.725203215898539919e-07 4.081252762418848218e-07 2.753687627229764150e-07 2.101675887261622133e-07 1.607417400537992786e-07 1.249221344731417996e-07 1.017013032082362532e-07 8.496599316326449782e-08 1.612199331994541888e-08 1.275059527749842463e-11 5.252539017469734632e-12 3.114515064191961510e-12 2.143868668388246282e-12
1.048924508454455827e-06 8.767841499690800280e-07 5.701413789900191145e-07 4.068057077814364585e-07 2.758349345157955848e-07 2.049751508317695812e-07 1.629231147901061384e-07 1.252737840893983963e-07 1.027643518620287216e-07 8.320686703351085265e-08 1.677961646510893005e-08 1.391586841214075446e-11 5.780049175952238489e-12 3.409842380515070524e-12 2.353061456325197003e-12
1.129652853818316764e-06 8.869315693541764398e-07 5.610072015271244618e-07 3.990235465775271087e-07 2.739863793266332430e-07 2.091447479517357948e-07 1.614499513639707331e-07 1.271897373019117534e-07 1.021104567380045659e-07 8.479598609018054320e-08 1.617049714598980592e-08 1.360413918114324035e-11 5.802471525421627534e-12 3.357580037256465930e-12 2.290816016095191744e-12
1.117356062913444727e-06 8.416228460469906241e-07 5.620728597826406535e-07 3.995479609966230546e-07 2.708498536154645317e-07 2.088902412621870717e-07 1.631093377658031889e-07 1.258472907104444326e-07 1.012312295527924538e-07 8.515557437900563492e-08 1.648776359366617802e-08 1.373940880191395097e-11 5.696585080295826011e-12 3.359802910056190954e-12 2.305178566947015523e-12
1.071697966514908657e-06 8.945053899410309827e-07 5.651422620956350919e-07 3.987920653103466905e-07 2.753734020077755666e-07 2.116052264457032779e-07 1.645400381994787954e-07 1.272669168416644892e-07 1.015512380950294439e-07 8.438638504326006938e-08 1.644233320742444521e-08 1.480926552736138437e-11 6.422357953045754684e-12 3.676279413986632813e-12 2.564371525992693859e-12
1.129358340514428741e-06 8.608621091609876853e-07 5.682414470383597063e-07 4.051278521322474316e-07 2.771879935305319741e-07 2.081526480614298384e-07 1.653502902747210559e-07 1.259390270223867555e-07 1.019182025138356279e-07 8.490748959278254255e-08 1.616016989533598514e-08 1.426335477256917602e-11 5.813091204381792707e-12 3.387383559086975737e-12 2.360208088495366266e-12
1.040170792854654276e-06 8.635351611664082365e-07 5.463312101489950983e-07 4.039189613783510054e-07 2.779666233182586265e-07 2.078901549659526079e-07 1.622332755816468700e-07 1.258951908729174314e-07 1.014516425857091738e-07 8.480072001815023147e-08 1.630907379031256792e-08 1.289143491779984245e-11 5.600582383028832837e-12 3.311327754922343517e-12 2.223998394191893269e-12
1.153033752067559613e-06 8.990662259766643329e-07 5.638420956196008170e-07 3.988082116490688847e-07 2.778828124789296673e-07 2.048123364307883532e-07 1.615975220961028514e-07 1.250555246250173520e-07 1.015538831953169267e-07 8.377572522486493701e-08 1.626532790767000645e-08 1.472965162585561381e-11 6.363388512932772535e-12 3.655037665036721012e-12 2.518061566068089585e-12
1.135308292825081841e-06 8.536897355183525139e-07 5.605562723285928406e-07 3.972250104566147839e-07 2.719309407317044308e-07 2.095026934141128377e-07 1.644351423921191480e-07 1.250538604333821023e-07 1.023023550665978488e-07 8.428839859273701486e-08 1.651462877648861542e-08 1.479698691272413381e-11 6.220510615799304453e-12 3.593611358087550477e-12 2.506817328694548979e-12
1.091139695293162041e-06 8.623665727312042271e-07 5.644014839675471318e-07 3.943778667985964830e-07 2.741109079898437795e-07 2.107806755284662899e-07 1.609423220304620208e-07 1.264271864167127452e-07 1.012627077643610699e-07 8.461703930347449298e-08 1.621127473284635804e-08 1.328636408642755577e-11 5.335138293494055706e-12 3.237513511829499041e-12 2.165508795708511295e-12
1.142617655332572730e-06 8.430792565311169257e-07 5.635548453048504265e-07 3.980102900861873973e-07 2.718864675065836483e-07 2.080409624662125964e-07 1.627745522604302484e-07 1.264829644105647676e-07 1.040625560736616918e-07 8.362633140227644104e-08 1.673923989984934452e-08 1.506783507335001472e-11 6.414893556557893927e-12 3.714329039078201879e-12 2.583539019283807109e-12
1.037003694845728134e-06 8.859152991736192829e-07 5.648244882923758409e-07 4.019281208679299476e-07 2.759611239030063020e-07 2.057758641012054144e-07 1.628043099716611556e-07 1.291303134126508833e-07 1.020920013720830206e-07 8.467955827734190611e-08 1.659462233426360213e-08 1.281597947954986393e-11 5.533390970518292901e-12 3.297686373163570773e-12 2.210524025774308158e-12
1.097219103674373542e-06 8.731218115152980826e-07 5.613136482287566923e-07 4.013737178871401001e-07 2.750572040762384691e-07 2.092130729521934163e-07 1.615685351074222964e-07 1.266324195524251505e-07 1.016683965644888699e-07 8.424579954613180923e-08 1.623027031112095254e-08 1.368519360079900904e-11 5.956414056266549853e-12 3.427641722023987838e-12 2.379393130284868857e-12
1.141299458640310879e-06 8.753998535661804461e-07 5.728836332549046943e-07 3.963845782047241476e-07 2.726778269961953226e-07 2.081447357841846447e-07 1.616112238894636254e-07 1.255954489729368687e-07 1.013609079077481733e-07 8.422622529124743316e-08 1.699998834905826028e-08 1.450525577115795519e-11 6.044859554387792379e-12 3.548170451852267896e-12 2.451379554292039607e-12
1.070300150843824873e-06 8.528082159064123471e-07 5.774453451932664762e-07 3.999551117658720396e-07 2.751372794765373912e-07 2.083820431499750348e-07 1.622988172445077210e-07 1.264077195755323277e-07 1.041674538247226134e-07 8.472357844105565662e-08 1.677261099250318844e-08 1.407762278964924580e-11 5.819981179384887131e-12 3.365412283299028765e-12 2.355070114574630010e-12
1.131215433999624918e-06 8.920322308353963198e-07 5.597146625740727131e-07 3.985173204650569980e-07 2.757453814704918001e-07 2.073728240509693972e-07 1.616923592804075522e-07 1.277305636817826662e-07 1.011066903705101515e-07 8.389529032595391276e-08 1.658259461693846540e-08 1.425669552908620989e-11 5.987220374005163269e-12 3.507288651488133183e-12 2.468187799458508254e-12
1.056891950537618604e-06 8.711618530354216723e-07 5.658726543167845681e-07 4.037360841716169450e-07 2.777497602009943392e-07 2.080966486267186528e-07 1.624278622190185857e-07 1.280519642957973411e-07 1.028684412978412589e-07 8.487924499763131595e-08 1.630265704820132670e-08 1.258980379143607159e-11 5.322498018524099173e-12 3.141675922419375484e-12 2.197087159545194791e-12
1.105604145401402933e-06 8.825460262202858555e-07 5.699401108313011719e-07 4.024718094164262530e-07 2.787249323282008562e-07 2.110823812049007800e-07 1.618640647972866162e-07 1.269068166947589561e-07 1.023991815719576319e-07 8.454549737556484988e-08 1.644467216315757147e-08 1.417554460894898253e-11 5.945006910223954146e-12 3.334842811491577939e-12 2.343223979469414428e-12
1.099731358510156368e-06 8.861503636081529510e-07 5.700527247574894752e-07 4.000929984261080775e-07 2.795371618425074607e-07 2.090902039359029262e-07 1.626580131999018606e-07 1.266755509905453931e-07 1.031268460006269944e-07 8.464718204817432587e-08 1.643743524438502603e-08 1.338412232877428847e-11 5.696962979579163720e-12 3.266388978970646263e-12 2.305135724086847500e-12
1.041487628125794255e-06 8.692990701645087240e-07 5.524940030122952738e-07 3.989115665106551266e-07 2.744822099210551296e-07 2.089423332119722279e-07 1.614723772716056369e-07 1.271255297945277654e-07 1.017991399253225864e-07 8.429182421201853548e-08 1.618814878210536380e-08 1.458858440209196737e-11 6.021994811044445478e-12 3.570328519412900794e-12 2.400213530296292002e-12
1.046336567536127623e-06 8.824195729497982325e-07 5.609143079132229782e-07 4.034786380368209918e-07 2.720874702956242170e-07 2.081305506660103678e-07 1.617559374747658505e-07 1.254668350766591864e-07 1.029691475931682966e-07 8.519108053610968869e-08 1.647561114803231836e-08 1.641741675540297238e-11 6.827377001030584063e-12 3.927220020071413872e-12 2.770576892381122835e-12
1.072812413659365122e-06 8.604860236167899872e-07 5.671291039865885591e-07 4.013799881019275188e-07 2.734537268099321829e-07 2.066388269480957097e-07 1.636128314226241440e-07 1.258155667843393078e-07 1.022872905106223784e-07 8.399994711518301176e-08 1.630127416552557334e-08 1.337063889107808993e-11 5.372950341649103050e-12 3.083850507281761726e-12 2.176004967050605352e-12
1.068497962794652679e-06 8.664181779299848458e-07 5.791413149507322645e-07 3.997685131868600655e-07 2.740426588097145726e-07 2.083531101010443486e-07 1.621665675698941065e-07 1.263890951668004890e-07 1.025824232699217766e-07 8.405754506984201025e-08 1.685061774562585525e-08 1.460143344476052035e-11 6.168206907817081613e-12 3.609864907691858943e-12 2.509742551864091521e-12
1.136995248496405774e-06 8.318734265370869529e-07 5.639821633163752857e-07 3.960755849812676108e-07 2.788604902338577774e-07 2.116189416599124454e-07 1.632824198244234711e-07 1.258555885639977613e-07 1.015344678494281325e-07 8.379561687900426019e-08 1.672263344383737213e-08 1.391374934909264889e-11 5.937699225638491335e-12 3.406471085360622095e-12 2.392420550238595898e-12
1.099628422198545370e-06 8.894380076734518873e-07 5.630729636219364036e-07 3.994411890264189118e-07 2.753009569365241062e-07 2.076668196355022789e-07 1.641826867249621929e-07 1.268891326377909223e-07 1.017187440188621369e-07 8.408158199120588279e-08 1.641227829465325278e-08 1.369594374639383306e-11 5.717279179397128536e-12 3.302785034761073189e-12 2.266386212773135840e-12
1.079633288857471202e-06 8.877483231809011937e-07 5.563080934463829758e-07 4.079114291492138534e-07 2.737587382920075798e-07 2.070932985511616746e-07 1.623538589855235887e-07 1.291464080809358591e-07 1.013413289544549818e-07 8.444101418632200223e-08 1.634131649116478844e-08 1.517603105162866785e-11 6.627850458629171307e-12 3.842112646698288783e-12 2.592322419896287332e-12
1.113779813981908301e-06 8.869669105390310899e-07 5.685587219126831056e-07 4.031669372407309287e-07 2.791140252828230886e-07 2.104700777646061522e-07 1.616034195982951635e-07 1.247866109398736667e-07 1.025583853282315185e-07 8.423679826648570751e-08 1.641047796485766797e-08 1.568452603338995941e-11 6.498452940720565637e-12 3.784676108386761769e-12 2.632799747103317808e-12
1.116693154801936895e-06 8.808007106297861822e-07 5.725527910646733888e-07 3.942093906843942486e-07 2.761461290926413514e-07 2.089333051656699865e-07 1.626094345276203795e-07 1.246389157264751627e-07 1.022188913378851603e-07 8.513420542183058925e-08 1.653721076158497348e-08 1.428524711553162087e-11 6.236883850309018377e-12 3.603357282668510093e-12 2.555474489229280424e-12
1.104871227389532159e-06 8.586023052737115194e-07 5.635736323670253613e-07 4.007713120766066683e-07 2.737196601722327441e-07 2.075223838446800849e-07 1.616338852123814509e-07 1.270777158474663038e-07 1.030627208324273377e-07 8.351319169888431005e-08 1.654212549629520243e-08 1.447832653199915379e-11 6.191778363208514487e-12 3.592894174521090737e-12 2.468843449248354732e-12
1.116523944653368666e-06 8.888648071442782985e-07 5.522939732498969972e-07 4.011089476431359322e-07 2.697925360587787630e-07 2.094578998847090517e-07 1.628332153602946214e-07 1.267087078995446713e-07 1.020775863193224508e-07 8.384252092990368382e-08 1.639526485243939016e-08 1.396853622751137730e-11 6.095644071590580018e-12 3.529153811833553689e-12 2.445500148486309275e-12
1.086578648783729039e-06 8.713015410354934383e-07 5.753974705421822541e-07 3.949858547090795635e-07 2.724712077762821793e-07 2.087007676734333982e-07 1.627341731900591573e-07 1.265296310122752481e-07 1.019075883594609067e-07 8.417354941237193048e-08 1.655271543707735981e-08 1.357314546305884854e-11 5.731536812153268151e-12 3.316676373443888573e-12 2.330719731615424842e-12
1.132864331105932146e-06 8.995267611022691817e-07 5.595668377336171297e-07 4.064504871842579983e-07 2.794134588710089915e-07 2.051599825461455690e-07 1.636631979722582463e-07 1.266123330357054954e-07 1.023061535005843773e-07 8.407937383742724734e-08 1.624683311143127333e-08 1.515854963709770836e-11 6.710401059856615479e-12 3.811369460094305372e-12 2.675886796060436810e-12
1.071951236652864405e-06 8.775397236472747944e-07 5.578223427131780514e-07 4.080961795383647886e-07 2.732135202742342287e-07 2.064056868731341365e-07 1.616291263615004317e-07 1.253280991160368541e-07 1.024347296291868200e-07 8.425082966601843921e-08 1.667460293115221039e-08 1.344725930037391693e-11 5.668339213878941189e-12 3.308553900105316796e-12 2.263976813831410194e-12
1.047269364008094620e-06 8.663839558559837626e-07 5.585071076558059195e-07 3.962816711682842961e-07 2.771979819039502284e-07 2.073542380708387235e-07 1.623785398026722664e-07 1.281247333289882867e-07 1.023034028191393205e-07 8.489553144624055512e-08 1.638037761879108153e-08 1.342099096441183926e-11 5.634855681994910689e-12 3.254159634902395324e-12 2.250171248573529263e-12
1.093654761181197620e-06 8.856398432899291549e-07 5.762487324573516757e-07 4.063163136339321838e-07 2.748289263824563414e-07 2.072950436508262633e-07 1.645159757497186596e-07 1.271663659776563225e-07 1.027649589011619795e-07 8.429645546460274511e-08 1.618278234053717224e-08 1.495147106302244181e-11 6.040656224534793374e-12 3.629706107915241663e-12 2.498700921033484760e-12
1.143376299596558773e-06 8.782154335705729227e-07 5.674065070861463790e-07 4.052226162317033067e-07 2.756569959959394068e-07 2.077992357647113757e-07 1.637747284864925677e-07 1.260614664705810414e-07 1.021202473061524089e-07 8.584820330458567339e-08 1.616502622555200409e-08 1.391670951741921130e-11 6.133189169345970874e-12 3.527319758111463360e-12 2.468710550253318210e-12
1.072814911593709649e-06 8.764155390686629520e-07 5.726564031268675051e-07 4.045131273137753892e-07 2.766859825700476225e-07 2.075523900942175293e-07 1.591482684647883222e-07 1.277092099892084989e-07 1.011130633856095031e-07 8.436958923764785025e-08 1.646406879457372478e-08 1.569311597833040300e-11 6.517633709168889642e-12 3.820404214044014772e-12 2.634970115878694432e-12
1.064137449081256409e-06 8.748829731588231720e-07 5.634050317176011395e-07 4.029259761318001629e-07 2.737426748610771507e-07 2.068677836614864662e-07 1.659176670161652270e-07 1.276206867706493699e-07 1.020188468846581565e-07 8.307759693835994842e-08 1.649999234853456903e-08 1.368568330215298088e-11 5.803208407114033727e-12 3.514210809843957275e-12 2.440921360803410601e-12
1.080278370194863899e-06 8.917350732439606668e-07 5.681728868706109812e-07 4.046520784553052307e-07 2.711791921822709065e-07 2.109424696362549570e-07 1.600934511204592531e-07 1.262191074486643966e-07 1.025710448643219219e-07 8.360860985213068489e-08 1.647478726562349902e-08 1.368003836560130106e-11 5.806855269326004122e-12 3.383801728870886559e-12 2.334217413553565814e-12
1.047179872135473334e-06 8.671640996142181435e-07 5.530052370870525212e-07 3.986844527315358461e-07 2.794505593103253901e-07 2.093029689979514491e-07 1.603775865051465100e-07 1.265129513219078011e-07 1.023659875883830698e-07 8.366421359585666145e-08 1.605612958395571029e-08 1.339916238989570912e-11 5.734979433339144944e-12 3.347930510483417421e-12 2.315486249672480621e-12
1.069994032209736451e-06 8.601255071812977876e-07 5.732358164622732929e-07 3.903532344535556269e-07 2.756643329913411160e-07 2.074252014769500192e-07 1.611063175842135248e-07 1.281799141683510071e-07 1.025341533113892789e-07 8.471395751701133798e-08 1.656710372199397514e-08 1.523789360433631611e-11 6.295926346135857400e-12 3.715057964276838239e-12 2.591807921101236506e-12
9.840735917855794892e-07 8.895312652872461652e-07 5.670407982682868965e-07 3.994704153410519792e-07 2.740921277924977642e-07 2.076643306728664084e-07 1.614590908778908330e-07 1.267414074510953408e-07 1.028975180355682745e-07 8.444899092600445686e-08 1.617506512888855844e-08 1.474895264577925154e-11 6.185206942185381519e-12 3.638969691695657183e-12 2.518036621386010051e-12
1.076350037819602952e-06 8.640831644540672927e-07 5.570464688163591588e-07 3.999856741531338171e-07 2.766622260011644770e-07 2.060169135495133258e-07 1.598035771480686585e-07 1.265246245028413629e-07 1.011057815253282774e-07 8.468638257800591698e-08 1.637322554565705565e-08 1.404834731099093789e-11 5.791078786108586592e-12 3.431159351469346732e-12 2.314423944391410107e-12
1.036793932924980285e-06 8.571460807007633707e-07 5.624468816629480434e-07 3.978690518469826022e-07 2.760124572216169197e-07 2.085868753756467343e-07 1.625271261045603582e-07 1.269994143184209707e-07 1.021130707708246635e-07 8.443021730879962720e-08 1.645416316267665326e-08 1.238069766975157114e-11 5.315125477525419977e-12 3.177719793283300494e-12 2.201134169786577786e-12
1.130029956403018078e-06 8.878362651734855214e-07 5.547470365093377551e-07 4.061184315721985615e-07 2.754849406925522982e-07 2.084608022498406258e-07 1.620436822289229653e-07 1.266655829596621472e-07 1.020514555231922945e-07 8.585079701324109406e-08 1.667981777042253522e-08 1.403903805793942130e-11 5.909533612420407119e-12 3.464550121269912923e-12 2.386961070167559136e-12
1.114322192560027373e-06 8.945856007346934481e-07 5.671360920017401166e-07 3.959668393327436448e-07 2.742430507677196925e-07 2.108964672859101063e-07 1.592055206540136291e-07 1.254805529533578167e-07 1.032258358647673002e-07 8.414381743651999125e-08 1.642821695539926803e-08 1.544738006474393259e-11 6.371902081912329869e-12 3.698163398448972950e-12 2.567358197656409764e-12
1.086980811840272447e-06 8.682383336409693518e-07 5.683917113441122524e-07 4.024450432911025380e-07 2.760069058459336480e-07 2.070643113125344023e-07 1.626667138469787913e-07 1.259375225952115730e-07 1.017418562894233024e-07 8.448228916344485843e-08 1.625980818552805473e-08 1.380112361341346481e-11 6.060789720662162995e-12 3.494948969281935070e-12 2.364443263855811866e-12
1.047592930744391731e-06 8.890401414638045443e-07 5.635308011866556857e-07 3.957579137904148212e-07 2.775580359012264039e-07 2.087426649607964110e-07 1.625243701779099520e-07 1.258681265339602324e-07 1.015439655184460150e-07 8.388199209596857524e-08 1.649656087185719408e-08 1.513453902556467284e-11 6.181746729489879129e-12 3.734212374690027653e-12 2.591670021409394366e-12
1.075812267289148316e-06 8.907043782197271238e-07 5.601334038694145056e-07 3.995687214373099715e-07 2.737174033823165210e-07 2.078816286282904296e-07 1.651176550282501924e-07 1.272649594232664718e-07 1.028881673486164320e-07 8.298626757653659049e-08 1.663484943549588647e-08 1.466404595983601960e-11 6.193471070218138024e-12 3.641031767493391781e-12 2.570209848091024792e-12
1.153114270480400994e-06 8.870342897153572452e-07 5.659119812732089974e-07 4.054269612891981037e-07 2.788621396899309148e-07 2.063904882736306391e-07 1.610245236628946196e-07 1.249225371273440725e-07 1.024221942851146827e-07 8.445267960077582166e-08 1.663939727384895316e-08 1.462941794167368771e-11 6.206164860366020495e-12 3.607404122377627548e-12 2.512759020468206328e-12
1.111136026714481045e-06 8.953690839971981365e-07 5.578169757274291820e-07 3.959433295747176148e-07 2.763342723432000936e-07 2.060763930151967452e-07 1.616585517675423108e-07 1.256707207180929375e-07 1.009822273371411095e-07 8.404958028917702173e-08 1.651072206099490752e-08 1.397685903571143491e-11 5.693608753815936128e-12 3.374680822899889789e-12 2.329079831690166827e-12
1.084665135987328939e-06 8.744298666888473930e-07 5.659093065508903636e-07 4.036656775956045072e-07 2.751507612635124064e-07 2.079003193249738463e-07 1.620069558484527581e-07 1.265448296187179834e-07 1.031767728856976106e-07 8.381678024653858562e-08 1.657016572146317666e-08 1.534110262357516971e-11 6.364090142373664033e-12 3.707911578694350781e-12 2.552512824497619459e-12
1.108085012785785983e-06 8.695969862828052198e-07 5.695314595112706655e-07 4.016670577544673217e-07 2.753060425410352381e-07 2.094862240784751335e-07 1.615172015891243759e-07 1.256499850896245714e-07 1.016675351541512894e-07 8.375244742758489333e-08 1.660175587835595104e-08 1.426721920683614230e-11 5.736902426168792177e-12 3.365128639152126708e-12 2.364037076559514567e-12
1.051103761808548819e-06 9.013894144931575029e-07 5.665847649734489139e-07 3.922064863964928413e-07 2.730538721024320550e-07 2.060464733617614053e-07 1.614663320648804322e-07 1.289191510498344784e-07 1.028498820885838371e-07 8.408908263217759976e-08 1.668241624750671676e-08 1.293722903429877190e-11 5.442448261329374951e-12 3.154999359003637022e-12 2.193323787335840952e-12
1.097037917603686783e-06 8.815807441732973119e-07 5.532276608658334986e-07 4.035992100552296523e-07 2.760189323567766794e-07 2.036816331508036573e-07 1.605517412131720481e-07 1.272833492124955900e-07 1.028468923287978875e-07 8.400576844674171680e-08 1.650899288270915101e-08 1.323690049029688561e-11 5.377498407392558717e-12 3.194020500561786540e-12 2.213642252770363109e-12
1.077115892381571693e-06 8.842009874222441475e-07 5.653304163761634350e-07 3.880324752436137622e-07 2.727489864401859545e-07 2.079881035882668162e-07 1.631636040983537971e-07 1.265723195057153525e-07 1.023247740633748319e-07 8.462649947009922573e-08 1.663705732350795230e-08 1.461194237941587724e-11 6.260840491036270311e-12 3.654365509740797847e-12 2.519322884214205017e-12
1.066931650527497962e-06 8.939458237032614092e-07 5.692431218094975551e-07 3.991923417124147271e-07 2.783949367775583572e-07 2.095684502130158744e-07 1.639171580219793556e-07 1.254964624252503857e-07 1.011333270062922154e-07 8.353470108940399726e-08 1.636525422375784440e-08 1.406752836431620489e-11 6.049448285907552575e-12 3.461472314127861066e-12 2.412322600657480401e-12
1.053301023603351462e-06 8.797425330751987827e-07 5.684866863862718256e-07 3.983709900068577683e-07 2.745325898844831643e-07 2.089945944637266721e-07 1.622019278870686068e-07 1.259482820598789042e-07 1.018808460299199249e-07 8.441357495743031863e-08 1.669628691245812739e-08 1.561950836981868748e-11 6.490593001690689144e-12 3.830158945511030674e-12 2.625391944183569561e-12
1.117908192795276470e-06 8.572281092133928283e-07 5.684044740527747693e-07 4.045877280929428231e-07 2.755398800244542440e-07 2.088299557286566982e-07 1.625111723119878642e-07 1.270059390183751982e-07 1.024340575781438577e-07 8.466203937666799770e-08 1.646564126686996375e-08 1.520671275754304941e-11 6.273315754562540186e-12 3.653548059960381854e-12 2.519173498855611838e-12
1.158313580660355902e-06 8.777761301397055972e-07 5.702515773163721699e-07 4.020772374868826318e-07 2.769970140064201126e-07 2.058715823423581685e-07 1.616934278662575821e-07 1.268042563082342347e-07 1.024504669603663168e-07 8.447823783485881725e-08 1.645212482116310571e-08 1.339093400892535440e-11 5.638688377706252993e-12 3.302736505379372941e-12 2.261378743035572511e-12
1.093282821658699641e-06 8.862097034735589954e-07 5.598783196522684660e-07 3.996147625535923907e-07 2.721489731770001259e-07 2.085364944580537133e-07 1.631306290522337269e-07 1.265201696233161421e-07 1.026188275552977091e-07 8.401193832671409236e-08 1.626469537284911582e-08 1.413293824848012222e-11 6.119606344805518532e-12 3.480477330668967419e-12 2.409019206602370373e-12
1.101097392018575005e-06 9.016368588521184835e-07 5.525470215185912645e-07 4.032682683134826067e-07 2.786052483264891658e-07 2.072416721481528108e-07 1.642304005705627207e-07 1.277093412348830983e-07 1.013509439633104643e-07 8.372257880405237047e-08 1.634476003732232443e-08 1.454927637640698001e-11 6.266564439499685750e-12 3.529654904499643632e-12 2.482211819883816044e-12
1.057717343305798767e-06 8.732868327607694734e-07 5.615950375485626199e-07 3.967327668993827676e-07 2.763786567268683392e-07 2.089595473119984824e-07 1.630290115290937410e-07 1.266476548138311871e-07 1.029805643238315425e-07 8.430507424155840764e-08 1.657149944839563475e-08 1.528416191677865399e-11 6.149312232201998909e-12 3.585664343544279792e-12 2.505389936790471748e-12
1.053675303428721336e-06 8.749301975740334211e-07 5.628587973901667509e-07 4.019630459525867673e-07 2.751764980742704512e-07 2.050884587469811345e-07 1.621223713543148314e-07 1.276242916073178870e-07 1.022891199879261629e-07 8.316318192954009375e-08 1.663765347275645932e-08 1.519616937445841592e-11 6.421130773517743806e-12 3.703470943671904649e-12 2.562292349493053520e-12
1.134212556200599104e-06 8.723826923787218823e-07 5.692583694990665876e-07 4.003133878790383720e-07 2.759911749393582105e-07 2.078215277865318433e-07 1.625953046922784384e-07 1.255832965761625925e-07 1.022103825908156941e-07 8.359983873137724434e-08 1.678092401099411586e-08 1.474439610819498196e-11 6.298081321539992472e-12 3.613502619201548121e-12 2.484992442604180261e-12
1.066788224254882962e-06 8.728099372943175602e-07 5.730865576043418178e-07 3.973936706422880494e-07 2.736519974528519873e-07 2.080311749665474045e-07 1.627585663143539337e-07 1.273058778722351080e-07 1.030118469365536295e-07 8.389775868204373739e-08 1.661165702733316754e-08 1.361447881710555150e-11 5.467892269334338415e-12 3.238009142290390093e-12 2.284107387275669016e-12
1.095792769934810634e-06 9.011688510042734167e-07 5.648659415279633601e-07 4.036444908633360702e-07 2.766042657939757447e-07 2.081955201203259265e-07 1.617801625061432030e-07 1.280482370797845171e-07 1.021044929577181805e-07 8.478477695745357434e-08 1.662348435881057606e-08 1.612168408133910383e-11 6.712746196766993530e-12 3.890102901447325564e-12 2.681005121824179904e-12
1.112254559293075667e-06 8.819841643739613712e-07 5.650468528294250478e-07 4.027911265708087043e-07 2.798122061736351076e-07 2.097907088674032974e-07 1.609867783396695817e-07 1.245986077246711170e-07 1.020907890439741122e-07 8.446025208512944909e-08 1.672533798363628738e-08 1.538201671717472565e-11 6.245661498184237504e-12 3.624307579828504203e-12 2.464804361105395553e-12
1.073313171750601828e-06 8.627815164660742617e-07 5.485709971580223193e-07 3.935494294458072774e-07 2.801390625994372804e-07 2.071153195292426277e-07 1.622428363647446357e-07 1.275662543548924985e-07 1.011613615166991515e-07 8.493066685131788911e-08 1.659564878458504829e-08 1.447730705190670235e-11 6.160025907058504239e-12 3.529427095582508359e-12 2.446967020793246900e-12
1.120355557130255176e-06 8.805753186762809759e-07 5.688199314356620214e-07 4.012933603994648948e-07 2.717283316664657385e-07 2.070113995244745603e-07 1.644127767066401340e-07 1.265079515439052577e-07 1.017560105014475923e-07 8.424640052938842592e-08 1.663568956427190331e-08 1.359249210889549624e-11 5.611097167375714510e-12 3.302007093732315098e-12 2.284227451523656181e-12
1.064906732025146742e-06 8.636678056363926705e-07 5.612134337774134497e-07 3.998331679203317917e-07 2.728002028309046979e-07 2.071378977201263768e-07 1.624290101498930031e-07 1.264324813254220128e-07 1.027634693924591626e-07 8.420650138871358123e-08 1.626943058919786484e-08 1.559900296276078380e-11 6.563994773137052858e-12 3.841353617504621683e-12 2.584691127503973668e-12
1.023337505078061292e-06 8.833155854160168141e-07 5.570943557780868901e-07 3.962812512870898372e-07 2.755543906855881422e-07 2.061653013675195492e-07 1.619160413868055846e-07 1.263800933667597511e-07 1.024317652014321854e-07 8.382565789395895520e-08 1.640293787660735520e-08 1.369976298170619867e-11 5.731777105305606707e-12 3.374182640581716277e-12 2.313287114412142774e-12
1.135543913967808327e-06 8.725544792878155053e-07 5.589712582450388950e-07 4.027226946789894199e-07 2.787339458124004951e-07 2.051664834019567628e-07 1.608869200030141445e-07 1.268752762471004730e-07 1.019439595802665906e-07 8.390923533338494770e-08 1.640707155651555751e-08 1.437159637616197974e-11 6.031895939877517669e-12 3.585127319232323804e-12 2.471340759965849279e-12
1.108188560583878276e-06 8.569728004189302362e-07 5.640548728089869963e-07 4.053388449516973582e-07 2.749608235080505101e-07 2.073424205441673632e-07 1.626105840239455147e-07 1.265250590507373053e-07 1.021652720056371062e-07 8.356556772056151783e-08 1.657029982958027823e-08 1.354377944251120106e-11 5.684853094850862208e-12 3.345986632598049779e-12 2.323431592232902125e-12
1.094254395751141938e-06 8.505283133274876618e-07 5.584591215995794453e-07 4.003225689851783286e-07 2.749705573067768993e-07 2.087130902847931562e-07 1.638854786678073152e-07 1.263989482293479769e-07 1.020633887729150333e-07 8.398937990893474725e-08 1.657491471407369276e-08 1.563598546571851706e-11 6.736929770957800106e-12 3.921454149971557982e-12 2.750152681263957544e-12
1.091640149487508235e-06 8.515359333758426314e-07 5.649184623033857462e-07 4.045704392537370110e-07 2.776910780306988430e-07 2.078651427758237090e-07 1.630992590662288544e-07 1.264954318107276036e-07 1.008362104316982936e-07 8.260676011059629392e-08 1.678305409221925908e-08 1.447423458839367337e-11 6.055214881813462463e-12 3.650818786277484100e-12 2.512087271719680879e-12
1.137261666326551281e-06 8.803671514551614422e-07 5.743989313484311272e-07 4.003522721528895971e-07 2.738989045309105954e-07 2.077028008974036999e-07 1.618284024419133814e-07 1.289150455928829260e-07 1.026245538171789275e-07 8.359163653333531578e-08 1.662054033510458346e-08 1.453868560629113952e-11 6.262120539738183813e-12 3.510077135097654938e-12 2.433837786072167510e-12
9.969351904615907113e-07 8.614473768156482972e-07 5.508204629951725379e-07 4.057884198878632357e-07 2.800646617181366627e-07 2.075829876309470529e-07 1.633342535751848332e-07 1.265710128749933124e-07 1.025883740926089298e-07 8.473336059708456645e-08 1.654650088568621580e-08 1.392336637659670193e-11 5.839771683124796606e-12 3.438029871979255927e-12 2.390269530973617070e-12
1.096967225402877087e-06 8.759073496953901524e-07 5.678685791775320135e-07 4.048857731224212355e-07 2.745650262708954423e-07 2.103909060290066938e-07 1.634790564658035833e-07 1.241398638172533115e-07 1.022576680838243408e-07 8.412323711209576226e-08 1.642005570368246616e-08 1.435566472475731149e-11 5.989790035136799605e-12 3.596955247441613303e-12 2.467115655643472451e-12
1.136373563549721588e-06 8.694116963658548768e-07 5.592445184833460118e-07 3.981009310288707874e-07 2.731393051523420944e-07 2.076415359390940811e-07 1.628075701545431064e-07 1.280993813031873637e-07 1.025513253484201379e-07 8.393345968779383555e-08 1.677284012827898013e-08 1.409258914015837163e-11 6.211618774180045344e-12 3.604642112194184587e-12 2.443268255863052292e-12
1.085116590090598892e-06 8.756488098030518767e-07 5.672279660984685970e-07 3.990147423675526035e-07 2.745898474984413023e-07 2.087266836847426274e-07 1.655380278688037604e-07 1.276361676103563933e-07 1.028767998385241183e-07 8.378540673303922265e-08 1.639374904899333575e-08 1.402689716727177465e-11 5.986492071918031926e-12 3.461079369318076655e-12 2.387065757419762653e-12
1.039038658212210097e-06 8.568431724404063175e-07 5.570785087094678056e-07 4.017993373658183248e-07 2.776675760660574715e-07 2.071570732268320419e-07 1.631226851123134121e-07 1.268197109181053910e-07 1.020659987993175977e-07 8.450602614924457568e-08 1.627928210826632885e-08 1.428756854246310532e-11 6.098112909607558837e-12 3.504489958350799971e-12 2.426417863427391497e-12
1.056228607345657051e-06 8.576346975846200516e-07 5.527633835954165933e-07 3.943934754492985476e-07 2.714712491687765684e-07 2.065269171755963857e-07 1.621761980743169629e-07 1.258221693250153076e-07 1.027420089628383756e-07 8.472883344332070637e-08 1.649828479847887907e-08 1.368089287517499144e-11 5.646481954387901034e-12 3.397009522818537327e-12 2.356950180506858062e-12
1.066251265109153739e-06 8.818155142670180545e-07 5.587148132586405514e-07 3.940980869636322277e-07 2.759907200007011212e-07 2.083284391751660317e-07 1.626602687278951111e-07 1.246998064800087365e-07 1.019117810926523740e-07 8.457891093308460953e-08 1.654970907229398661e-08 1.430880084525817044e-11 6.058490914539877967e-12 3.544234563548437232e-12 2.399235842697817786e-12
1.111724079323227433e-06 8.695153581568445773e-07 5.705400243017795286e-07 3.929622481343222150e-07 2.790311240228038529e-07 2.046268017766921443e-07 1.618007614124461639e-07 1.272445387708292746e-07 1.024804133888835640e-07 8.380359013615929776e-08 1.619510891106445761e-08 1.489156225129639407e-11 6.139506847886172012e-12 3.705713545269107698e-12 2.532871565572172205e-12
1.127589625370002378e-06 8.754905550400452442e-07 5.756186332245956363e-07 4.000726244073775821e-07 2.752540317979245090e-07 2.065126703958421719e-07 1.642050409885625639e-07 1.270288919461643833e-07 1.026753209876885988e-07 8.489277706502805901e-08 1.698171152733437374e-08 1.430331475296681644e-11 5.805634830111609579e-12 3.467971664138867305e-12 2.357001294912827618e-12
1.082258497913077276e-06 8.889090108162008874e-07 5.664792228495422934e-07 4.027421995005514216e-07 2.769066319114073097e-07 2.103705371233747026e-07 1.640595278925501481e-07 1.266907386498543794e-07 1.030549120445156217e-07 8.393981747798470938e-08 1.668290131074087527e-08 1.377277322391254056e-11 5.722507586121024729e-12 3.416188858329929245e-12 2.312274605057614941e-12
1.118325220751562124e-06 8.535897745667492517e-07 5.487133149526621369e-07 4.093939051379505048e-07 2.713323247342946037e-07 2.084447122233485846e-07 1.615896251682919695e-07 1.264850915291587900e-07 1.014889606013536782e-07 8.452947833847702817e-08 1.660473959366891031e-08 1.437037805097789358e-11 5.820855762339483215e-12 3.329378707710679345e-12 2.332649206473651288e-12
1.074103342330618839e-06 8.810195398259688846e-07 5.631857031698672489e-07 4.041734724226645640e-07 2.744146936923669121e-07 2.076079806475458576e-07 1.626650667218082405e-07 1.265350488298362758e-07 1.031296677935146469e-07 8.468268255923866964e-08 1.639208699136460837e-08 1.556561927555991045e-11 6.387714271125900101e-12 3.773228827288898215e-12 2.582584068869146132e-12
1.067210452531948692e-06 8.592569242527171419e-07 5.618068039853710790e-07 4.005418787857748843e-07 2.731791989101540187e-07 2.110046465828338308e-07 1.639122868688598985e-07 1.273279377396721798e-07 1.028697265316680021e-07 8.380335096426617021e-08 1.670885674759200189e-08 1.372616977822185126e-11 5.863676779071357194e-12 3.412987840305731958e-12 2.308548289804020835e-12
1.124438889567457357e-06 8.936352196855992356e-07 5.538860320765360420e-07 3.902339938224805855e-07 2.791307269003061036e-07 2.077226409140126642e-07 1.619197096478440837e-07 1.265084770271956539e-07 1.016564959865313091e-07 8.406136091860758506e-08 1.651160625919242864e-08 1.392557397363043839e-11 5.946320846982580973e-12 3.332753907291582298e-12 2.345271987597208766e-12
1.073966470090932515e-06 8.727268894669601032e-07 5.607726117374358372e-07 4.047927432041884204e-07 2.755430508864451161e-07 2.096426011818591667e-07 1.624909067114329503e-07 1.259506430682369372e-07 1.017333227407578461e-07 8.319245679698516633e-08 1.664896208864127682e-08 1.407977751647073855e-11 6.200792967759019222e-12 3.518072906181640100e-12 2.462723072017555458e-12
1.053050972279120387e-06 8.736714797734335984e-07 5.612553390534652666e-07 3.955324586455551673e-07 2.679816117694535326e-07 2.061380968544810074e-07 1.667242020407115230e-07 1.269900094807191832e-07 1.028012082769223164e-07 8.411514594955987226e-08 1.611690179508568338e-08 1.418094908210093434e-11 5.751516635888994460e-12 3.384928715079866330e-12 2.407845240583672133e-12
1.108967198140265384e-06 8.774137193808033128e-07 5.610789722599746034e-07 3.991185921816025579e-07 2.747825860793181636e-07 2.050705124937062562e-07 1.623685596011602249e-07 1.264221753678890058e-07 1.021869553166714822e-07 8.469832491780567924e-08 1.669532884529221541e-08 1.422322868340439798e-11 6.087768143843151077e-12 3.545867385252346128e-12 2.449726957797191215e-12
1.081686135452607346e-06 8.701143465598115820e-07 5.647153208606390037e-07 4.039140588407647164e-07 2.753540393811337783e-07 2.093230117548979323e-07 1.616874054352146576e-07 1.267680532698698795e-07 1.012125728397351532e-07 8.401317024116103398e-08 1.698129066534770016e-08 1.398421354343988974e-11 5.986575868993496811e-12 3.478109518718261725e-12 2.422182859798190750e-12
1.047297118687196178e-06 8.686597967152192669e-07 5.628527028911293719e-07 4.045939946140823509e-07 2.763503307980948137e-07 2.050820216232949181e-07 1.634735739978709447e-07 1.269555206487535668e-07 1.013706924954878666e-07 8.379127001415705628e-08 1.673664581704029699e-08 1.532839102563103992e-11 6.373673798639400191e-12 3.707912783048518742e-12 2.558687634146386972e-12
1.044524104445626677e-06 8.778516868892143052e-07 5.647043136268823569e-07 3.987162521989643030e-07 2.737608618429427682e-07 2.074465519900523995e-07 1.600729958880253335e-07 1.278055067984009818e-07 1.020287324099759114e-07 8.410250999032581642e-08 1.613015375943376465e-08 1.510731094009164967e-11 6.141519500154342675e-12 3.642397042660044967e-12 2.528792047162133699e-12
1.114482141507908903e-06 8.935201732834850021e-07 5.717093677040568121e-07 4.005404605874620164e-07 2.730028036127453542e-07 2.073291523953146030e-07 1.602470457721448817e-07 1.276192418843271993e-07 1.031779328493117081e-07 8.545917705461218918e-08 1.643282845537179168e-08 1.463149891924767030e-11 6.291072848613954477e-12 3.652138240608285863e-12 2.569671009717266751e-12
1.090901053461182245e-06 8.649484660353130353e-07 5.803892710476104782e-07 4.051805953992422765e-07 2.738512642202415494e-07 2.106514964781182000e-07 1.633159393476460337e-07 1.262394251601915620e-07 1.020071778102219029e-07 8.383180108758397299e-08 1.616034227425616606e-08 1.297971794439336211e-11 5.498199900406137684e-12 3.191566873984839074e-12 2.211128325695165265e-12
1.158115501124614411e-06 8.577011740822991847e-07 5.695328109361061057e-07 3.964886780586597787e-07 2.785090116618764513e-07 2.109348352071884010e-07 1.618724754554323155e-07 1.246893852560072704e-07 1.015966260468960714e-07 8.390928495532613440e-08 1.659753311398232278e-08 1.556749525860454694e-11 6.440186438452536249e-12 3.830706714891048826e-12 2.683625148101830898e-12
1.066680339713624866e-06 8.974164895580137326e-07 5.561466053530247309e-07 4.080787754047500768e-07 2.769007727450144917e-07 2.068950052259500810e-07 1.630672416197325966e-07 1.253581239494389918e-07 1.037952836935005410e-07 8.333059878459001366e-08 1.618842982365213158e-08 1.307644518097819476e-11 5.527718604728315234e-12 3.182041379380845890e-12 2.177937050517738950e-12
1.097901024064469596e-06 8.572250292456766925e-07 5.707585399011062114e-07 4.027885827447157747e-07 2.777779526144215258e-07 2.061195751468804784e-07 1.634400926302053797e-07 1.271724385172061224e-07 1.007475296314281704e-07 8.356715124769414061e-08 1.669566287422877061e-08 1.316704329262734798e-11 5.663106991849232021e-12 3.279801073862606901e-12 2.276802440892637203e-12
1.092476749674484248e-06 8.716970319238109586e-07 5.565805989018644839e-07 4.020178708371420363e-07 2.770911272144650500e-07 2.051403469965925029e-07 1.614032101662955700e-07 1.273386097036723139e-07 1.020257606402605774e-07 8.439095378582117760e-08 1.663090908478605839e-08 1.454386948936750605e-11 6.299527522591101930e-12 3.662079450564762580e-12 2.528068691083671349e-12
1.103420091012810555e-06 8.872868886484171018e-07 5.534842928497207502e-07 4.037811978817285096e-07 2.776962321474987127e-07 2.066923585257501315e-07 1.620369748403390001e-07 1.252206837927029255e-07 1.029808727862207062e-07 8.438145818246043928e-08 1.681289329662991776e-08 1.491102957205631046e-11 6.156683463816337538e-12 3.618104723652307104e-12 2.515041911432990373e-12
1.098081087832336101e-06 8.818229813567317423e-07 5.617387811937294827e-07 3.990904303788411836e-07 2.735894208968139376e-07 2.076713391513608894e-07 1.619388696183219346e-07 1.248073232095015235e-07 1.020011039394736938e-07 8.479471742607206969e-08 1.679148910030571935e-08 1.408337707467406826e-11 5.774589829990247183e-12 3.405507105220933440e-12 2.330348320165752839e-12
1.070671129110083536e-06 8.806720310168279700e-07 5.614736901795750110e-07 3.973612057552327700e-07 2.790932182877483880e-07 2.087217831193096346e-07 1.643978999636358916e-07 1.260951212795367088e-07 1.032727218858616470e-07 8.515695321362646166e-08 1.644197608677292863e-08 1.645780507244197072e-11 6.717811968307367247e-12 3.967443512631344724e-12 2.780441982020174971e-12
1.076215025452419928e-06 8.739570505345376823e-07 5.689299779886291908e-07 4.062708243867580716e-07 2.771489098328403046e-07 2.084155912630668641e-07 1.623215144089782911e-07 1.261427970121410243e-07 1.025308334604753896e-07 8.444872169782855459e-08 1.685638136561519846e-08 1.248561787228497982e-11 5.458869344294321161e-12 3.167035244873812189e-12 2.119565894702941830e-12
1.043061660662349547e-06 8.962379163082231079e-07 5.410539261338188625e-07 4.025246271509808532e-07 2.747645450367728001e-07 2.035228369546325776e-07 1.636071143269890031e-07 1.267998398900686751e-07 1.006391236884629548e-07 8.439359166273876760e-08 1.690753859185075235e-08 1.276852381964302163e-11 5.340473450308665732e-12 3.131269605237054958e-12 2.150615883509235659e-12
1.090494820447644029e-06 8.560645653349905655e-07 5.580306333672356288e-07 3.954144898679708043e-07 2.766664967074954360e-07 2.112938796399026838e-07 1.628702535889098142e-07 1.272150142272622906e-07 1.015727290231836511e-07 8.477532792813599273e-08 1.667550171506722543e-08 1.356080296787472945e-11 5.680971317709932188e-12 3.268810148059572990e-12 2.279955497773475500e-12
1.123563742034398966e-06 8.696670640327221220e-07 5.614787740023796551e-07 3.955921120876476298e-07 2.728208625937375719e-07 2.072020221915821554e-07 1.645770419881195146e-07 1.256115558555752750e-07 1.010938565395246492e-07 8.460523500577910830e-08 1.630561378294524956e-08 1.380841003621890296e-11 5.728579934765113679e-12 3.327616544235651688e-12 2.329883451398796885e-12
1.078648957609129307e-06 8.497762571783631733e-07 5.635814322703151875e-07 4.022404075226677430e-07 2.764353755270358745e-07 2.053278224077313134e-07 1.628316151406629150e-07 1.267906107657506615e-07 1.011873758543103121e-07 8.419270575050879838e-08 1.607831497638817699e-08 1.458368952408098877e-11 5.980460585376971973e-12 3.446841929162352429e-12 2.434419745606208334e-12
1.071135934191752075e-06 8.742602656195175715e-07 5.717580777323898354e-07 4.065866816071924124e-07 2.758866319408348306e-07 2.075321000416132469e-07 1.632932598257548890e-07 1.258169768738280536e-07 1.018822260136545793e-07 8.390345238382763856e-08 1.609552211500015496e-08 1.256114402250992971e-11 5.461281369508903994e-12 3.152831339935565430e-12 2.190592186063202129e-12
1.070704326106893012e-06 8.741423720180988634e-07 5.619127000235199683e-07 4.015403883472940555e-07 2.764273510879019231e-07 2.119741584821495304e-07 1.621720107834781737e-07 1.257492275233451558e-07 1.024873373357265525e-07 8.435167709484697036e-08 1.675674764489428613e-08 1.517221399418460638e-11 6.390488385421335958e-12 3.749276236550249036e-12 2.557164586789788505e-12
1.058151651463844919e-06 8.556869019921524975e-07 5.686148751703722166e-07 4.033775267746215052e-07 2.766842947507406790e-07 2.072805091864923366e-07 1.632677909506856222e-07 1.270573055703224956e-07 1.012883741637029941e-07 8.411851953626378771e-08 1.688839772113420803e-08 1.397466082815792619e-11 5.908844281566046346e-12 3.490460968922747872e-12 2.429955573989505327e-12
1.100837310105586401e-06 8.930619175328044728e-07 5.622628283654654362e-07 4.015344679376443770e-07 2.773375967044526144e-07 2.064711472545350420e-07 1.627666892958520659e-07 1.265480830326745732e-07 1.032617833403974701e-07 8.365135337428952182e-08 1.644971713691530972e-08 1.571793400462664224e-11 6.389499089525284345e-12 3.734058361940153224e-12 2.608601921608285154e-12
1.096310416976403335e-06 8.761564421187732256e-07 5.644751349979064163e-07 3.927941789901908596e-07 2.784084160710177710e-07 2.054622074978623026e-07 1.610934064006647314e-07 1.269342903006116059e-07 1.016709703196124587e-07 8.381874702758684376e-08 1.648750215486020003e-08 1.503112463841169089e-11 6.344248310369776862e-12 3.614558803942010809e-12 2.567266489820837585e-12
1.096498700996715899e-06 8.598437347584197959e-07 5.666482869144525724e-07 4.001233543583058978e-07 2.789513693489521461e-07 2.071620066368115535e-07 1.635758864323064440e-07 1.272577817725521094e-07 1.029337325886485057e-07 8.369069041707575940e-08 1.678103082337278535e-08 1.444984211411135890e-11 6.121797373060226048e-12 3.516448661582330818e-12 2.454748521384020920e-12
1.083745193392766457e-06 8.821995335192815936e-07 5.510816077709059552e-07 3.974914446941874317e-07 2.749549274371046185e-07 2.094766642054502657e-07 1.635860015009330584e-07 1.272693272308854531e-07 1.013740890901607382e-07 8.425093310069659991e-08 1.627069910353177231e-08 1.387226861342893537e-11 5.737029197176495097e-12 3.360338757427639516e-12 2.353764996551870069e-12
1.170870790569190691e-06 8.714338944829800451e-07 5.725630219302964315e-07 4.089049709345353598e-07 2.809927294746603527e-07 2.101876042230772923e-07 1.611683147587760633e-07 1.278648515871142990e-07 1.022792559283682247e-07 8.473854451573635414e-08 1.672784458973637214e-08 1.396103918189026504e-11 5.882333640776162026e-12 3.411451111683609697e-12 2.368141845233166038e-12
1.090026684902878851e-06 8.706938287206970692e-07 5.730994888605536169e-07 3.944868535156539649e-07 2.774420032162533229e-07 2.088936804975330927e-07 1.638494134567418865e-07 1.265462589431729436e-07 1.017515953156821750e-07 8.420421817347606742e-08 1.641846790840983323e-08 1.258979360540894763e-11 5.336311517086432934e-12 3.084178918231907331e-12 2.087791891789820667e-12
1.038155119793461504e-06 8.629000606296858119e-07 5.661642016586697881e-07 4.056749899994132193e-07 2.765278433254578111e-07 2.087864587768149959e-07 1.625218324949403866e-07 1.274745512774578783e-07 1.011350071790531938e-07 8.438851994418233666e-08 1.630051049472317266e-08 1.416331988726379330e-11 5.899678896505211925e-12 3.522355923071431248e-12 2.367704101107733016e-12
1.136989327692069341e-06 8.911333547459888022e-07 5.682307323243348531e-07 4.006494894831153829e-07 2.747288170242348525e-07 2.087258474246782454e-07 1.617496300554707157e-07 1.262976322262604456e-07 1.008222677339985083e-07 8.403339975789221924e-08 1.645053343062041941e-08 1.465455247200839247e-11 5.991301091422821205e-12 3.440703914142537053e-12 2.356288955317098044e-12
1.070205187470517495e-06 8.703441236030590009e-07 5.630573342813974522e-07 4.013407749918178980e-07 2.803260942021202610e-07 2.100612045332870099e-07 1.608399747626935471e-07 1.249496951221886543e-07 1.017853787777251936e-07 8.467315688935636791e-08 1.652606989945182013e-08 1.395645784192126629e-11 5.772931796517891071e-12 3.334384710886067701e-12 2.290310726739518193e-12
1.058403994746412405e-06 8.671582197237439025e-07 5.494672798115230884e-07 3.972669098790667478e-07 2.759918580063939226e-07 2.084523794539183566e-07 1.614263477120524441e-07 1.267424888279895366e-07 1.024490640886794794e-07 8.442081303224927927e-08 1.641012174374581739e-08 1.419485490793794125e-11 5.891999200275823415e-12 3.483888215247985871e-12 2.412180116968089175e-12
1.034914716619684065e-06 8.774755430532932734e-07 5.587249280609843064e-07 3.905348390456669022e-07 2.799593175700138767e-07 2.081861492097241071e-07 1.609905195590298248e-07 1.269327301466119956e-07 1.016220354231061685e-07 8.401854339093147618e-08 1.630097776009345987e-08 1.402782654335986059e-11 6.076729403519885095e-12 3.482794720674107775e-12 2.408588717622941178e-12
1.087536193406970178e-06 8.869803258020881415e-07 5.612142545320251597e-07 3.970257971312724805e-07 2.717403083579667402e-07 2.084521602760041415e-07 1.639612644549488866e-07 1.265036739503988766e-07 1.019067603156195542e-07 8.470173965352541756e-08 1.636798360181833435e-08 1.520516276604548734e-11 6.401789951693934526e-12 3.688321070105816263e-12 2.584317989746177942e-12
1.139252547821312542e-06 8.644322121551121631e-07 5.739688945499946478e-07 4.063900852022902270e-07 2.789649880563828471e-07 2.080988835763174473e-07 1.612184638151544323e-07 1.264070554103941491e-07 1.031776804547158897e-07 8.459496634919990045e-08 1.676330239618994959e-08 1.516918478411546222e-11 6.320294420204132876e-12 3.688990451495336836e-12 2.565794264804233727e-12
1.095221609385785864e-06 8.622800037145851320e-07 5.628058025523536925e-07 4.071944742233723940e-07 2.743455888065939017e-07 2.086640528026816916e-07 1.597766598981580254e-07 1.278508245287805878e-07 1.020516715931639022e-07 8.377553200905450916e-08 1.646428076688203538e-08 1.531129999623049675e-11 6.416099596875832799e-12 3.686710849367493836e-12 2.547784512844810778e-12
1.089295831042871207e-06 8.545302447804394828e-07 5.535305443237178032e-07 4.008321550261196426e-07 2.795547843175024932e-07 2.058715135319109216e-07 1.613175521743367233e-07 1.262579702059821753e-07 1.023851819048702443e-07 8.468848806252833655e-08 1.660812744603076786e-08 1.460037433381398625e-11 5.961406481026695494e-12 3.500727966247591650e-12 2.441616141374623892e-12
1.034868836794895596e-06 8.540675724129589533e-07 5.716895401046059533e-07 4.028183668800205446e-07 2.781509896481095097e-07 2.075832257328037869e-07 1.606980234870949567e-07 1.242999322913371008e-07 1.023797086136293332e-07 8.434780075895382695e-08 1.614097596156743945e-08 1.312061148948590093e-11 5.440512816684436327e-12 3.240818730520535139e-12 2.220258014025264642e-12
1.062887146672760134e-06 8.482933183590420198e-07 5.641230794584438743e-07 3.972575060161043239e-07 2.761772050009954766e-07 2.080732117010649614e-07 1.638948746492186916e-07 1.258813343423662253e-07 1.032181116740520348e-07 8.455190590726554071e-08 1.651729172736609625e-08 1.452403681271783341e-11 5.985157928798525584e-12 3.469582250494558617e-12 2.416288078620716253e-12
1.117695067219286992e-06 8.585019173798470384e-07 5.547504067861666997e-07 4.077931944663056331e-07 2.782392553636251358e-07 2.054227124051868263e-07 1.623921126212312733e-07 1.266253626284683245e-07 1.018651132725940544e-07 8.443338300367078808e-08 1.672859261658300883e-08 1.380908593269177011e-11 5.963633601105276637e-12 3.523255956702742811e-12 2.414971973302179973e-12
1.092491812732343064e-06 8.662568416345459492e-07 5.583470277774572727e-07 3.964706849303811966e-07 2.739033827084382635e-07 2.111029156982971551e-07 1.641572197142491036e-07 1.271003603654028688e-07 1.015545394756312680e-07 8.458039932088318396e-08 1.644562135257552417e-08 1.561276910283997338e-11 6.561147693921034787e-12 3.775360362317687846e-12 2.606760856526568707e-12
1.130082693769285904e-06 8.817972065078657061e-07 5.627085190222638527e-07 3.908497934974257358e-07 2.726034793010622040e-07 2.057939553786752825e-07 1.629526976012832545e-07 1.266580021749126765e-07 1.018736715881208633e-07 8.421771967418531944e-08 1.631060578266393186e-08 1.489581963861562030e-11 6.040332476759293394e-12 3.560464336895820936e-12 2.498897148123432693e-12
1.076295322383113790e-06 8.627244415104532369e-07 5.632060623496026126e-07 3.934194802439509463e-07 2.727952848219303845e-07 2.095219774513851655e-07 1.633516554276688790e-07 1.252810395007314457e-07 1.023139266735917497e-07 8.540746079548989999e-08 1.662891290097017358e-08 1.549543462779061838e-11 6.492296190452808133e-12 3.768567756108560681e-12 2.617389846406982613e-12
1.106385319960607264e-06 8.683355783235408625e-07 5.673216443726860349e-07 3.951244683294841320e-07 2.730074261833257901e-07 2.055735429640096180e-07 1.614408614335622528e-07 1.265752358920024416e-07 1.014626269438649133e-07 8.382087539249405388e-08 1.695020863508487881e-08 1.406120375240984980e-11 5.886113771557078811e-12 3.402613656243166943e-12 2.413386644867270551e-12
1.106002543659683755e-06 8.549962556157018308e-07 5.766434844806040519e-07 4.012718560870902884e-07 2.788066964584332087e-07 2.113280728876960026e-07 1.601459445397761583e-07 1.268055982165203900e-07 1.023478406572707264e-07 8.403239010460399591e-08 1.669161262829418312e-08 1.531060978413866293e-11 6.519522314570334315e-12 3.797972149785873162e-12 2.630166966389603324e-12
1.103414991713695725e-06 8.445278045988130993e-07 5.575386728055231995e-07 4.056760297061116110e-07 2.750019881937238723e-07 2.063281020555506102e-07 1.624253546912944129e-07 1.276718821350637201e-07 1.025057802482251898e-07 8.380838545371193964e-08 1.635958397058630643e-08 1.243717660029418527e-11 5.350395801400988191e-12 3.111854084932060450e-12 2.123052824320267099e-12
1.088115376630196206e-06 8.862377802711875711e-07 5.688373495294102254e-07 4.080805261510292444e-07 2.742476979646502163e-07 2.061193204613337588e-07 1.637976415893621267e-07 1.267185837185355154e-07 1.020963487745833820e-07 8.433632204446249153e-08 1.633658768588923039e-08 1.576469752489966139e-11 6.359697913734937093e-12 3.734715113732020565e-12 2.583716333875827020e-12
1.007178344287799215e-06 8.642462658377015330e-07 5.710951251289477660e-07 4.106709331852487065e-07 2.752237994633319609e-07 2.091830170546336085e-07 1.615729275960622335e-07 1.275151209080988339e-07 1.010750882140613443e-07 8.434450642386848190e-08 1.666593447905741721e-08 1.623222892099880295e-11 6.528919784684173283e-12 3.918986033281759528e-12 2.672207329778319124e-12
1.110957123968569717e-06 8.686012643792433998e-07 5.676122701925291206e-07 3.984899145114071757e-07 2.749348114003589328e-07 2.036875160225245203e-07 1.611273981997001126e-07 1.273884283585319402e-07 1.017907875816302044e-07 8.461775068266103243e-08 1.621886073417901832e-08 1.440789325419171087e-11 5.993409022920488385e-12 3.551928891600573763e-12 2.498384372050361787e-12
1.102713465959272517e-06 8.565581791831198414e-07 5.515305739792060628e-07 4.040030543434337753e-07 2.764953684743481385e-07 2.072362106794583422e-07 1.626516534996786370e-07 1.254841439599004347e-07 1.034307279361851342e-07 8.456451177886944270e-08 1.639918946586206355e-08 1.393511613091789232e-11 5.856255490285614874e-12 3.467471116484679869e-12 2.376862137536193649e-12
1.050561158384583316e-06 8.742564317030326531e-07 5.600566589440474957e-07 3.989262120521412402e-07 2.731754244585379893e-07 2.065988793194709901e-07 1.630702884344941294e-07 1.254081617387082946e-07 1.032553345093262459e-07 8.416278479429150900e-08 1.625570312888617577e-08 1.342046326126239504e-11 5.493012962981129049e-12 3.170623046762853531e-12 2.206852650678156379e-12
1.105269214977986945e-06 8.920142631783060046e-07 5.656040194138115966e-07 4.005165134771144878e-07 2.770418998660173952e-07 2.064934764575473468e-07 1.632261955290672356e-07 1.264845480566470610e-07 1.024395976839148396e-07 8.382206665632665121e-08 1.683884900452394435e-08 1.659096828449323700e-11 7.031657756018812779e-12 4.026921079234878964e-12 2.796228526064486177e-12
