# Cls sims
1.301356273771463489e-10 9.935945545601839225e-13 3.110929355083052714e-12 -1.770527906303885417e-12 1.826495647488580560e-12 5.415019882047171905e-13 1.478743673741804387e-13 4.614798229632719806e-13 1.113051591382646245e-13 2.185380497908478375e-13 5.680673374309076110e-14 -2.358268030056888427e-16 -1.443168180848425447e-16 -6.943247995582248110e-17 -4.735030874088701857e-17
1.513343804836017142e-10 8.158513093911185217e-12 -1.301660050716994700e-12 1.709298670235299155e-12 1.436968109211943945e-12 -6.721041604864191487e-13 2.175031253744033252e-13 3.085656198053873940e-14 3.192772887038969378e-13 -1.473488664801788635e-13 -5.004930451318409441e-14 1.940494999120563654e-16 5.194373057840146199e-17 1.394029909181502944e-17 8.408651013733877139e-18
2.322429031260710039e-10 5.173448622508247195e-12 -5.924552808056874709e-13 2.057055267504408186e-12 1.121526778722139610e-12 8.647045119197029329e-13 3.546652236617811693e-13 -1.586213337692774554e-13 1.033289206037641652e-13 -4.437216793165019341e-15 2.362609500261049731e-14 -2.558808886473684728e-16 -8.302624766268215030e-17 -5.172568325492511882e-17 -4.133443154919322450e-17
2.444521014589898147e-10 2.878915504914545786e-11 4.684375801938801776e-12 8.114354536082419273e-13 -1.093824351529973299e-12 6.484005617959970672e-13 1.031916345671585743e-13 3.680887562101787066e-14 -7.241091735069701042e-14 1.812413178816709356e-13 7.437387915509548615e-14 1.829306778552689792e-17 2.098660314532681460e-17 4.395694691430992336e-19 1.263199296496813302e-18
2.750259993463466777e-10 6.465304814435941784e-12 -1.673806020612229974e-12 2.067784438921244560e-12 1.149162456738765925e-12 -3.000139306386637455e-13 -1.624279517143061454e-13 1.634373938081730198e-13 6.735057551888835808e-15 1.913109317544218735e-13 6.269593833432913416e-14 9.115987309083312456e-17 7.223846201582263898e-17 2.839934795637729311e-17 2.323340910754441361e-17
3.197847267816009518e-10 1.008845275640859256e-11 2.456297426572753145e-12 -8.094955710962549951e-13 -5.425707521879878461e-13 7.375625421929797110e-13 3.210804696407295296e-13 -1.847461092000614192e-13 2.774019667781736664e-15 -7.111759800792030956e-14 4.665938171902853770e-14 5.364883462026684627e-17 7.942528463982804031e-17 4.257912263100257216e-17 3.155029009536490126e-17
1.961760531339728127e-10 1.771356381775929479e-11 6.302855928180127505e-12 7.562398805126171018e-13 1.090396933627003378e-12 -2.731299030274331915e-13 1.205820747058402696e-13 -8.876320494927355760e-14 7.123064936657527518e-14 -8.927307457478922001e-14 6.506300659840963980e-15 -1.813411695795178998e-16 -1.313024639318782752e-16 -5.893455763525194851e-17 -6.366095706887120384e-17
1.620790964308274247e-10 2.256582045970963215e-12 3.916707110519682487e-12 -1.034071829446061561e-12 8.824416032563834238e-13 5.792555169286296114e-13 5.555047703276128917e-15 1.831593152591269259e-13 -2.066365196730999400e-13 -7.702006417054035304e-14 -7.642440035798155174e-14 2.646885647319214279e-19 3.153326151032342930e-17 3.513694585562339713e-17 1.650035863445286863e-17
3.122905397753200548e-10 8.486615496833742314e-13 2.151031674494924378e-12 1.712467609845178675e-12 2.890245474090713171e-13 -1.059520082673127044e-12 4.043350965828748544e-13 -2.669162282257002592e-14 6.487063486657062587e-15 -1.737480645866319183e-14 1.825135735507863100e-14 5.290376126513355197e-17 -2.271397244539726969e-18 -3.387853873783587538e-18 2.296255123346171999e-18
2.110003013125859774e-10 -1.668604238255850826e-12 4.615630692342304993e-12 5.048332952206005314e-12 -1.211924222735951294e-12 1.092849616357799238e-12 -2.664206231632825549e-13 2.668786192792313879e-13 2.202277251425099930e-13 1.177937719106030746e-13 6.931473145103345380e-14 9.964193767137087268e-18 5.435431486612437341e-17 4.101655995185976528e-18 7.890436946153442046e-18
2.176187897476295279e-10 7.623423613131597946e-12 -2.360574346172869156e-12 4.174324827918617012e-12 -1.754359713963307186e-13 4.471050593711190827e-13 3.633232057991942844e-13 -1.130125041775950753e-14 1.858865111644765717e-13 -5.123016244893127072e-14 1.202250308610831353e-14 -1.889605034807426933e-16 -9.911307047372069796e-17 -5.876124941343169026e-17 -4.690453562692560180e-17
1.897350325972897854e-10 4.669369467014075678e-13 -1.545577325478594701e-12 3.794641212249601734e-13 3.146828185733499252e-13 6.962373476922945856e-14 -3.064911578270709314e-13 -2.188583890591245260e-13 1.765624372042409262e-13 6.863716521690737563e-14 -6.399706331377797994e-14 -3.075073891283847069e-17 -4.683543663305169723e-17 -1.786721126620780159e-17 -1.092449737280957078e-17
1.335205107262849133e-10 2.840035046504811787e-12 5.666717727930963252e-13 -1.862167489414584344e-12 2.146046967146232295e-12 3.611597048843460940e-13 3.676382653544572572e-13 1.930182491953424078e-13 2.748909675712379476e-13 5.287466416253876821e-14 9.799922948934040224e-15 2.466198407350341461e-16 1.004175446202319927e-16 4.437225559624531849e-17 3.678501307958132749e-17
1.505533067277000675e-10 4.352767305521247520e-12 3.221296730602479086e-12 2.121130952666276970e-12 -6.424199123596070462e-14 3.798022941033074679e-13 -4.402628056618672017e-13 -6.367400478350902685e-14 2.186551705650058567e-13 -2.003314529825357811e-14 2.275629546877951725e-14 5.813300793279791886e-17 8.081605079914820217e-17 3.946602526964204158e-17 3.579785911153378278e-17
2.180218013513129245e-10 1.511220000193864334e-11 7.746233940195219446e-12 4.127928773254683906e-13 7.988937418675091697e-13 3.249626815753988313e-13 7.409143550888454281e-13 -2.456442724312961211e-13 -3.690824121652017220e-14 -6.199975628194861323e-14 1.174835115995546474e-14 -1.299091747329600083e-16 -4.218212003096128306e-17 -2.366242457586951967e-17 -2.035470742158767920e-17
2.546847395407197675e-10 8.059657409931988437e-12 1.838083132389064225e-12 2.186849738953812706e-12 6.547326758964881973e-13 -3.016516425103428990e-13 4.316350771815313973e-13 -3.838539993503181645e-14 -7.145789622574074521e-14 1.127859851277157745e-13 1.678000683765327850e-14 -7.401802956880326983e-17 -9.379613830285335234e-18 -2.929557869714158996e-17 -1.117738025762862502e-17
3.157596720681634258e-10 3.561308781989622456e-12 3.271049773345378416e-12 1.951791196559405243e-12 1.122837768430103058e-12 -2.724808367588512148e-13 3.840354435983312472e-13 -3.104378112169766181e-13 1.206731341233486473e-13 2.034314407531892874e-13 -4.856786089904035874e-14 3.796074072236293294e-16 1.693953628469436375e-16 8.837798115413442987e-17 6.278047172169091823e-17
1.308071760013697692e-10 6.920779070799618241e-12 2.975831761182969795e-12 -1.956273212763779678e-12 -1.414693438637019396e-12 -1.593448349497356004e-13 1.450009117933776395e-13 -5.025945246790840571e-14 -1.337238571376891362e-13 1.680569264611212618e-13 2.567371907158328838e-14 -4.469130789505612157e-18 -1.816811314067397784e-17 -1.453044921673280690e-17 -4.680871957974651755e-18
1.223027299703936737e-10 7.919398858602824282e-12 4.486629867355789059e-12 3.764163343578118997e-12 -4.345982772498193866e-15 4.756658248303225017e-13 2.430800805215962401e-13 2.206146994731950706e-13 2.197105808470259815e-13 -6.236387521482818222e-14 1.599685764365025406e-14 -1.869722496425797192e-16 -7.119865177763199492e-17 -4.520753898866392418e-17 -4.247072781326377263e-17
2.405436394427359289e-10 4.127047159280943289e-12 2.323537210518352345e-12 -1.637039310733001319e-12 5.256270272370271194e-13 -6.295652745864589802e-13 1.556237970855488870e-13 4.627271361167890763e-13 1.897322109377395152e-13 1.614985839151631174e-15 2.071804418099693810e-14 2.607881614692436536e-18 -1.192969485337105539e-17 3.090788894742304564e-19 -5.901624830130690495e-19
2.136738512357338380e-10 2.927450709809485217e-12 -2.967651739375679674e-12 2.606524093192392849e-12 -9.025735184812950399e-14 3.255320002722964785e-13 3.759929849109665913e-13 -1.467842851648342520e-13 1.125176374783552179e-13 -8.110533684835348913e-14 6.498881940643685306e-14 2.876306471259521193e-16 1.224754245514942472e-16 4.982452927475373735e-17 3.951375933538593332e-17
2.999341331878144016e-10 -1.326145123175626473e-12 3.559733871751277260e-12 -2.488638309077113116e-13 -5.859153978157120199e-13 -4.801460196052158484e-13 3.945762045349729247e-14 2.791786834059008375e-13 1.238240194100334510e-13 1.714820583834492694e-13 -5.947097829019618988e-14 3.067815054646012104e-16 1.185208456593813899e-16 8.849782386652232948e-17 6.178241922297368292e-17
1.642839214333183914e-10 1.823537059013882734e-11 3.391588053238043518e-12 2.155806087274592115e-12 1.347655093205719327e-12 -4.081780328906878124e-13 7.174746225533767714e-13 6.063450547960577710e-14 -1.229116979222187571e-13 6.757303344726453095e-14 1.321356799461008837e-16 2.363717770092521045e-16 9.719435624331601823e-17 5.356025881416025574e-17 4.804130468730139138e-17
3.011829879877134535e-10 1.601181489620609958e-11 -2.964703617161640304e-13 5.199437617454271599e-13 1.053806075430628173e-12 -6.300840023500542131e-13 -1.296843536591724767e-13 7.522244946745549711e-14 6.378205993386240864e-14 -5.657340696761832416e-14 7.586137825008326667e-15 -7.938079331736267198e-18 -1.813722089024042030e-17 -4.457775111779885585e-18 3.937238150470244985e-18
2.889744068111017810e-10 2.486928982831267422e-12 3.189469782066381033e-12 2.784752746607647283e-12 -2.008554923174406506e-13 8.466464546773258959e-13 1.255044231453303557e-13 1.286110431302858584e-13 -6.354754292890771504e-15 -1.096030080750594044e-13 -8.371585382835609496e-14 -2.800718901458971503e-17 -3.395632723822615653e-17 -3.547688302427669223e-17 -1.460248716791734299e-17
2.566892872703959102e-10 1.620299918029788165e-11 7.822060780924936336e-12 -1.231316739324969430e-12 1.045134754361579306e-12 -2.960505087282430865e-13 1.008199991421594903e-12 4.958029621320938141e-13 -1.267215884714790209e-13 -1.070373728438771602e-13 -6.359446408519411384e-14 -8.416914696411550950e-17 -4.009578046017069019e-18 -1.832576189223828624e-17 -7.348273608415908537e-18
1.617025902356175155e-10 1.514437900011378132e-12 1.258869945642072087e-12 1.167759829285174796e-12 3.153506757637264085e-13 -9.948623771402490774e-13 8.418054506453270687e-14 1.300956119612280074e-13 7.033262832577630013e-14 -3.548143135903975919e-14 9.192900804519247300e-14 -1.535194246956987624e-16 -4.518648623706035621e-17 -4.637678328734263271e-17 -3.208344158352405995e-17
2.143045504348113944e-10 7.993568943633300722e-12 1.065654734780089505e-12 -5.778761445272558932e-13 1.320646948471719688e-12 6.985001644963207350e-13 -3.297988495671078813e-14 1.859665920249954775e-13 2.278556918055710997e-13 1.461180907811347035e-14 -7.421604910355154609e-14 4.874597534007847685e-16 2.268809844189009682e-16 1.335577079442297264e-16 9.904090020561830947e-17
1.011253543911303337e-10 4.577021266982394139e-12 4.803299173941108921e-12 -5.076389792422247105e-14 5.920403366447507446e-13 1.461775288398937888e-12 3.617144030343131540e-13 -2.103016501580315998e-13 -1.373928821257576628e-13 2.135742649658121831e-13 5.263423401993082342e-14 -2.729228373493887406e-16 -4.858509865916694297e-17 -3.153756223535286171e-17 -2.259088919740490082e-17
2.424734536968306872e-10 -3.003532035807593103e-13 2.642260823282428286e-12 -1.652442278016226736e-12 3.554676803900396024e-13 -1.508999532854907764e-14 -1.420966323481989837e-13 8.735953017611284585e-14 4.920399080649798819e-14 7.633906506410873538e-14 -3.936192874602044645e-14 -1.010397999099658480e-16 -5.746593564055698256e-17 -3.672975372419589976e-17 -3.201134492920529859e-17
2.153492608947100844e-10 8.932817283186736113e-12 5.288794499466337539e-12 1.746337835295940475e-12 -8.715589358232471075e-13 -1.314725985287854994e-13 6.934902158368199117e-14 -2.288573973668877253e-13 1.578521379569093479e-13 2.715989695566132574e-14 1.914929624389323334e-14 -4.662640106839864210e-19 4.828806772881876070e-18 -4.303385839450309479e-18 -4.707978892179932216e-18
2.049507401505895630e-10 2.063508003538108940e-11 5.855386054421781505e-12 -3.163389385472999527e-14 -4.305491315351201012e-13 2.226340867107220646e-13 1.200043475582244568e-13 -1.574664090227609404e-13 1.252900905630332125e-13 -5.148172344690759825e-14 -1.071588251634803829e-14 -6.876663216864131484e-17 -5.307987850864388433e-17 -2.777133555957413760e-17 -1.251726213724203332e-17
3.577853745489950596e-11 8.005214736691331476e-12 -3.114634042072563485e-12 2.219013283129594598e-12 9.692137201295219777e-13 -2.722648913106904085e-13 5.088629638074588300e-13 1.277153769664711680e-13 -1.219098816380591471e-14 4.857907958786041023e-14 -1.394780539973385594e-13 -1.062736826705389845e-16 -5.988460993352834375e-17 -4.306013057897103087e-17 -3.013905779747907611e-17
1.953328838615845302e-10 4.208754118281262403e-12 6.973926069516469579e-12 4.383950347679630867e-13 1.661643701343303239e-12 -4.805685334873405426e-14 6.839412101617281820e-14 2.097473083029366683e-13 -1.616529945719532131e-14 1.614568168459507244e-13 1.902268508892867480e-14 -3.476626658330135255e-16 -1.675682806068840985e-16 -9.690629761429392192e-17 -6.904934263405425496e-17
1.637591901267014220e-10 1.155712371927459796e-11 -5.526889338865262117e-12 -4.575697346650554319e-13 6.723212007144532151e-13 2.108499420057323839e-13 -7.010310774107045086e-14 2.025182557695385303e-13 -7.552986384485105942e-14 -7.135925192398530687e-14 7.463215622608629511e-14 2.379416606176129820e-16 1.234427579024097182e-16 6.896548130358270112e-17 5.265031723660925469e-17
2.093460691505613264e-10 2.114352865540401992e-11 5.109932081139728108e-12 -3.261789440638170225e-13 1.666900325492482437e-13 -6.537806399581340314e-13 5.208352757389131396e-13 1.451388685172216910e-13 1.751016557047065034e-13 2.864917039185931596e-15 -4.134785499672441271e-14 -2.213203953461492494e-16 -9.291865439357297557e-17 -5.198720581132212260e-17 -3.380755326251355301e-17
2.073469341056757749e-10 1.380495078423749355e-11 5.005912535083537519e-12 3.014181180150307059e-13 2.025772223459272340e-13 1.375974462332234396e-12 -1.348625065186223356e-13 -1.538593538761901519e-13 -2.170163305236699614e-13 9.939822918389622002e-14 7.350114551444090158e-14 8.547247908758101533e-17 4.428104179860676437e-17 3.052331957774599901e-17 2.333980246384797685e-17
2.617882376604661518e-10 2.302536079861726179e-11 3.560149940194172790e-12 -3.321637854505132519e-13 -6.929575151844610818e-14 -1.918026619794749636e-13 1.770577457519415339e-14 -1.765748875061312724e-13 7.422360074878257465e-14 -2.165249394526701432e-13 2.825154112845567357e-14 -3.054039037283241039e-16 -5.686773454398909416e-17 -5.976223421504001264e-17 -3.622990824449542058e-17
1.640835719626454389e-10 1.223745347063997513e-11 2.519381927935968547e-12 -7.061023078412587229e-13 1.149501206343540868e-12 9.281906680201046813e-13 2.175714267214398632e-13 -4.006601512570372226e-13 -4.548853518299370098e-14 -5.337963884428335456e-14 7.822351334418273802e-14 -5.650728274945772601e-17 2.540165386782039605e-17 1.419973814949708866e-17 1.117271272573480207e-17
3.438379733915579999e-10 1.240108789539130023e-11 3.917259566349754673e-12 -1.912555379580519748e-12 8.286104581510735995e-13 3.521944653887757557e-13 9.142153858931124788e-14 -2.203471993595651693e-13 -1.019866435679477116e-13 5.981149401196574081e-15 5.896488784219708407e-15 -7.780167820804589770e-17 -1.270418073032957338e-17 -2.116896114718116965e-17 -1.247924670698313646e-17
1.986277133617800374e-10 1.412843200750770708e-12 2.070288462867429728e-12 2.048028590841194238e-12 2.964749828005250325e-12 4.771377837176595579e-13 1.172171262336656784e-13 -2.288261946783882046e-14 1.379143035040159844e-13 1.498019115486723671e-13 -1.450994778493099542e-14 -3.049504518571005466e-17 -4.744750542904763385e-17 -3.041516818912298788e-17 -1.859534146309228177e-17
1.310254790308499011e-10 5.243604259183016678e-12 2.424197220868441376e-12 1.252728098647721023e-12 1.522480903404386116e-12 -1.963901677558290002e-13 -2.722734715280645728e-13 -2.770652120955298980e-14 -5.499397512920598623e-14 -1.119082020514477996e-13 -8.794038497107938936e-14 3.537158977899688811e-18 2.636486865410886332e-19 -5.647185335080641735e-18 -1.071692430187256693e-18
1.966935266521834724e-10 1.951710729129325185e-13 -5.229052037724447244e-14 3.340895988302744188e-12 7.813432060620899637e-13 7.427529628854958865e-13 1.640556050362340723e-13 -6.810553234962456304e-14 9.189530639183491510e-14 -5.244279199715345299e-14 9.223953989419203132e-15 -1.573245992169350733e-16 -1.155036010233604057e-16 -5.749108218929563308e-17 -4.448911590566576031e-17
1.234815286006433979e-10 1.409620188451795768e-11 4.712068104200015869e-12 -3.166023465715700026e-12 -1.001582843251995958e-12 -1.022229306958608513e-13 3.448466609856304923e-13 -2.061249309773355453e-14 7.218573608612913736e-14 4.577272752854052827e-16 1.462173068542371152e-14 -8.966006555750525768e-17 -3.080242042813105709e-17 -8.435896077936279218e-18 -1.134509684441169384e-17
2.714228746980400602e-10 9.799727609535796783e-13 -4.517542663425861964e-12 -1.316353175109346325e-12 -1.203089351299418453e-12 7.961399802230914866e-13 3.016615905436115754e-13 5.494359707037994202e-14 3.459399142585964211e-13 -7.712335535062985240e-14 5.879406657509046213e-14 -4.663708851957707842e-16 -1.768265647072826921e-16 -1.046877469193462275e-16 -7.742165042155154726e-17
2.564784941614563489e-10 1.921798452350042642e-11 6.148107518943381058e-12 -1.751932610125900444e-12 1.674471128551223166e-12 -6.648104159140088575e-14 1.873789703654338457e-13 7.812565376402982084e-14 -6.900214657062729540e-14 -1.764863194176028954e-13 8.881456868254417751e-14 3.318041010408198135e-16 1.520279722045445207e-16 1.003891630447279480e-16 6.527201998875792327e-17
2.057939886588978474e-10 9.553626929169736080e-13 3.401771720282676754e-12 9.603583772563544673e-13 -1.375384953438034016e-12 6.183086507007044202e-13 4.880528575147572970e-13 4.460583989618741494e-13 -2.089058877340743059e-13 -8.175379845775007365e-14 -3.101561723722876654e-14 -1.119347340268986207e-16 6.934931057228694236e-19 -1.508961214942685901e-17 -2.183476435118403717e-18
3.071377841462124958e-10 9.604233721762725166e-12 1.056313580322830272e-11 2.014812350039367131e-12 -1.936299956046350712e-12 1.227737620141677880e-12 -1.920706994529182310e-13 -2.156967598070291306e-13 2.006031544629004981e-13 -7.354476531312506004e-14 2.295031048244596766e-14 -5.584770430404480097e-16 -1.655731676465020882e-16 -1.131929754181037523e-16 -8.442054175785347785e-17
1.714934693349618516e-10 9.366312563019320151e-12 1.139661586670958353e-12 -1.246853976227909387e-12 1.106306025736863522e-12 9.568104615396367493e-13 5.133206914581631041e-13 -2.744099705436199097e-13 4.167177568889950873e-14 -3.055195590630033969e-14 6.826331276291939197e-15 -1.256009033751456679e-17 -1.218948941648390249e-16 -6.738985307506197225e-17 -4.178922981302531014e-17
2.122531301367381263e-10 1.439469975173365132e-12 1.399614399437360518e-12 1.443934278394205520e-13 8.546565306837937926e-14 1.116135581820645774e-12 -3.567090652500426407e-15 3.232635227305107572e-14 5.166489576413401592e-14 2.837490502647277697e-13 -3.868851794478486635e-14 -3.411825067803824419e-16 -1.694645138022685158e-16 -8.760119159603165787e-17 -5.851200045900190816e-17
3.490333307085945833e-10 1.478993277861115284e-11 1.134247402035843001e-12 -2.970741091429971990e-12 -8.461137585917979570e-13 -3.536297911625648175e-13 -2.105128899454299608e-13 -2.963859527629261213e-13 -4.194455015356029210e-14 1.643267379439756657e-13 -2.048131653955066276e-14 -4.044547398556026888e-16 -1.678182202328275221e-16 -1.217870694365117624e-16 -7.657207696701159024e-17
1.195394246611774176e-10 1.075194441318656561e-11 2.193488926648823358e-12 7.892495306122742686e-13 -1.442832113164484556e-12 -7.219588920696067719e-13 3.542844427288985164e-13 2.900215820986465797e-13 1.847972231629610496e-13 2.611789079639561360e-14 -9.557544338292351044e-14 -1.002564531657020784e-16 -1.299600385564569469e-17 3.477451696825659955e-18 -7.882060487837173712e-18
1.748584670230332881e-10 -1.671906767949564064e-12 3.862125762203390118e-12 -1.643585472533526825e-12 8.847996962246217238e-13 -1.471715882378590969e-12 -1.205093378890058459e-13 8.544178316007651396e-14 1.171540232459702882e-13 -4.153164712528836024e-14 8.699350518842666929e-14 9.171455631501932923e-19 -1.349625228200755840e-17 1.917721684565264558e-17 7.557344172375172687e-18
1.955311267939447149e-10 9.031090517079056125e-12 2.435234537294668678e-12 5.861117271946131586e-12 9.565676282935707416e-13 3.696391570495272092e-13 5.918145898975911867e-13 1.218022852309916323e-13 1.115400975948518103e-13 9.298003920185991101e-14 -4.621413010382113868e-14 -2.527355683723785462e-16 -1.569787921979168682e-16 -8.388550007170793949e-17 -5.340918736593155456e-17
2.098841689227825340e-10 5.367161363493194208e-12 2.864082268928416504e-12 7.276429852447310615e-13 -3.168696826163471338e-13 -1.141365020063364767e-13 1.553534790691835561e-13 -1.691203162279278750e-13 6.886874010969189196e-14 5.714718376241699760e-14 4.315061149796104523e-14 -2.445485216866570132e-16 -4.317577614646539804e-17 -4.750632587338824155e-17 -2.533842324247747069e-17
3.067716716306366112e-10 -2.897680329504053783e-12 2.984907328523803669e-12 -5.500448441014238422e-13 1.790975180967311786e-12 5.795313612344295504e-13 1.909774273459250996e-13 2.952131140664560090e-13 -6.754251886181571747e-16 -2.527344056275787933e-13 -5.828143803418883901e-15 2.304488243790723388e-16 8.601477158061348651e-17 7.488451228767105863e-17 4.520779895843508493e-17
2.769817123858534563e-10 2.036837315480087164e-11 2.968779295284672870e-12 -1.543630960988912785e-12 -1.095023305307226151e-12 5.733650003489756571e-13 5.958813434151949612e-13 4.122245764279570346e-13 -7.143647849499384710e-14 1.178271123861067243e-13 2.478897400110200342e-14 6.179220808510627955e-17 -2.863631813668133416e-18 1.819171813837320596e-18 -1.743445113192780509e-17
2.798483418053984788e-10 6.159476001310771923e-12 3.599982213891756260e-12 2.149401279845425350e-12 1.658121072698685815e-12 4.326976416571744519e-13 4.568498169125654023e-13 -2.673727571238372811e-13 -1.841649510966359843e-13 1.972383684884082769e-14 -1.297023776899773360e-14 1.134214456210320918e-16 8.899511525742918483e-17 2.888420618236220432e-17 1.852745503032577749e-17
2.487925973159538821e-10 7.081665867433787113e-12 1.290528394575565265e-12 3.008862466145779943e-12 -7.702635503679613001e-13 5.737102062176975509e-13 4.917120008027046446e-13 -2.579060634434894643e-13 9.296903664519227334e-14 -3.263170231496324785e-14 -6.226280577014536111e-14 2.235842962313345569e-16 6.968989170174058035e-17 4.480172285059185590e-17 2.996910877175590576e-17
2.719307104221006193e-10 1.047814075618817376e-11 6.290319721594711122e-12 4.986191940387175064e-12 2.735678669340049328e-13 -5.663667866062354905e-13 -3.112038822838611051e-13 -3.714908640167706641e-14 1.444066133734568351e-13 -6.831161032652756687e-14 5.692981505470815253e-14 2.079645835084703092e-16 1.096510487639113899e-16 5.956567441448915855e-17 4.355554436346983062e-17
2.370563244055511747e-10 9.554463401567906318e-12 6.096015400922127739e-12 -1.422843199105255183e-12 6.641206982250920455e-13 -7.730048675123516289e-13 7.231176415132241120e-14 -3.262235422101394471e-14 -7.915077774576268363e-14 5.732431067472935120e-14 -2.520104008447531970e-14 3.593169876542699238e-16 2.096247201836288036e-16 1.163893208073966744e-16 9.109955074345572160e-17
2.849723421449698847e-10 1.014285314508336682e-11 3.376854134045567807e-12 1.074093413393482361e-12 8.469906390834442940e-13 1.119754661180172663e-13 5.392529830358612874e-13 8.793820846934651182e-14 4.170811740437639625e-14 -1.287543507885239226e-13 -5.636074779710120459e-14 -3.722092898135402682e-16 -1.342033664046259837e-16 -8.746403461913835778e-17 -5.224781845826592204e-17
4.337337331290550269e-10 7.655184935856581676e-12 -9.292568831388063822e-13 2.257830462515820382e-12 6.927877626387854379e-13 9.205742537874552633e-13 2.248470988008952634e-14 6.171251051944123930e-14 5.298277166303740615e-14 -1.002795358325759965e-13 6.327316852314673035e-14 -1.125526188347690666e-16 -9.401823199051076520e-18 -2.361202195907644969e-17 -1.112347765955516421e-17
2.946292771867069790e-10 3.216529942650149472e-12 4.192678582485288073e-13 3.512854453936734354e-12 1.163764543942038662e-12 -4.236845245395792299e-14 -4.970951036539688476e-13 1.937581323008364430e-13 2.263769236074395281e-13 -5.679849135670714494e-14 -1.831645765995179889e-14 -9.412297778492543636e-17 -4.366667011167594270e-17 -4.524897999438965886e-17 -2.408239874411855898e-17
1.965211089717108858e-10 4.188316612683720664e-12 1.509349863244492386e-12 6.488948186099320585e-13 -1.486589381404901561e-12 1.404821069034825060e-13 3.999105032595091875e-13 5.358547749551413185e-14 -2.624176758687786768e-14 1.332523396152535236e-13 1.241917226067249741e-14 -9.399598297378388902e-17 -3.219278111404471382e-17 -2.760654662072824807e-17 -1.157029575402426387e-17
6.037335504943450927e-11 1.659769272854923298e-11 5.739428934859918682e-12 -3.629257561547233775e-12 -6.804526111209698475e-13 -2.122658007692545559e-13 1.307748978042223144e-13 6.296118260335936020e-14 -2.577102254303448012e-13 -4.846972078833597888e-14 3.084562523802587985e-14 -2.530282943878194488e-17 -2.764136409434088385e-17 -2.297393426784863255e-18 -1.261901104502779495e-17
2.078969983376212759e-10 9.281699559482184281e-12 4.281421610244670925e-12 1.346770804096509781e-12 -2.925818589856351343e-13 3.654779672569865658e-13 5.191679232304832701e-13 -8.889417767892803824e-14 1.866824547172691332e-13 8.413197489705522462e-14 -5.731583252053789100e-14 5.657567690207613566e-17 -1.393196030155277742e-17 8.955836499373172628e-18 3.544367911625365338e-18
2.558867127733092827e-10 8.112133700239207672e-12 4.989786082962491914e-12 2.136050475500214294e-12 1.833503590518342336e-12 -9.552974469211086741e-13 5.020664170103085646e-13 -1.845015089361928871e-13 -8.035107997956787234e-14 5.284425236717962813e-14 3.814941603327955953e-14 -3.890513008434678723e-16 -1.283091691781264590e-16 -8.351494379621048328e-17 -6.138846057480785341e-17
2.266938938503829637e-10 1.171951974483237490e-11 2.744125633568553777e-12 1.612747207431680185e-12 1.999860631487821781e-12 4.946153481786728008e-13 4.775456188655150001e-13 -1.361466729247361744e-13 -2.682163261659776569e-13 -1.936354261072543606e-13 -1.831879647769555116e-15 -1.641538860979428011e-16 -7.630889817114158633e-17 -6.313520829179763864e-17 -3.333630898048700222e-17
1.732947055196082347e-10 3.110826752811115277e-12 -3.365591594131322499e-12 1.532337072148053146e-12 2.761945717087529045e-12 6.053347224078295286e-13 3.801743460582372182e-13 2.975324259544391305e-13 -6.384758852023510507e-14 2.681958675188720754e-14 -5.467904847500011872e-14 8.347990867286703630e-17 8.582421922955104590e-18 3.461115344081286326e-17 1.571249607113939844e-17
1.773402110717696318e-10 2.463469535317126443e-12 1.464979650632614125e-12 1.053220689014839547e-12 3.341610425099880624e-13 6.636967175247161129e-15 1.844788855831229570e-13 9.095895653700073805e-14 5.478029303604932661e-14 -2.076092953027548875e-14 -7.817753001903047189e-14 6.118667373213398586e-17 6.320159220996240087e-17 5.009563592699107841e-17 3.573906646031373575e-17
2.345935041367289432e-10 1.630485012757161608e-11 2.229248100500657257e-12 3.508618278404942641e-12 1.824667589452882509e-12 1.039989217911847579e-12 2.263524578624494557e-13 1.112682756382431153e-13 -2.347765151762196117e-14 -1.009215272637689946e-13 -6.284101233177491129e-14 4.858516930718673457e-16 2.149826501450185295e-16 1.195185067686101411e-16 8.397185169491392545e-17
3.021043452102818648e-10 5.821449684065092339e-12 -2.842057346195490001e-12 6.321926644710559633e-13 1.378841122175779462e-12 2.997922560856625452e-13 6.772939256193570158e-13 1.948488027427907961e-13 7.248693974397319666e-14 -6.297700257818317791e-14 2.016062316733706357e-14 -2.777831368732932765e-17 -5.174994439609876327e-17 -2.764586761881178447e-17 -1.101133431346362712e-17
1.107755395035902915e-10 1.143426688758247504e-11 2.071024154376859571e-12 -2.962137599909090878e-12 8.494320344832328365e-13 2.038248493902708843e-13 -4.388487031926909821e-13 -6.071274509435559493e-14 1.850546812152112900e-13 1.645418049335332262e-13 -7.420022601841560981e-14 5.720775426004973964e-16 2.065109264331480692e-16 1.292091732909184362e-16 9.998733855858369969e-17
2.170999001454485170e-10 2.129917255541932777e-11 2.436157244047366801e-12 1.847062089247377848e-12 6.001882414298877158e-13 1.233504417918946089e-12 4.924154941959688533e-13 3.009013791658719479e-13 2.548072217980879686e-13 3.872541398173436272e-14 1.006149096172680511e-13 -1.616228900914968196e-16 -9.327269629595954682e-17 -3.584198414223807937e-17 -3.287644421995828523e-17
1.545185864541437643e-10 1.653074714597360142e-11 3.264360661789956740e-12 3.491901279727070652e-12 5.618565394432680001e-13 -2.968581259103166437e-13 6.135583090872721066e-13 -1.823486451150423862e-13 5.784829928536548263e-14 8.528095698723986738e-14 1.737316061568865265e-14 1.604357237434014799e-16 2.861726424657973368e-17 2.692897069257730843e-17 1.772404055618039808e-17
1.640857915095457961e-10 1.656151730772536846e-11 3.639484630028777994e-13 2.483969458156230710e-12 -3.071561507769633932e-13 9.428559906663717444e-14 -1.487435853287046419e-13 1.130338505333939431e-15 -9.061943185240605361e-14 -7.027157908820607158e-14 -1.412279053997180766e-14 -2.216879356134221213e-16 -2.661058831588868645e-17 -8.891590905474260833e-18 -1.848483593338400896e-17
1.889522988717381432e-10 7.561314990710222799e-12 3.872305639504320412e-12 -8.190512002268778248e-13 -4.179523293206462396e-13 3.304725661771982627e-14 -5.929804235232431025e-15 -2.061012504538360609e-14 5.503963826976502224e-14 2.238122791053093790e-14 -4.411254702753250446e-14 -1.006546972421532064e-16 -1.997721993142692360e-18 -2.156498881562864913e-17 -3.047295009925696054e-18
1.238049638454040773e-10 5.582979263859923383e-12 -3.826684167912844945e-13 -5.819245249809071884e-13 2.379749143841856169e-12 1.257661809481133219e-12 2.728448418242053899e-13 3.122344821614066581e-13 2.468967807820266054e-13 1.783546631093746352e-13 -4.725152176750676682e-16 -1.428141241694782106e-16 -4.638335216580020698e-17 -2.122919645368426029e-17 -1.596639506487586477e-17
1.584780843799403508e-10 3.576311833883926623e-12 7.626315005719335068e-13 -2.024028934702948437e-13 -2.365785359024301276e-12 8.536506066489911029e-13 -4.159786718540330630e-13 1.595931039443675863e-13 -1.459661845615105243e-13 -1.768666292890810725e-14 1.165731639639295690e-14 2.133529661886684452e-16 1.432194905181886585e-16 6.872795908699633226e-17 5.379366766783705422e-17
1.713507205537750187e-10 9.406276890098143207e-12 3.031965461971359150e-12 -1.593611665956294079e-14 1.070612342436144523e-12 4.598351848488793071e-13 3.007328640328204116e-13 3.880992333710237634e-13 -1.091760080490504190e-13 2.152000687495906972e-13 6.981472718788010718e-14 -3.149290508200831769e-17 4.209611427689424360e-17 2.256056106423430781e-17 1.540795879396300995e-17
1.934049943551569750e-10 1.822453505621552416e-11 3.141921574413765736e-12 3.265365512302976406e-12 5.664778296285479674e-13 1.727399218057905538e-13 -5.051231266743343845e-13 -3.115460763271449289e-14 1.125020024998012728e-13 7.225846009505116228e-14 -2.703357631822950824e-14 3.733930127136117880e-17 3.863655541927712614e-17 2.293774907767697323e-17 2.919835452395411428e-17
1.681226391372046179e-10 1.109631962252947960e-11 4.065467508855659337e-12 9.898418624696966500e-13 -1.947965833062970983e-13 1.019976592905860887e-12 -1.912474921724030291e-13 4.330881387358742869e-13 1.863591080441513555e-14 1.979022059117991803e-13 2.178514698959918525e-14 3.299615001382436014e-16 1.300324624576516442e-16 7.060703498868984870e-17 5.586742711784415244e-17
2.460913516115959268e-10 9.496191331190415037e-12 1.285359818089385799e-12 1.444959225666737958e-12 2.712876550181133041e-14 5.271379766047252950e-13 -3.131025845101377308e-13 -2.893806736090344185e-13 -1.360215354543719842e-13 1.872254466929259027e-13 -6.555147906171702610e-15 -1.385805824971673181e-16 -9.986205683096951560e-17 -4.136047621268354734e-17 -2.890257238328774956e-17
2.285556012299618687e-10 1.052122489817376361e-11 2.455183517106153275e-12 5.950112852394827427e-13 -5.395467938454183181e-13 3.002677021632877088e-13 -7.601004091591914827e-14 4.871947752824848014e-14 -6.168667517115025153e-14 -3.529811982118385874e-15 -1.262955145119827580e-15 3.592624095398442247e-16 1.573977248240825086e-16 1.064581018815857115e-16 6.990808982800400086e-17
1.895520545936132845e-10 -1.800956167330554072e-12 6.223212329281234238e-12 -3.854282184959215856e-12 8.707006788377709956e-13 -2.872789183778099678e-13 -2.584474740922813902e-13 9.764049043985796189e-14 1.121713254196312182e-14 5.416071625987293671e-14 4.945259014458767183e-14 -1.403630041987304639e-16 -5.006392133331268165e-17 -2.478695224082910036e-17 -2.318450327087265608e-17
1.779183355353554475e-10 2.492454970146955975e-12 1.710687775020454729e-12 3.903998235251575792e-12 1.154219395105951534e-12 1.352530386315113972e-12 -2.088023012685994514e-14 1.173468550193136796e-14 -1.167298391140497063e-13 -1.064548736544105986e-14 7.593170537077323383e-14 -5.670845402941192035e-16 -2.648189145883715711e-16 -1.391768361252620134e-16 -1.055454271560620384e-16
1.786050688231122674e-10 1.248999639412756840e-12 3.723239039698395295e-12 -2.977560724529755194e-12 6.423366141267634938e-13 4.736990749400203807e-13 4.239260695008945011e-13 -3.136552032371488647e-13 3.923969433342937561e-15 1.172585344314174733e-13 -2.589865204796154567e-14 1.750221745794877696e-16 9.686701906705770903e-17 3.918580348105132121e-17 3.273526365088575846e-17
1.476474248097088920e-10 6.424333636949671276e-12 1.444355066523532408e-12 1.755901224880342872e-12 -1.235430856006563540e-12 -4.444777500136389926e-13 -1.415693857389673336e-14 3.049407014746916904e-14 -2.676245174988906443e-13 1.797328071890325686e-13 2.572768249240667296e-14 2.814674490866991287e-16 2.020056316927759663e-16 1.128501144317101541e-16 7.832974190324695682e-17
2.270102237787356225e-10 1.579092013959006852e-11 9.743343237970083968e-13 6.955712199919850634e-13 -1.316371651303818719e-12 1.056165557439332232e-14 -5.765219473786082608e-13 1.231289296740125379e-13 1.158572549550785430e-14 -1.635314564009205956e-14 2.275006067742576327e-14 -2.265331337000609462e-16 -6.351694609234368517e-17 -5.943048548869531034e-17 -2.899599975315714782e-17
1.939848408738957290e-10 8.198229223976198649e-12 4.500784804276500823e-12 2.959525347357698512e-12 8.800272545944487624e-13 -9.669246271105088508e-13 3.209221919999675054e-13 -1.202789859692730844e-13 1.018989484461066606e-13 3.360276425831179445e-15 -8.275067986807338068e-14 3.136187287674716304e-16 1.571062640380391836e-16 8.495088135570908099e-17 4.939266041608241818e-17
2.183337988485594240e-10 2.693825893286183408e-12 -2.345338864238961375e-12 -1.474396339048788022e-12 -4.296282109578358347e-13 5.877369195897178880e-14 1.205275895311898187e-13 1.554522300744374945e-13 4.278540288260861243e-14 -2.082482506316255239e-13 2.055387110273720085e-14 6.254768318858364221e-17 -9.804813436442719447e-20 2.836813087918407685e-18 6.106845410272805776e-18
3.022280530051034266e-10 1.514217139517379401e-11 8.004555730693529725e-12 9.689804283608538321e-13 8.462297549404147432e-13 2.589895054202425339e-13 2.730819445352219415e-13 2.667558929131946470e-14 1.025085314639946206e-13 -1.641932383404895982e-13 1.818565136798042274e-14 7.803757162858771020e-17 1.975234229207393858e-17 1.696409884300618685e-17 1.245551497353140252e-17
3.268168530780421398e-10 1.378487176313017008e-11 3.837276099628942603e-12 -1.114782127055316667e-12 9.679059319663977191e-13 -7.340107412688081841e-13 -4.697201856501674224e-14 1.012134841099708667e-13 -1.796014011221114712e-14 1.883409312757366722e-13 -4.697348686351297527e-14 -2.057786947244529085e-16 -6.733882032096499873e-17 -6.445707750939917890e-17 -3.098767398865591899e-17
2.043215181197652926e-10 1.248033070234681843e-11 -7.306909040554443033e-13 3.004898813348080222e-12 2.510141512988959173e-12 -9.430785232126760427e-14 1.416957218474379030e-13 2.695758501623937961e-13 -2.473629368281341444e-14 -3.522836563965151533e-14 -3.717438009862426877e-14 -3.911164918611144444e-16 -1.927271508818128278e-16 -1.001483051677287715e-16 -7.506649493786208719e-17
1.323071699140205865e-10 1.391785361662390105e-11 -2.071449601998219352e-12 -5.130334153089757467e-13 5.884062773944260315e-13 -4.027990919540377043e-13 -4.450792751276740384e-13 9.035301540828293330e-15 2.546902821273177430e-13 -6.369363911047600566e-14 2.486546445428217360e-14 -2.574877981997599744e-17 -1.075607757927660625e-17 1.032918845062036949e-17 6.561472561406676642e-18
1.885364249865834925e-10 1.435459659775187971e-11 3.667090720620665410e-12 2.051050620512380172e-12 7.682729664112848136e-14 1.799145736750894681e-12 2.640695912444281944e-13 -1.398328932921141571e-13 2.186806979994600872e-13 2.230088011991031494e-13 3.331769092395654397e-14 6.916521693662499662e-17 8.296154861006804471e-17 3.824807586606431898e-17 2.034898728173005539e-17
1.791408415875863543e-10 9.254833833304064395e-12 2.136773724826178699e-12 1.540687847255564515e-12 1.049488171159429659e-12 -2.471439056072886696e-13 1.245212985570530701e-13 1.902444212008583356e-13 -1.940928503776446924e-13 -1.798270779375022846e-14 -2.699568222303141860e-15 2.003823326211939711e-16 2.753478140577935156e-17 6.690399227031122427e-18 1.910166046800037415e-17
2.511742827113036209e-10 5.203762150735954932e-12 3.643452406910502675e-12 -8.607841040330862267e-13 1.223886257647062220e-13 -4.548828914910465186e-13 7.000323148535000131e-13 8.379982787074468583e-14 -9.525155417330241219e-14 4.245868208563074809e-13 9.225069269723640222e-14 -7.572958833818350913e-17 1.607403198148006267e-17 5.048134710757989193e-18 1.515264210358390652e-18
2.392836915744858967e-10 1.188327995374761750e-12 6.918403871752527588e-12 7.046595171466404103e-13 1.534830753240310679e-12 -9.983674247415695146e-14 -8.018046490652874576e-14 3.226702275073488287e-13 2.344834445526092441e-13 -8.768558602080629093e-14 -5.077151894344473676e-14 1.615283943018816186e-16 3.264313032523968067e-17 2.984657273563215601e-18 3.726578226514492366e-18
1.975758557149859404e-10 1.148365751166897403e-11 4.685889898801184548e-12 1.294493725397847217e-12 4.106967625881478032e-13 -3.666038756975734551e-13 1.790405987148569356e-13 -8.733395236118862431e-14 2.421178937911739229e-14 -1.073437591062053014e-13 -6.356317688878629977e-14 -6.954151421982893045e-19 3.367727733391950172e-17 1.960784429039879660e-17 2.144349274066557687e-17
2.127447168405967732e-10 1.122013018447254549e-11 1.589209507951853195e-12 2.001055749082773354e-12 5.014451611808387571e-13 -8.025420608717720181e-13 4.187316996921451722e-13 4.957861228929729926e-14 9.577420199679466818e-14 1.377395556739041055e-14 9.547387712095962576e-14 3.406712685699503034e-17 -3.946794196366820408e-17 -9.926774309598935269e-18 -1.121888381995095069e-17
2.907940201291038738e-10 1.149419096769402466e-11 -4.668145464615530837e-12 1.924632820312738715e-12 1.642595767667941604e-12 -1.703883111737239092e-13 7.880642835169550350e-14 3.283108353803594954e-13 -1.065561246081622235e-13 -1.260520380200071051e-13 5.470583178828812983e-17 -3.724818264726979545e-16 -2.002631135541708571e-16 -1.071922242467243919e-16 -7.454964999013308794e-17
2.212658220021333318e-10 -9.572685599702033995e-13 5.448870877115287917e-12 5.371040527731968348e-13 6.612743373307485152e-13 8.967089206743758223e-13 6.637756800540075584e-14 3.825634984225872095e-13 -4.719294183047774137e-14 1.566008263065285017e-13 -7.722120062311448565e-14 -1.208846358120583045e-16 -6.573806629992714217e-17 -6.636089172696320778e-17 -3.964060696699214269e-17
1.655145914986846502e-10 6.969240976635176184e-12 3.284189925793245125e-13 1.945513812651345009e-12 8.427700243868809132e-13 -1.203126528699364712e-12 3.083157805037828515e-13 4.773037885914947557e-14 8.451431201912197979e-14 1.642942156607044350e-13 9.941208905693535933e-14 9.824876075733067269e-17 2.703627436956935206e-17 6.755572250986046629e-18 1.751133769129007931e-18
2.187841159823648105e-10 1.322156938667196860e-11 1.287943893116404378e-12 3.767681900302452091e-13 -5.283684399918303065e-13 2.155028482199192064e-14 2.226024827332356097e-13 -2.591700178474252936e-15 -9.609809368465134288e-14 -2.706232666232454194e-13 -1.723232001126013897e-14 -1.005896271079628938e-16 2.468414532874109354e-18 -1.421755818672719368e-17 -8.321170578240108796e-18
1.449894763201553346e-10 1.053605621690487336e-11 1.128395834038329854e-12 -1.786139583253092636e-12 -3.852268466255106978e-13 -3.768138044661332728e-13 5.900769979586244032e-13 1.077953377570020750e-13 -6.889050519464235431e-14 1.681878197918563132e-13 1.235169110366939039e-14 -1.640140315195840593e-16 2.907260638858736972e-18 -2.688439548249312415e-17 -1.263846475276114343e-17
1.741397791722795048e-10 1.124727776179301426e-11 3.832246149357735202e-12 6.144967761647988559e-13 -7.898306417716244408e-13 -1.843543115460259710e-13 3.977454846704615689e-13 1.986380709380492763e-13 -4.691097623050833090e-14 5.388800648395459485e-14 -4.544759070078848823e-14 -4.451547613823041037e-17 -2.532353831099806968e-17 -1.910765973788690640e-17 -1.275570106846088241e-17
1.850710388562218691e-10 1.022777297402861637e-11 2.011609487743869097e-12 1.535520805179714484e-12 -8.814483548458034616e-13 -2.580109360420494026e-13 -4.344521919050535000e-13 2.730768087424871959e-13 1.796456591595577352e-13 1.684444157937933495e-13 -4.488819814469396646e-14 3.226176514646440561e-16 1.649425197815812910e-16 9.763259958700243257e-17 7.447372244401091823e-17
1.118098891846059622e-10 2.269660338582777925e-11 9.211925330611802933e-13 1.527836054890046841e-12 1.441129031136276990e-12 -2.458146655219738136e-13 -1.398348088524642621e-13 -9.299547326428624638e-14 3.101257661816569503e-13 5.439800842904318832e-14 4.000145937789890911e-14 -2.835043127884973631e-16 -7.502436344472770390e-17 -4.935319529953581780e-17 -3.411154640915169541e-17
1.762929694456865886e-10 1.115909576744112578e-11 3.121357090323342596e-12 -1.243373945636629782e-12 2.375938890428434076e-12 1.257843226670278660e-12 1.847077739204944196e-13 2.003308916441165290e-13 3.399848760759483845e-14 -5.559557429547413724e-14 -4.595786324643474501e-14 -1.348951471058355108e-16 -3.108148738523000254e-17 -1.998302784492654380e-17 -1.866223012404573647e-17
3.455927977516268382e-10 9.980414725756057804e-12 -3.027722827306416597e-12 1.294802978892549391e-12 -6.451669276919377392e-13 6.719213489684692238e-15 -2.837951394450496605e-13 4.580325094955059655e-14 9.813507528940765421e-14 6.709371681735893563e-14 -1.891689251044875374e-14 -1.511806409631545517e-16 -7.689757237011915040e-17 -3.229369415978669379e-17 -1.933105560480931989e-17
1.979101011557097370e-10 7.161890282669659885e-12 6.432320154792979199e-12 -1.736997898137864545e-12 2.130043288003957727e-12 -4.708021225789130170e-14 2.163577682785502409e-13 2.271629080431707171e-14 -7.520826305251037402e-14 1.738604153068525392e-13 7.025624857534188241e-14 -2.592769287433638609e-16 -1.101430969269105832e-16 -7.736062325261605012e-17 -4.203533074762257666e-17
1.759588352604437728e-10 3.668609536916136293e-13 -1.002999840771850485e-12 3.265139090729501062e-13 3.452973534025129256e-13 -1.826527624662954834e-13 -1.451780847988097009e-13 -7.381607164167475971e-14 -1.290264347833794502e-13 5.634465298703249426e-14 -5.632643765048236071e-14 -1.098035353024005184e-16 -1.524148526282630056e-17 -8.664953634165506220e-18 7.307574159546420033e-19
2.449465297966599980e-10 2.750467294531514775e-12 5.258451245409049039e-12 -5.838507804452094337e-13 -8.289999474968742950e-14 5.791696081001261791e-13 -6.363636420986757856e-13 1.498000954219885747e-13 6.840990049816664730e-14 9.751970212307722077e-14 4.833192533329433332e-14 2.006743512446393651e-16 6.451546478848831084e-17 4.165569941777070040e-17 3.143173681044005029e-17
1.823888159960716074e-10 3.730800237316070203e-12 1.692730315881642558e-12 2.852714283860502159e-12 1.732779227178784212e-13 -6.386390144796219589e-13 -2.848710303604354759e-13 4.763154443059535516e-13 1.382497268660921074e-13 1.147899287708667446e-13 9.404680368994000893e-14 6.797950417151957897e-17 4.003238271806031775e-17 2.049737139398888188e-17 1.199675334909898036e-17
3.092635797213080129e-10 9.948975135550741114e-12 4.497404671895096866e-12 -1.007311717160849586e-12 1.510753745742269897e-12 1.157404591154454581e-14 1.516624494844593376e-14 1.986003358402599551e-13 -6.612639127560815046e-14 -9.537837698287369257e-14 -8.168288615171097444e-14 -2.101762756216865135e-17 -3.285979556359254555e-18 4.233592334414835927e-18 8.061776764172265100e-18
1.908434727985344929e-10 9.204700874793364636e-12 1.683377006949566123e-12 9.397136341227971743e-13 -1.277356280193564741e-12 1.130691951082792161e-13 -1.452341940105616665e-13 2.886672552552533680e-13 7.706793924328458201e-14 -6.517729690648068524e-14 2.787805123375769400e-14 -2.297371940365532547e-16 -3.027394813236974906e-17 -3.337811133554481061e-17 -1.980958085452626346e-17
1.861384019273565702e-10 1.486948982427038609e-11 6.290523522493679250e-12 2.208812905294804723e-12 4.145810148245731238e-13 1.717274253493323416e-13 8.721983242746516638e-13 1.383041382196837783e-13 6.734794018911566004e-14 -9.041360813319363264e-14 2.605403376913761841e-14 1.174688407190134602e-16 6.971365536947829939e-17 4.794667662014196967e-17 3.350306730049930631e-17
2.986477151350339295e-10 5.289554062244702635e-12 -2.382066168488424908e-12 -1.057545673724544848e-12 -2.952433730896968468e-14 3.488627341552189625e-13 7.135338415927865599e-13 -1.177250430487113499e-13 3.412056588225505961e-14 -1.306356529571790706e-14 2.483023192093631718e-14 1.349923219633791209e-16 2.976609813189454668e-17 3.280601709541697465e-17 2.351512800081359675e-17
2.268767760448162023e-10 3.701612117918301628e-12 1.092865850412254412e-12 -1.539023585335001654e-13 -9.745896338655915243e-13 -3.804701515855860637e-14 -3.130903461764348959e-13 -1.691635577641889512e-14 1.895705420638426366e-13 5.896462373335881292e-14 7.860275209432095321e-14 3.502858497967777222e-16 8.511474544450942611e-17 5.117371222368298975e-17 3.081152480680300757e-17
1.087906558317235822e-10 1.258893016898380621e-11 1.119534953204880796e-12 1.343967918175112087e-12 -3.641308373368823088e-13 5.220349432493070041e-13 2.346245324581925582e-13 1.730316738820603064e-13 5.888374498729470575e-14 -1.708644389089991575e-13 1.234200612884632195e-14 2.207969952085276220e-17 2.786478983853054970e-17 -4.336149768759674276e-18 5.024335709849156403e-18
2.593598200000954838e-10 6.029484975938920997e-12 4.698401339649244461e-12 1.284305295954471589e-12 8.804317780197127239e-13 3.671586253693124515e-13 -1.878681536154958438e-13 2.354979573643420751e-13 2.334171815753545783e-13 5.987492548558420561e-14 -5.928890535484377842e-14 1.236362638709184355e-17 -3.556864131032720932e-17 7.422733941220558158e-18 -7.873187665502335135e-18
2.885009604459961123e-10 7.841119201288965860e-12 4.341776520106180703e-12 3.195984161678937070e-12 3.487539998922445691e-14 1.705899949355323787e-12 4.543259745119533843e-14 5.806500897106058858e-14 -7.480282359907003108e-14 1.210528467328469385e-13 5.202916265020264681e-15 3.273487114335889554e-16 1.399806853272953906e-16 8.412796145521678604e-17 5.360644929149030520e-17
9.726322906174289832e-11 1.115486933937114568e-11 -4.617589141960599548e-12 5.159423448784121052e-12 2.091405088406124928e-12 -7.591257473123332131e-15 8.483095950363060553e-13 -5.041686608387113360e-14 1.082656673130794365e-13 1.151601069383007255e-13 -5.868856029015418051e-14 2.090151402675102072e-17 1.198346668184943884e-17 3.421718826564183753e-18 1.522089186764778897e-18
1.319332959185730317e-10 1.125337650051789166e-11 2.758694417041852403e-12 3.843523594553523590e-14 1.582773038551041885e-12 -1.526869861805191567e-12 -5.233109666933819865e-13 -5.596447954286725721e-14 2.923733994343572354e-13 7.489192423834315619e-14 3.173148805653811979e-14 2.713102386935068319e-16 1.241014036337805531e-16 7.886708889636063676e-17 4.853786445102868675e-17
1.578590783535325565e-10 9.231861649102541698e-12 3.713641148222758201e-12 1.292680039874959255e-12 1.316621814272289932e-12 6.665172651743473253e-13 -1.717223340020882178e-13 -2.954473101710672114e-13 1.835317335041373627e-13 -1.278011843997628780e-14 -3.131238991253795643e-14 -3.007557448334896876e-17 -5.111880181500323232e-17 -9.103541691393663838e-18 -1.333691886106366519e-17
2.749575560337571997e-10 1.831293853947458724e-12 -1.611342995045717431e-12 -9.984896253727299923e-13 1.070460299501174988e-12 -1.055375317347615000e-13 1.676890562359268990e-13 -1.059470477170223473e-13 4.635214769030525373e-14 1.915693832000440455e-14 -5.601213507232409935e-14 1.016512075158158867e-16 7.259729417290576057e-17 4.318816729438812200e-17 3.371348256763765375e-17
2.382128566597406367e-10 1.869179036801337979e-11 2.766331472958124884e-13 1.163051109816827651e-13 8.966681418999622882e-13 2.350185554273820245e-13 -2.323538768077153103e-13 1.467007336833828654e-13 1.804700842662634993e-13 -2.924584240558136674e-13 1.507240654648132985e-14 -3.439488488243633617e-16 -1.490566602206462788e-16 -7.242999538552351186e-17 -4.776306483205920606e-17
1.450965510116531406e-10 3.107213001579252337e-12 2.183651752681521324e-12 -2.890123626560932912e-12 -1.654725098696771146e-13 1.477312809161810756e-13 9.858368960884267599e-15 -3.365326147009640060e-13 1.233979232021547182e-13 -7.901472343483516117e-14 -9.144172582465697539e-14 1.148938825722215918e-16 6.312381428789036162e-17 4.096113745872156141e-17 3.406248191968310522e-17
1.542329149560868451e-10 6.956055679620552218e-12 2.408320537584780246e-12 -3.016359730140875935e-13 -1.696870390859956999e-12 -2.949647874198466574e-13 -2.555557212224339914e-13 -1.324172427878055072e-13 -8.977148563291442260e-15 -1.722643083341196983e-13 7.044194066878071768e-14 2.169184950985666736e-16 4.910605635638927568e-17 3.818328087986275272e-17 2.524283307435007589e-17
1.524421545161572208e-10 1.756985141402395579e-12 1.148787384942710251e-12 -1.227910724051985263e-13 1.114089966510968428e-12 1.304175518698963845e-12 1.553215070480002308e-13 2.965588777116337647e-13 -1.165062852613797148e-13 -4.655052320921676837e-14 1.786225678069185612e-14 -2.865494205950728830e-16 -1.617523851525232288e-16 -8.815552529594262684e-17 -6.428842859824621610e-17
2.928374075563634404e-10 1.187983917578639221e-11 -1.946310268371649655e-12 2.298250349195883132e-12 -1.219026004324258732e-12 7.574578334195817018e-13 1.399195051155115423e-12 -3.441359297867359844e-14 9.792191666969547253e-14 -3.481556877128846669e-14 1.330548566155367652e-14 3.915269310711307046e-16 1.757929210714338492e-16 9.392371395209169583e-17 6.175136533987654828e-17
1.557355040647886493e-10 1.223370140526435055e-11 4.662929611991382456e-12 2.491005770409147287e-13 3.514681855069461588e-13 1.464470470999186669e-13 -2.222307680533260039e-13 -2.493810608275184264e-14 2.247216911501888477e-13 -2.220292530153567525e-14 -3.213397557360857794e-14 -1.613954736094721173e-16 -6.048921004130228396e-17 -4.844920920826175311e-17 -1.832281242857644748e-17
2.133286899170580134e-10 1.097350313376899562e-11 1.080826896274476645e-12 -7.873870342418347709e-13 7.502631533594693313e-13 -2.600869480726432343e-13 3.657441915386304886e-13 1.023335409567581203e-13 1.370695590307563114e-14 1.312979956397359470e-13 -2.881129935173562683e-14 -2.117691569426826058e-16 -6.932158051523347772e-17 -4.571605569133644907e-17 -3.364240169327004109e-17
2.149278047999395906e-10 1.017092007291783058e-11 -3.068441671376456120e-12 2.567306497066534307e-12 -8.077365190717444394e-13 8.110084263156747831e-13 -7.605187561889996340e-14 -1.849783298797436411e-13 -3.452760018489060193e-14 1.232467183309803405e-13 3.581398764166191144e-14 -1.030022608155924526e-16 -1.274968773740604851e-17 8.811754238891606605e-18 4.286014777893553343e-18
1.764284778395689070e-10 -1.916691007797179903e-12 5.074232298948637077e-13 -2.076958952168031366e-12 -1.644486831360516643e-12 8.761208839550694355e-13 6.587561865764000694e-13 -4.250424363600342390e-14 1.626933151381478730e-13 1.303483815293978916e-13 -7.425605463318250715e-15 -1.687538001504539549e-16 -9.252573363426683361e-18 -1.690294615221959742e-17 -3.873120699403407655e-18
1.936676131552831012e-10 1.250742825700518172e-11 2.617478111353542606e-13 -9.433004868525891081e-15 -7.775867818154800149e-13 -2.046010087287000016e-13 1.635809916299364826e-13 4.103084640836030692e-13 1.135882550721589029e-13 -1.104963394066371653e-14 3.341591050819295060e-14 2.492454636606369350e-16 1.344480949332434282e-16 8.507060268177327147e-17 4.047180206613003676e-17
1.953913679113597373e-10 5.097501699220546468e-12 9.290016088138845758e-13 6.851809064061513763e-13 5.366417906947912913e-13 6.176228601763226178e-13 1.862331316768404889e-13 1.864351166446665042e-13 8.068215287561410418e-14 3.371365318244342180e-14 8.149310838542803249e-14 1.442995726875413273e-16 6.548219869877564211e-17 4.095582548387557331e-17 2.408563952377026101e-17
3.103393366472757206e-10 8.276533645593743134e-12 -1.598673061096147317e-13 3.905199334681308535e-12 -4.838397238639624747e-13 1.619008002081620854e-12 -3.666757380329915071e-13 3.001924365149737474e-14 3.528992265685496151e-14 1.005632725870007844e-13 6.021170307051965190e-15 1.681497060806653955e-16 9.069372506992168014e-17 5.430334747969421232e-17 3.551305636432955049e-17
1.247986827028555990e-10 1.166700610811205420e-11 2.678471001024461742e-12 -1.739647524599978151e-12 1.676826020351126780e-12 -1.299423604629217938e-12 5.660524383171635582e-13 8.698385915711957687e-14 -1.021120759140407538e-13 7.830388126376313477e-14 -2.330350100591415009e-14 -1.557162935154943531e-16 -7.291518398651503316e-17 -5.260367011612810830e-17 -4.135357937066681699e-17
2.502846474498580803e-10 5.075469108686168951e-12 9.368499083359195846e-12 2.242277902384037128e-12 7.509680879378215754e-13 4.473128512906877839e-13 4.301111863753930786e-14 -1.738795546000414099e-14 4.198779134941695725e-14 1.282023941603096471e-13 1.641580995894393102e-15 -6.833785654202167234e-17 -6.684791696552701207e-17 -2.602770113272202634e-17 -3.068588831796081316e-17
2.633942036880112848e-10 3.079922458669801439e-12 4.168139427008134943e-12 1.630400009727032100e-12 1.051733229390467337e-15 7.122067497650099166e-14 2.546193666346958810e-13 2.703599019491854438e-13 2.190591148365252928e-14 1.576795714708994464e-13 2.725583103053343405e-14 -3.426081942889900291e-17 -2.332530328622161983e-17 -8.974451198577316695e-19 4.169225522633109627e-19
1.090837863323167489e-10 1.469299624798959160e-11 2.793948268376645321e-12 1.122509801375323393e-12 6.011029061982603120e-13 7.505165188692997267e-13 2.202236279980357467e-13 5.045829228643969983e-13 1.909597778186880109e-13 2.119573933331375215e-13 8.747643367558694320e-14 4.254003873416546122e-16 1.851535091770944665e-16 1.003220718442441921e-16 6.708768797529307731e-17
9.170891382403587720e-11 2.083940801973155665e-11 2.818833269710357584e-12 -3.223391245601505640e-13 -1.264468922664440140e-12 8.235281033433556801e-14 -4.433771135937975991e-13 2.193043618893735046e-14 7.266305737568253737e-14 7.157306242994194993e-14 -5.253115465066481727e-16 3.064717702234395809e-16 1.369249019012535565e-16 7.602117455095102336e-17 5.662355861177524616e-17
2.499618507611042915e-10 8.570772188971862374e-12 1.576352620542886048e-12 -2.003212993879764176e-12 -4.376634016961395701e-13 9.539583120267591286e-13 1.132297565558581587e-13 -4.726007189488510957e-14 1.904707110632351404e-14 1.648170241238673474e-13 -7.484033576838857250e-18 -1.588846933781671811e-16 -1.047122835756006649e-16 -3.450132633372631435e-17 -2.277915330672811378e-17
3.010463140081671049e-10 1.119075831225584127e-11 3.302440947662548698e-12 -1.185461581908567017e-12 6.220975991256141253e-13 4.956996466204310228e-13 4.240562012943964362e-13 1.348496821448488170e-13 -1.695819787122030175e-13 1.973583063916368184e-13 8.343725368082293775e-15 2.244454065747429411e-16 9.690624396234063999e-17 5.786125544004453568e-17 4.393245352119847036e-17
1.527822485879817123e-10 3.656511094239502870e-12 2.224965889220764692e-12 1.162774081265642554e-12 -1.707430807429497946e-12 3.696454170927471526e-13 2.648608657899544142e-13 -3.361125192536106786e-13 -1.233228182787497525e-13 5.847516606441706244e-15 7.234088972000659648e-14 -1.645835307611166027e-16 -6.703433765728658501e-17 -1.181872154050897010e-17 -2.253912947686944344e-17
1.388682958888539702e-10 1.317519926788131134e-11 2.722133996122840609e-12 3.279172499320520685e-12 1.786833102054952258e-12 -4.355477540246893874e-13 -1.273769537044312763e-13 1.477234564926211781e-13 2.557619112385581043e-13 5.711443079876129246e-14 4.441491814370936109e-14 1.877684999265166365e-16 1.357896207666980830e-16 5.175633232052215369e-17 4.397191645063930438e-17
9.677358028874312632e-11 1.289917565588748657e-11 1.796044508116302089e-12 4.031562131931753999e-12 2.977409202949952524e-12 7.897054299016962705e-13 2.648202713866526218e-13 2.076448808224769989e-13 6.592366487748370523e-14 5.709387440605149338e-14 -3.224240588788198183e-14 -1.450383991664590763e-16 -7.090931807845038000e-17 -4.654927745865005632e-17 -2.834923329486182294e-17
2.095989202966678118e-10 2.090163701061033788e-11 4.961236831672801132e-12 3.183835188712522722e-12 1.721526870252402983e-13 6.246192152485444383e-13 3.270671568818747710e-13 -2.956771488348661542e-13 1.331781872641291331e-13 -4.830892611883065153e-14 6.700390339541506724e-14 6.611411396045241318e-17 -4.035356105002511793e-18 -1.557068618290605734e-17 -6.606195800740125550e-18
1.899926800436987148e-10 7.447310237465366089e-12 -1.198688427113307034e-12 2.362760313874691076e-12 1.923890999015545379e-13 6.862113119063570632e-13 3.572381605726230275e-13 -6.973320347387359948e-14 -8.791485109333738347e-14 1.525709856439868078e-13 -9.850874101514099311e-15 6.455825958562001986e-17 1.032353748370709211e-16 6.354194012492390335e-17 4.729386797277244520e-17
1.356987169309747084e-10 6.061649200871736959e-12 2.244549854154132618e-12 1.204842492396957457e-13 1.401689822487248410e-12 3.762819938710234585e-13 -2.700051022083262384e-13 -1.742460939945714744e-13 2.576672061258616718e-13 6.030667560276797054e-14 2.838205040533401682e-14 -4.701754653355107353e-16 -2.406994069589975687e-16 -1.037817629332752557e-16 -7.997292780745450604e-17
1.630440846514221472e-10 1.946348549135694702e-11 8.605088146582722800e-12 1.995880622807513894e-12 1.024685181340437734e-12 6.374556952737817283e-13 -1.184126248195801126e-13 1.305740647298022021e-14 -4.600602166738809670e-14 -1.449976572889166332e-13 -1.553480300351726036e-14 -2.993990841462025409e-16 -1.194966090030281346e-16 -8.171209476248085239e-17 -4.882431181263834301e-17
2.394008376576526411e-10 1.277382112687304834e-11 1.925419663768176422e-12 -8.684905521047970482e-14 1.320477023036990287e-12 1.430261462064599916e-13 2.637818140877412770e-13 1.988307717992638634e-13 -1.006990402789784112e-13 -2.354113377998130173e-14 -4.487618619813192601e-14 -1.374647087938772417e-16 -6.497602026140286549e-17 -2.986694859958940713e-17 -2.349490531395049514e-17
1.009157219609269844e-10 2.430560628442885302e-11 1.588752206516107327e-12 1.688742885591154097e-12 6.207934255134095405e-13 -5.812737981054339650e-15 -4.582007041569453850e-13 3.849889029474925449e-13 -1.498130742876069571e-13 -1.147648858136851643e-13 1.205462928622323152e-14 -1.583414919965123896e-16 -1.088611336336735241e-16 -7.617036292592487081e-17 -5.197248652565772970e-17
1.869758965123482457e-10 2.598334839033028876e-12 7.037920948186064111e-12 1.916159654215576940e-12 5.475906752454654208e-13 1.777158426845988006e-12 -2.478220230434363412e-13 1.928302183219414772e-13 -4.896768392906074813e-14 -2.336895832509487380e-13 6.069317830996679388e-15 2.206612236720877058e-16 1.213468070256789634e-16 8.202964946606451312e-17 6.237185491593479318e-17
1.280970610181817453e-10 1.013594716020850232e-11 5.860330519941287936e-12 2.646418744497017833e-12 3.838809795481765983e-14 8.905459777456703168e-14 1.592672130729455540e-13 -2.542772030041325789e-14 -7.426153722977261227e-14 9.482004848788287647e-14 -8.372672913230068500e-14 -2.003667138005382406e-16 -9.697591746502944652e-17 -4.490942104142008455e-17 -3.794516988270464153e-17
2.020461683494317748e-10 6.691384246083379911e-12 -1.886208622844444782e-14 -1.998823099565607022e-13 1.730757064213469004e-12 9.783379531145313784e-13 -8.384416913593466801e-14 -2.268406283003810507e-13 8.854601940946751967e-14 -2.128248734108363571e-13 2.570228326305853622e-14 -3.128781643276101209e-16 -9.896331424898394924e-17 -4.813354435579945391e-17 -3.149147729044113446e-17
2.734219976581108991e-10 6.502472742215433377e-12 3.995140684364805211e-12 -1.359928762243032117e-12 -1.056581387734183718e-12 -8.914238149637502165e-13 1.032892348058581756e-14 -1.723053247206135656e-14 -1.021241062781285540e-13 -4.855892794660846840e-14 -8.167923259677844796e-15 -1.233825912502845540e-17 -4.477454679502888610e-18 -2.447327401474032918e-17 -1.214548991006385799e-17
3.287040013438345682e-10 1.003622440909011710e-11 2.613990943171203582e-12 1.512275528965432605e-13 1.752830226598268487e-14 4.517341848116163376e-13 4.323600337301522362e-13 -1.291766719081067460e-13 1.388598532781561629e-13 5.425739764293360537e-14 8.114574076752972479e-14 -3.591964775603309158e-17 -1.246780710385304405e-17 2.065175784464295538e-18 1.731858207546716964e-18
1.257632536438696318e-10 -2.436578043568150305e-12 -4.168966388306767761e-12 -6.884948175466826142e-13 -8.062305267751466480e-13 1.150476857507831886e-13 7.018874346663050866e-13 2.096657527868077329e-13 1.723258195660675121e-13 2.203154953923164051e-14 6.047867546853490078e-15 1.564312137592880366e-16 1.330911289739423298e-16 7.660561792472151734e-17 3.945261844964829968e-17
1.363077718278253529e-10 1.595140249383640492e-11 1.786974554391310636e-12 1.143051512430724559e-12 1.414188029543184225e-12 1.043188297754351200e-12 1.444905031433349812e-13 2.006245911779700192e-13 -2.415087858706578882e-15 8.660806863715682250e-14 6.676247075461104602e-14 1.063496951192820040e-16 7.813609417757954587e-17 1.652543522353176762e-17 2.156300038354738762e-17
2.081092812857458051e-10 2.060223407412800288e-11 -1.499827725203238823e-13 3.233871897724177858e-12 -8.342663622515844535e-13 -6.743970292558482232e-13 -4.729538864898776126e-13 1.293884078632908351e-13 2.925069066152614954e-13 1.947297146573197329e-14 -9.632446076665530862e-14 1.258585147460399224e-16 1.420865284085185175e-17 2.051246116600974532e-17 1.807187088810329191e-17
2.745918876944486676e-10 6.398257076124994481e-12 5.682769335939794637e-13 1.165944881008165557e-12 -9.772438457161507421e-13 3.031216177264002420e-13 -2.145487561749673307e-13 -1.157423697351216212e-13 2.153445515099889969e-13 1.144629089798027365e-13 -1.777752302916241633e-14 -4.712108796597966924e-16 -2.036338540455628742e-16 -1.034632847623766647e-16 -7.375843199850773723e-17
2.477234991372756203e-10 1.614650308338927756e-11 1.266869332127049799e-12 1.860264682050684245e-12 4.608596879145600004e-13 1.466120655590263879e-13 -5.253466720539740110e-13 5.109095896064261888e-13 -2.970458139843518172e-14 5.757029291515324373e-14 -3.587490311311657355e-14 2.359628830166786159e-16 7.668539938434603920e-17 5.281316964997779211e-17 2.927192542116850237e-17
2.807052211732358734e-10 4.430060887808603310e-12 8.693397432310593398e-12 3.673631449536727560e-12 -4.302637191841329534e-13 3.179364326391412068e-13 5.337244644188356894e-13 2.673946179885567950e-13 1.098010235584095382e-13 -2.053711274394581208e-14 -3.313110308026764802e-14 -1.190151488806576957e-16 3.112174149969827338e-18 -2.973338122740991367e-17 -1.559722174755656062e-17
1.919457228782239564e-10 1.532651259263912024e-11 9.649045353402617253e-12 6.642220358237091343e-13 2.351141680054545268e-13 2.005895691942206872e-13 -1.474453003817397186e-13 -1.867548208661796768e-13 3.282942638647324402e-15 7.199774096813004993e-14 -2.301956744800808827e-14 1.179187410310991659e-16 5.242869242567320845e-17 2.945375447991822164e-17 3.000861594324231203e-17
1.617387259991620434e-10 1.892008514132729889e-11 8.295970355666289019e-12 -2.588579886014763887e-12 -2.235296715630559235e-12 1.632109511476748220e-12 5.076501751309049547e-14 1.756747423781532756e-13 8.151400064938501857e-14 4.501278620789750641e-15 -6.318791040774223830e-14 6.838513073270065459e-17 1.056205484491889991e-17 1.156562365733701602e-17 1.284401213096987442e-17
1.375862080701295050e-10 1.031991041796736258e-11 3.021077894995752666e-12 6.064219484826137752e-14 4.166376185984489083e-13 -8.319927358083141805e-14 1.930777220135660245e-13 3.634008972829966481e-13 -4.950410105547431812e-14 -8.066632154989275887e-14 1.146014320773211228e-13 2.512969537574957241e-16 1.418587761931019529e-16 7.365291742873922731e-17 4.946528864797662865e-17
1.889651949558423780e-10 1.038022522136243989e-11 -2.121259200770867842e-12 1.190478826372861445e-12 9.972134203802668668e-13 -2.235538918436723787e-13 3.141296317038117965e-13 -3.550659295077817779e-13 -5.045550935424733069e-14 -9.938897680291208422e-14 2.737643932815060841e-14 2.209962353556990380e-17 -2.018444067052316666e-17 -1.900945233521978795e-17 -9.320545935168906808e-18
1.452390056601046253e-10 1.039499235856279968e-11 6.918586677532443138e-13 2.921857067000812248e-12 6.573976955569039398e-13 4.782905563791798155e-13 -4.802336637017550533e-13 -1.604170450507595088e-13 3.733906485002940682e-14 -1.804282241418794598e-13 -3.036148577122215244e-14 -4.013607381431387158e-17 -6.667932131484472853e-17 -3.646084410027810571e-17 -3.144099728373247452e-17
2.027423446930938324e-10 2.300630010768106334e-11 6.701807682891652785e-12 1.516247367022715233e-12 -1.462356749946790822e-13 2.071289108697854161e-13 6.563006327644407531e-14 -1.996610144673579661e-14 -6.430430771093270838e-14 -1.403507795583794474e-13 6.976682925680308936e-14 -5.601456645319771396e-17 -3.094475241594578402e-17 -2.158425669033352468e-17 -8.128914122059621295e-18
3.338851519078523540e-10 3.918832867436465878e-12 2.646304945389621385e-12 -3.764740299630527887e-13 1.307788123756106305e-12 5.262798317680313085e-13 -6.928978555600275479e-13 1.566901457015219161e-13 4.939014550010440152e-14 -1.533178386390365748e-13 -6.288774015260756608e-14 3.235647291116384539e-16 1.325108303229940007e-16 1.045534139202533480e-16 6.820155438095532796e-17
2.140846475725249956e-10 2.157225207735979591e-11 3.786941842324166474e-12 -3.989076119404458377e-13 2.622427698988324840e-13 9.385535306523887587e-13 1.979526078327842726e-13 -5.014043422106887711e-14 2.729712372171011049e-13 4.111252923993564793e-14 5.179307998533132107e-14 -2.618712839409084499e-16 -1.033243158312422924e-16 -5.081443498806299034e-17 -2.943991601780959026e-17
2.085652098343102150e-10 1.275755216025608027e-12 4.309378068920155916e-12 1.173896818545628084e-12 5.382979686035008580e-13 -5.825138931505359243e-13 -6.920422853518286659e-13 1.530047172032390005e-13 -1.419676292678354847e-13 -6.338770103862554471e-14 3.700272738947012818e-14 -1.931214844670371654e-16 -4.584739230849163669e-17 -4.087296937260236262e-17 -3.084726207162391176e-17
2.417516221590537889e-10 1.647228331101372129e-11 9.023379473559430196e-13 7.717197534632223852e-13 2.239162028257842240e-12 -9.159193838265121534e-14 7.157686686269954837e-13 1.698927995291370256e-13 -3.937041019849945627e-14 -5.725652334250409533e-14 3.775158019749102114e-14 -1.696638295579590608e-16 -8.094062402863559501e-17 -5.543435441774941437e-17 -4.487899587252696041e-17
2.363450125764911780e-10 5.204808432005639603e-12 4.900483673276587205e-12 -2.252698426468063615e-12 -1.199558414501087714e-12 2.647341153292620564e-13 -8.911387765906153086e-14 1.561678266496807041e-13 1.600919158133857120e-13 2.870754212594813527e-13 -8.077759534876038694e-14 -1.461383949665731899e-16 -8.743769389223393158e-17 -5.290474826974672775e-17 -3.448153077831201397e-17
2.094566113020245100e-10 1.079262935902335450e-11 3.411826522607326791e-12 1.400947062312369268e-14 1.773638017589042691e-12 1.356194324616114861e-12 -1.548659289670783682e-13 -7.639301089030116410e-14 1.373619451445870380e-14 -1.018473767156364208e-13 1.685772806450723473e-14 -1.358678673395783225e-16 -1.898517137741127470e-17 -1.468153596055047224e-17 -1.849945936647122151e-17
1.950986958344087815e-10 4.005835101122559844e-12 2.254591882729715109e-12 1.449358653746739045e-12 -7.567163345798323512e-13 3.770238783312081499e-13 3.562399134190796563e-13 4.561933629391779957e-13 3.944048046535534851e-14 -1.984430148922020228e-14 3.564576660349020781e-14 4.700312635921257964e-16 1.736182325206431308e-16 1.181222319354945647e-16 8.039797686548132505e-17
1.791505998301163669e-10 8.765659581860579645e-12 -2.282481682952187194e-12 -1.405678839056775581e-12 1.038893311057629174e-12 2.246852150029419935e-13 -5.892461941244306071e-14 9.893973748016866077e-14 1.313842730113123648e-13 -4.372696937867145091e-14 7.752975002032987288e-14 -1.538429747262019183e-16 -1.062165384307757352e-16 -7.546734416054143938e-17 -4.244967104565236380e-17
2.432575958488591388e-10 1.009710635480394944e-11 7.857095923191551126e-15 1.911442563129325358e-12 -8.869619024558810384e-13 1.950683254430806918e-13 -1.142062652740457445e-13 1.233389247612652375e-13 1.721998445475412519e-13 3.578863187549842990e-14 -1.380349857538126183e-14 -2.130604212193816242e-16 -3.365451920058073561e-17 -1.772370077355498905e-17 -2.233106164466771234e-17
1.757827263081607309e-10 2.395330083933239066e-11 -3.688346379455892771e-12 2.287765007007381796e-12 3.050360575682937831e-13 2.530567549832023053e-13 -7.276325469734235438e-14 5.442642639189521251e-14 8.934703772093146412e-14 -1.712496099759596943e-13 -1.627278332231306671e-15 8.338182578114889283e-17 3.256629101284014910e-17 4.728466991585692039e-18 1.178564651315512412e-17
1.623938596064628262e-10 6.773654228950422286e-12 1.134882300574687590e-12 2.869145655081983679e-12 7.390392868614815359e-13 -8.201936322201430475e-13 -1.084392209082984771e-13 4.502996614229268363e-14 -7.232108550343062192e-14 -9.288696442023351206e-15 4.425641086714725480e-14 -3.121512493786233375e-17 4.044545088233884169e-17 1.348699230658152787e-17 1.646018904209159840e-17
1.539365783210660343e-10 9.621806375690238299e-12 3.576095041074533024e-12 1.126280408847877799e-12 1.636250729373042208e-12 -4.829031276318162593e-13 2.934725698090518279e-13 1.273360293864407355e-13 2.059124472199562036e-13 -2.136705051821384067e-13 -1.507046696677846746e-14 1.824680746734143328e-16 1.082445671085500495e-16 5.490800020122854780e-17 3.885792980285427462e-17
1.133895781131119575e-10 2.345704673054482048e-11 -1.496066425806651207e-12 3.458980227073526517e-12 8.825194234465224283e-13 1.226691026316540221e-12 -4.457130378471134019e-13 4.141504852005220955e-13 -1.359264166607356028e-13 6.228774415095934592e-14 -3.352367682295214099e-14 2.783235045460148527e-16 1.094404940512961850e-16 8.002517967023493689e-17 5.960728848166557723e-17
1.543767639949544637e-10 9.757404434214587384e-12 8.559285188868838937e-12 -4.288321982107569989e-12 -1.661229622613828004e-13 4.715974509277439162e-13 1.050797527368545993e-13 1.908417093750171150e-13 8.254566866049799799e-14 -3.362790806161724585e-14 -1.114929795903271958e-14 -3.551430520212286128e-16 -1.705124585853485918e-16 -9.677110388029980777e-17 -6.766462255704902040e-17
2.990316646508445029e-10 8.524522548070161750e-12 3.833213029921902067e-12 1.408213212712601524e-12 1.797170308616481015e-12 -2.055870305431679952e-13 -1.482533823929773419e-13 7.137303246833176233e-14 2.546307397669219094e-14 2.985442647655763040e-14 -6.823147842636762095e-16 1.291869806246267319e-16 1.133727792308379363e-16 5.921114235732343275e-17 4.251069627997697067e-17
1.034978042311671027e-10 6.166316994917426498e-12 6.961703080250438738e-12 -9.320605359105208310e-13 2.268456170849172166e-13 -6.154850893915999238e-13 -3.333641409400335058e-13 3.774502210176491550e-14 -1.425269767073038844e-13 -3.572904499396047889e-14 5.192093912812153376e-14 1.199421094749521746e-16 1.296048366432542661e-17 2.182798875142088044e-17 2.377804040698580548e-17
1.283402333879375921e-10 1.740204470718430305e-12 7.099649619658863009e-12 2.354966986812130142e-12 1.778371530336729091e-12 -1.459513843144180730e-13 -3.461490620236252093e-13 1.909044396610740357e-13 1.918811878375630882e-13 1.764757417487563017e-13 1.218413756124185953e-13 -1.433132201288373228e-16 -4.743871354121718619e-17 -5.079772749772514410e-17 -1.739308359508947983e-17
2.760389253961034793e-10 1.552367949355134807e-11 1.246057879768862262e-12 3.340172041185104430e-12 1.183991036425141882e-12 2.444254892592377402e-14 -3.461876703629265439e-13 4.665927519331051439e-14 3.398851184399980112e-14 -6.154541318324157081e-14 6.307693508212766267e-14 2.053717550586773988e-16 5.056540114515453431e-17 3.805579846882306042e-17 2.595560549464473494e-17
2.539213803777394542e-10 6.304331327610319091e-12 5.359140875762455167e-12 -5.704455113281450728e-13 -1.170112750564177892e-12 9.910230105683435131e-13 -1.597620002241306164e-13 -3.626401012508654252e-14 -1.950724033986224707e-13 -1.020053762274830604e-13 -7.020325915285354512e-14 -2.782280527468173135e-16 -1.262186929372203849e-16 -8.353328191908144804e-17 -5.241511226224467727e-17
2.049764290214486894e-10 1.885086963599567171e-11 2.744925824639457609e-15 -2.651413325418236542e-13 -4.853666280170243070e-13 1.266164282024885851e-13 -2.558854630713825702e-13 1.910595279924148991e-13 1.801102060291475170e-13 1.593257448702780377e-13 2.926055025092075224e-14 -2.630524033235763722e-16 -9.078911732786811314e-17 -5.448024348798244397e-17 -3.440806373352696794e-17
2.207053905549647215e-10 8.512804906637399257e-12 6.929507316294238785e-13 2.500542046274034944e-12 -3.651234664569745084e-13 4.153314646196300182e-13 -3.145103455673290196e-13 -2.020582569621334183e-13 -7.894334498371489401e-14 2.589067186821681894e-14 -7.155355379105128120e-14 -4.099617753228734820e-17 -5.432714261008149915e-17 -3.052376714264960965e-17 -2.289494419572006360e-17
1.958124424969218976e-10 8.815400151240652037e-12 3.926521058286610876e-12 -6.347265952833435657e-13 2.407519880144313932e-12 1.339110167875919936e-12 -2.099820783403490488e-13 -1.908701505021424388e-13 8.632845731208266683e-14 1.281846050907122075e-14 3.501115669873279014e-14 9.492765438279855526e-19 1.802993957900235645e-17 1.082070716016397436e-18 -9.611142100695965959e-18
2.265403363398092212e-10 1.147022661096317572e-11 3.500771718449036533e-12 6.432907938598924713e-13 -9.301410520385976391e-13 -1.030674738609690255e-12 1.183314286846379474e-13 -1.666596573439831624e-13 -2.442826631573301933e-14 1.224484606952733230e-13 9.765390773840521283e-14 -9.011974518576635943e-17 -6.912599168415761906e-17 -5.259697607176973086e-17 -4.363493608877812252e-17
1.420620576883218711e-10 2.114242711226436092e-11 4.953849991900409748e-12 -8.864686146332203074e-13 1.876882032021891320e-12 7.253935128573819195e-13 4.000101490821996054e-13 1.712346782465106236e-13 7.546981588037515155e-14 1.701744664577672865e-13 -9.591789814489113918e-14 -1.483767982147024747e-17 -3.904762476788269247e-17 2.649917202003756286e-18 9.714336144959425322e-18
2.052890835105464110e-10 1.010944176518896868e-11 7.494628874513193406e-12 7.586021515018116798e-13 1.086774049625116474e-12 9.377488961179108145e-13 -1.933813243031490413e-13 -9.444584967145820801e-14 -2.727572140557227112e-13 1.466519844977603587e-13 3.331816681119052737e-14 -4.700846193807569540e-17 -1.645111437071379587e-17 4.622066704860272653e-18 2.179147259838962743e-18
1.803861444766629901e-10 6.694401977399331635e-12 -3.217182168460179894e-13 1.992300385530122407e-12 7.928339687270261836e-13 7.498996173306783771e-13 -7.630721859178455733e-14 -1.715919333312041755e-13 -6.424063975564693713e-14 -7.606725565476014903e-14 -3.105260069693026417e-14 -2.097292723756909938e-16 -4.684700506212973838e-17 -2.139907261871295124e-17 -1.868898162847935230e-17
1.685382179268208943e-10 3.339783515804695741e-12 4.519379463490952849e-12 -2.103882852218089808e-14 -3.984229101817487829e-13 1.419133922275719504e-12 1.489401117174642030e-13 4.554627165996727243e-13 4.235763371889191439e-14 1.051845370418545079e-13 4.551144953453835711e-14 2.384968844284018394e-17 -3.020729605286965807e-17 -1.016755800039222123e-17 -2.177400620609322871e-17
1.762680749867098016e-10 7.200360937993853849e-12 3.857950136241512364e-12 3.708451393783490124e-12 1.254223446844463739e-12 -5.203374413868479037e-14 4.317556768265509536e-13 7.212016036383721111e-15 1.093682594471219906e-13 -3.293870739484938399e-14 -2.548772856294170568e-14 -7.522929840435324292e-17 -4.779152560921785641e-17 -2.948062710609216599e-17 -2.375286540120334994e-17
1.946648874400076504e-10 1.769172613123867329e-11 1.316381236440555107e-12 1.388942167373087771e-12 1.256758829182250034e-13 -2.316468848937350861e-13 4.192013062355843359e-13 2.102457866703167213e-13 2.277735882968433686e-13 1.050350422445487701e-13 7.589724772236559236e-15 9.612970017261039670e-18 -3.548663010186291659e-17 -1.284858729602920953e-18 -3.712504508968629932e-18
1.581016220912935151e-10 1.363814445843864542e-11 2.905650293751551177e-12 1.156354505689748705e-12 3.400809238683828227e-13 7.188954541796356889e-13 3.926162941347391294e-13 7.661526687375199404e-14 -1.041476784682489305e-13 1.054632476510182554e-13 -1.083208532216871088e-15 1.556100593116442806e-17 3.432484949925985186e-18 -1.047902559451359774e-17 -6.039186395477235686e-19
2.241632649358160277e-10 7.833050452540039307e-12 3.734309538509594742e-12 3.821051244445268601e-12 -1.209190410227703612e-12 1.260646008488779072e-12 1.769230193337586281e-14 -7.406270731163509617e-14 4.744946468101056638e-14 -2.784126839633226567e-13 9.287427139800049053e-15 -5.865439673935388201e-16 -2.762254081007783635e-16 -1.396056680609341955e-16 -1.116348031280960567e-16
1.403303432705485924e-10 1.849659066614439302e-11 7.498148297481258200e-12 5.606322140945319441e-12 -2.608274033749990083e-15 -5.438886874150583531e-13 -4.898008185077198499e-14 1.187642673855224952e-13 2.806371419774384527e-13 1.266071175114081541e-14 4.093106804833321014e-14 1.888316823068166137e-16 9.157830288692277568e-17 4.451698302202800276e-17 3.774336216922111565e-17
3.175643409250937598e-10 2.332168803327976070e-12 1.424525170335311059e-12 4.361677343032793950e-12 1.661146312287730164e-12 2.495379476571945799e-13 1.680209442542087547e-13 -1.437016773882860752e-13 1.367433782990752094e-13 1.354706452651678875e-13 -6.640393498482865047e-15 -2.072003305301177174e-16 -6.514286123079635175e-17 -3.842708440847624694e-17 -2.539771549599680459e-17
1.886641759570701321e-10 1.176065548540661500e-11 3.025777929628450011e-12 7.224251861772980442e-13 -9.352376270890412075e-13 6.791166177749989254e-13 -1.663074116415129145e-13 -6.431447956921276006e-14 2.297647649370875391e-13 9.250420177603756539e-14 -5.131703294663402067e-14 -3.125633000132866285e-16 -8.924650070691313191e-17 -4.762985118957713639e-17 -3.910959537820674656e-17
2.098972796872935205e-10 1.143839457942374365e-11 -1.033478439253344474e-12 1.100091646113235573e-13 -7.769397130905825267e-14 6.404490693568692858e-13 6.807244593232395930e-14 1.608349371350838303e-13 -9.499618476628032804e-14 -2.232387273132942775e-14 -8.225421110423705919e-15 1.912638951679402674e-16 2.402067770471870002e-17 1.557469437476592891e-17 2.126103846556146833e-17
1.437719729642856303e-10 1.201506906314770088e-11 -1.216955033575982058e-13 -1.303876168185366941e-12 -1.555028676323892606e-12 -1.130460162144835488e-13 2.972017643189310329e-13 -2.442331000712974078e-13 2.958903204999146683e-14 1.065825866073294329e-13 -1.440949993005440810e-14 -1.551060824171601981e-16 -5.715666761589629801e-17 -2.180398384877258862e-17 -1.265208287438842206e-17
1.653992340704936010e-10 2.214960276839025099e-12 1.487455842717477080e-12 5.211051303503265837e-13 1.694931800109664194e-12 6.668601171846309847e-13 7.980730673426250968e-13 -4.535313425792426502e-14 9.958926505777672305e-14 -8.013501240909906411e-14 3.987160118691120118e-14 4.089890585083792880e-16 1.438500308147295328e-16 9.564619745523031246e-17 7.478173832207960330e-17
2.558663626773023334e-10 2.178073513007620543e-11 -1.053703427887789504e-13 -5.790716302655322945e-13 1.200940295847203047e-12 -1.877419630342695031e-13 1.673817547661518736e-13 2.610302508461434579e-13 5.607283368213698217e-14 2.122614328270710717e-14 -3.986589818123218963e-14 1.315976451151825556e-16 3.647581058042994365e-17 1.726118399841128997e-17 1.972814011873552966e-17
1.463668392875279020e-10 5.179522529340063163e-14 -8.088904022272724831e-13 1.221764656529187490e-12 -9.544088740169648339e-13 1.224206948802675801e-13 3.850165974723176153e-13 2.203569558390444369e-14 2.857055607272788061e-13 3.824693048197005543e-14 4.117785106161967004e-14 4.170232667063080844e-17 -8.780279334867320875e-18 1.253893268062446216e-17 2.808505272190459528e-18
2.098255479219208996e-10 4.676413178374205507e-12 1.862028517738411068e-12 -4.352673238655313349e-12 9.220709933019252853e-13 -2.379097332277821696e-15 3.335398715133893288e-13 -1.163248309223910543e-13 1.432394295442290539e-13 2.609971523763720319e-13 5.551029555790828046e-14 -1.905327841039979820e-16 -1.315754646738082475e-16 -8.411117100391629378e-17 -5.391412135308366653e-17
2.150224321341591886e-10 8.459809275277219871e-12 4.897549638564474881e-12 2.925463355849595768e-12 2.605301684849085036e-13 -3.183541543029595930e-13 -2.205368592279791392e-13 3.438084927762517475e-14 -4.877404087153874880e-14 -4.522872741074619979e-14 -2.153558952013205002e-14 -2.790960506199273880e-16 -6.277305218120330002e-17 -3.236564329900514324e-17 -2.466211968890359947e-17
1.780339178549445266e-10 5.316559741126399353e-12 4.309565737710226808e-12 6.157729031383799596e-14 1.291644414685735366e-12 -1.123528806349651916e-12 1.821241620242769542e-13 4.609613934993553721e-14 6.901176601063939697e-14 -1.179718441068576062e-13 1.890970808051283583e-14 2.476845233610574925e-16 7.045642818886291721e-17 2.815165213302281005e-17 1.816887616902581941e-17
8.069956487891824944e-11 1.597237235845755853e-11 7.412399601910479417e-12 2.475656029571429511e-12 3.536261470642747932e-13 -5.682465108323105175e-13 -2.156774384977606947e-13 7.909833309686481589e-13 1.460179133341359922e-13 3.366559169806439768e-13 5.666504662540225700e-14 -6.726028641301461052e-17 -4.433704486889372600e-17 -2.151077488931818607e-17 -1.855573970117589870e-17
2.569927843605651473e-10 1.698434042301505062e-11 3.780761176275647012e-12 -1.689899444414762185e-12 -6.368526900981391589e-13 -1.032982498679229484e-13 -6.637515895849745505e-13 -3.097328107068440042e-14 -3.838372804333136648e-14 -2.237124909827658000e-13 -5.163919530730092453e-14 -8.406996594582259062e-17 -1.125599716955526616e-18 -1.681856816686230329e-17 -8.024107895028990541e-18
2.303033356199470940e-10 1.383331431180821267e-11 3.028007193215289868e-12 1.798007640558204439e-12 -9.837361773197511057e-13 7.730870657399664053e-13 -5.241208855341774808e-14 3.394175338465621200e-14 -8.349105299564894534e-14 8.055635722926038989e-14 9.932202181414569157e-15 -1.249602417350021805e-16 -9.973125472736255049e-17 -7.038892594711933739e-17 -4.321812853171963667e-17
1.616295408742036150e-10 1.258334822701456272e-11 -2.812300554519405842e-12 1.760050257094681363e-12 4.386257159906372271e-14 -1.422513377195535350e-13 -2.130603874813301735e-13 3.834075277377188899e-13 1.812320062676025016e-13 -2.125353818717639521e-14 -2.944987539349940162e-14 1.360421829699558372e-17 -1.697462801574275551e-17 -8.067099335762595643e-18 -5.487487631107041762e-18
1.441633196979414543e-10 9.282156906617202895e-12 1.292797650740499679e-12 6.726408062014288980e-13 -3.642317379007942476e-13 8.051873629160629799e-13 -4.134331927639836575e-13 2.130695522949896254e-13 -2.074744585459351563e-15 -1.349949880091762310e-13 1.113735888013474001e-14 1.160966682377764539e-16 2.829868234523318367e-17 2.592528652436372552e-17 1.481272385670943047e-17
1.867462194397365514e-10 1.140710542920521623e-11 4.156038672726610583e-12 1.383707830758865276e-12 1.951660659041769263e-12 -6.866450893350300108e-13 -4.307498681002741476e-13 7.688086252052438326e-15 7.882067224432158605e-14 1.010566789754097025e-13 -5.545653499110272516e-14 2.643599842316927405e-16 1.428263100733224216e-16 7.788231351225329555e-17 6.360224344875987115e-17
1.618839239794987464e-10 7.440826126147921608e-12 3.318333145151032069e-13 4.352122477496550292e-12 -1.169914868303216642e-12 1.296680523981667646e-13 2.780323303857900400e-13 2.390500531903857462e-13 -2.022395187051851320e-13 -5.916494947886196637e-15 5.678508776692843707e-14 5.740836393847917485e-17 -4.294696869428953721e-17 -3.065175048862664026e-17 -2.235789964870786391e-17
2.445087838825997420e-10 6.985776438834510626e-12 3.339680491612392273e-12 -1.571705876120092231e-13 8.816966593281054221e-13 1.940033138192634373e-13 1.078590069104060278e-13 1.641433207405092130e-13 1.137964092834921623e-13 1.204353542670517658e-14 -1.655625620724595212e-14 -1.067118116744403305e-16 -4.201018917069157723e-17 -2.806498771174054262e-17 -2.415761012419319471e-17
2.257163743853873354e-10 -3.102594634867882070e-12 4.427746262071691951e-12 2.672309602332509298e-12 6.566768612918359625e-13 4.454968261929621159e-13 1.761916116050360170e-13 1.858982892265776080e-13 9.808734797698435774e-14 6.035209421700284105e-14 -2.610970236750690628e-14 -1.409967617037460281e-16 -6.342586616568766269e-17 -3.026497973758973483e-17 -2.402777486771934683e-17
2.269651065647658848e-10 9.651091506371488202e-12 3.045730743948572636e-12 3.719188208766338356e-12 -1.332513185001428830e-12 -1.235508857284624221e-12 -7.036383318971388399e-13 -2.383897733944544251e-13 -2.296300778533594168e-13 -6.333316043529077705e-14 1.842845239566079592e-14 6.667498582204191982e-17 -2.374526286316607081e-17 -2.350862054312668504e-18 -6.929874368875614031e-18
1.947245095001356152e-10 1.627357199845395383e-11 1.496062275440721759e-12 9.514860949891680389e-13 1.347786509239642131e-13 4.881639976682367704e-14 6.122177505306532298e-13 1.096715313714822081e-13 1.825193037973277373e-13 1.364801127408106883e-13 4.008922122880454049e-14 2.091434103795800078e-16 6.349785864976934238e-17 5.784749782011125064e-17 3.566240489732866975e-17
2.240988816408929218e-10 1.017871464962718086e-11 7.862873201480427344e-12 2.546245695224999669e-12 1.940429172736734860e-12 -2.934468901728136695e-13 5.009362162053845525e-13 3.452914190484396332e-13 -2.362056638221208105e-13 2.528969636594991375e-13 -8.237203175258201313e-14 6.796205759046853902e-17 1.405125515847002454e-18 2.021868788683780898e-17 5.995778507922501375e-18
2.950086775986458376e-10 9.645742678064532092e-12 7.321411870704005453e-12 2.172421250176399559e-12 -3.433829765457760970e-13 1.000528843672930807e-13 -1.581937151622817384e-14 3.904000024325021367e-13 2.761629334525654648e-13 -1.489421457996831487e-14 -1.887267116261705990e-14 3.030970600599356020e-16 9.346590911785862485e-17 6.359220179118997466e-17 4.781250067492891133e-17
1.002145676731041762e-10 5.103254268744252074e-12 3.215444071981233646e-12 3.452195427806551477e-12 1.992457654472149185e-12 6.820381778765158813e-13 3.064404550981750952e-14 1.177901336593813061e-13 8.327513535505354370e-14 -2.785803265604630951e-14 -1.843498192021685401e-14 2.759434902853602053e-17 -1.578217930654800910e-17 -6.153192092084254029e-18 3.191893207171875327e-18
2.036623898151736986e-10 4.178717144757129511e-12 8.353989724392452675e-12 2.439936904229191940e-12 2.491627237392603519e-13 9.320056625358172681e-13 3.477625221340386631e-13 6.180515976622165301e-13 -9.733038439779013604e-15 -1.091622444931059065e-13 2.803044422211226697e-14 2.700538583971824932e-17 6.284147713326567158e-17 2.931006067154480592e-17 1.791853415867346483e-17
2.631943611006291338e-10 4.998067974423836361e-13 2.389082082978613149e-12 -9.595675796198250603e-13 2.996963408175829677e-13 -8.459863890409833062e-13 5.017370256041752033e-13 -1.070471616873479572e-13 4.492005333993137471e-14 -2.578520985296891950e-13 7.143374352450338561e-14 -4.938754732721310165e-16 -2.271760440878491557e-16 -1.198876598810863073e-16 -7.207940778873488771e-17
4.157367945992848069e-10 1.023732126675617319e-11 1.194713386653773031e-12 2.103979970523196009e-12 2.591823301627343401e-13 5.138646763543211138e-14 1.593795159125632982e-13 -1.299355990543911295e-13 -1.183373536352362083e-13 6.999639802286586854e-14 -2.486373969234354922e-14 7.498260924632040877e-16 2.808841625512049915e-16 1.836408805558137199e-16 1.374911036370107033e-16
2.910140486069077622e-10 1.043100920473527371e-11 3.511228413498075871e-12 2.590800111804034034e-12 -5.672127996916480947e-13 -3.267911072848449984e-13 -2.497335121151208937e-14 3.847167238827055060e-13 6.679941143395897443e-14 2.672858911734731171e-13 1.004780691403944040e-14 4.739652840180949206e-17 3.535132383388355476e-17 3.899246233588413866e-17 1.144741154486271016e-17
1.611994753825199909e-10 1.334351512209576088e-11 2.748163899823954422e-12 2.593434269279622610e-12 -1.624291433240196106e-13 1.045270464413671152e-12 -1.351666847142589831e-13 2.412754427087000236e-14 7.237364743453210669e-15 5.771447237968041076e-15 3.070304531717293578e-15 5.898661589487382798e-16 2.790826185575482242e-16 1.495252262789857155e-16 1.039626790611565112e-16
1.517327629495683760e-10 8.857523211985220870e-12 5.783202797684418377e-12 3.827502767602484992e-12 1.067654311095223829e-12 -5.675206979458302239e-14 -1.657039628162489157e-13 -9.571270795890364896e-14 7.932308173808207130e-15 -1.412326866179654902e-13 7.737169147507526850e-14 -3.361667092985214622e-16 -1.181295592748031418e-16 -6.247999182358317583e-17 -5.274185747740676453e-17
1.891354492710886020e-10 1.455320315380434907e-11 1.964842944150596764e-12 1.501488775399815403e-13 6.885212056183536641e-13 7.042215751975108814e-13 2.058436714638911937e-13 -4.699634486024970945e-14 -6.201873878774027825e-14 7.157660746814433703e-14 2.028031837605752806e-14 6.717946038952730012e-17 -3.462359390541046938e-17 -1.989565064149031218e-17 -1.143526556617230302e-17
2.084145600734083014e-10 7.276311353506201818e-12 2.821301160275644255e-12 3.552041901199597039e-12 -1.238375077892891430e-13 1.664601124334544141e-13 2.852753989419518773e-13 1.996822257238299995e-13 -8.479105402844282524e-14 -7.984770300875559758e-14 1.559274065266635312e-14 -9.640383304209284996e-17 -4.919276382749349937e-18 -2.244250944435671746e-17 -5.008806607336114649e-18
2.138658823153632239e-10 6.862240903769892368e-12 2.565016955156742253e-12 -1.012144396637482418e-12 -7.378177445936805944e-13 -9.200693955728999714e-14 -1.231106979519066272e-13 -4.363346641517444639e-13 3.287831804567770169e-13 -9.012412944049897651e-14 5.359321715141265277e-14 -1.932337611624523641e-16 -6.130037145275057686e-17 -3.994535973195674745e-17 -2.780402597607773194e-17
2.071202575385190235e-10 1.196887160618254155e-11 7.555006275190010420e-12 3.225566432533223820e-12 1.853291118935963078e-12 3.890829613125598021e-13 3.354771092907685352e-13 -1.003002217318460437e-13 2.505945290954123925e-13 -1.877264268410076893e-13 -3.452675638624323379e-14 4.537277163007770003e-17 -3.667426359912705719e-19 2.414238587407668150e-17 1.420249601582020192e-17
2.779123091711922994e-10 1.713658387142613212e-11 5.381075768685393589e-12 1.339187119472235934e-12 8.649615620416265021e-13 -6.045593716162065103e-13 1.691872860926377213e-13 6.219913124044118269e-14 2.315180421255896032e-14 1.065968460696373667e-13 -1.401697769790650765e-13 -4.195693910184379604e-16 -2.435349019819178586e-16 -1.269408820557914251e-16 -8.478955611873315021e-17
1.705279932270453387e-10 7.532812779373904569e-12 -4.911685507628092672e-12 -1.584041253837652448e-12 1.962456215054456855e-12 2.086679370796347082e-13 -2.450348010934617457e-13 2.159928619955668529e-13 2.013580411608739370e-13 -1.466572817272504461e-13 -3.082725535646353811e-14 -2.920251040478642915e-16 -8.875779108210038808e-17 -4.478604037143334000e-17 -3.345072427187355636e-17
2.157782643180980267e-10 7.003707427300223262e-12 1.437493674119596361e-12 2.086380295614708054e-12 -1.391387774524866042e-12 -8.881690623766145864e-13 2.210085120027948139e-13 1.845807068286799973e-13 -1.275699873432040612e-13 2.827261048291976656e-13 -5.837499116122084012e-14 2.436796505881225388e-16 1.228854072287738185e-16 7.504836558551635813e-17 4.831583913600714282e-17
1.903608499206030061e-10 8.387321478479097719e-12 3.842337429609516562e-12 5.923446103224547270e-13 6.748765786405493962e-13 1.474797987614723838e-12 2.428189686976007838e-13 2.946457949777071873e-13 9.275498397757243954e-14 -6.671844520059084513e-14 7.992408731002231481e-16 2.051965492649771421e-16 1.405088023526753282e-16 6.347664181164718340e-17 4.203521887749103955e-17
1.376360923784496012e-10 1.513180442159588433e-11 1.158821147401635220e-12 -1.108134407212822041e-12 1.315082728350513190e-14 -4.043768768124442582e-13 -5.634972444253306654e-13 1.697243516771077273e-13 4.712640562159966843e-14 -2.118190726386110398e-13 2.221953155006907867e-14 3.113452755017749797e-16 1.378437027942575042e-16 6.380138673243440035e-17 4.441475699638426198e-17
1.619318920748633449e-10 9.265646334276474034e-12 2.949410907051577564e-12 8.011450416652462016e-13 5.917851900249708337e-13 6.497393412523798806e-13 2.705323905633076200e-13 -7.084951167723817458e-14 9.337403419149435977e-14 6.034607262256664412e-14 -2.886912362304973405e-14 -3.619214108597509681e-16 -1.111877781963577384e-16 -8.076116766751273146e-17 -5.776083247575006948e-17
1.850165159408693589e-10 1.331802036911486606e-11 1.399639839364097947e-12 -1.430540372519414686e-12 4.965110815265468048e-14 -4.259748715020180182e-13 1.252869309172684261e-13 1.731238092345035964e-13 2.621963669502443718e-13 1.214189633844059796e-13 2.494543092708713208e-14 1.420199602283490967e-16 6.063538770684042877e-17 6.597534376102971949e-17 3.668816494328357135e-17
2.930135102576860202e-10 1.255390608199954088e-11 6.186052440457632418e-12 -2.846208035259802974e-12 -1.458673878552171740e-12 1.280863007605610463e-12 2.347071745563669437e-13 -1.489586210940447337e-13 1.878643408615274098e-13 -8.809154703604755991e-14 3.010154570916303139e-14 1.937139179171548540e-16 3.774220121197635192e-17 2.846631629856470498e-18 8.609499509961621265e-18
1.480037043714806337e-10 7.910071060592822256e-12 5.938900003148467585e-12 -4.189785877736728777e-14 7.700542402202627677e-13 -1.445237713499968668e-13 1.084480881343392491e-13 1.926329602283406917e-14 1.299487228029478476e-13 1.283204610914799093e-13 -7.482797895142665270e-14 8.367988923520019650e-17 -1.850686093921326319e-17 -5.608295914931281534e-18 -3.961273784316322181e-18
2.123029008848652158e-10 1.497698868190351411e-11 6.537799492477115835e-12 -5.832823764813048551e-13 2.460063591264977961e-12 1.971420797572510005e-13 -7.443659826262310745e-15 -2.069805063845894972e-13 -6.083141776740582770e-14 1.133095657231803161e-13 -6.274659453013217860e-14 -3.985120726284085226e-17 -5.306063027461346682e-17 -5.429210408246196518e-17 -2.999098783019126814e-17
2.245345841800478631e-10 5.151061306431862818e-13 2.721534804051287455e-12 3.488756963797436055e-12 5.919194831404546163e-13 -6.246698091408197301e-13 4.527046800016146230e-13 -3.654270909985012540e-13 -3.436499068211767970e-13 -5.963209422556033250e-14 -1.300799057053168602e-15 -1.345027201218963103e-16 -4.250991799608629414e-17 -8.147864828917590516e-18 -5.890305339546378063e-18
