1.390366325394880894e-18 4.276726156199968385e-10 -1.589489840449634049e-09 2.245194690446323275e-09 1.974126717966869003e-09 3.615932214146462503e-09 3.721907085693706918e-09 3.828578072285688539e-09 1.622240765594545754e-09 5.799757388518483327e-10 6.399158617843834320e-09 3.090966455384110163e-09 -9.586498967419507456e-13
1.588686836021788835e-18 9.286141481385742102e-10 -4.102432055400687345e-10 3.072327682589112833e-10 3.392878812338350924e-09 2.196693946502149536e-09 2.200160460617114748e-09 7.281547305852225817e-09 7.106721069397356377e-09 3.330290618886480743e-10 3.241491383408872605e-09 1.198954797504459951e-09 -2.255993595635109293e-12
2.198360919907501144e-18 3.477966855483219460e-10 2.034667050876336085e-09 5.797734399207151263e-10 5.187799679435297067e-09 6.855906843750942038e-09 1.165262559931513080e-08 9.916774916071748500e-09 3.324423510850357081e-09 3.191075815848411212e-09 4.080971512229762253e-09 1.615722979424522299e-09 2.442474173293425280e-11
1.344530757480595075e-18 7.967587663948454326e-10 5.518778522645237641e-10 1.450824598529612407e-09 4.641589469503884171e-09 1.015301031879526071e-08 8.366353942155829481e-09 1.222019278102856781e-08 1.487539772807349114e-08 3.118335160950587022e-09 2.678618038233909789e-09 1.287988071544798982e-09 3.468653517244290622e-11
-3.338773129588490852e-18 8.203965306110827073e-10 -8.988902905396053110e-10 3.156864359500648206e-09 5.408114118514872485e-09 5.160839073300595741e-09 5.964833429881824165e-09 5.439047912533427719e-09 5.710079032982595135e-09 -1.699588605359680475e-09 1.517188149882879952e-09 8.675866218207348921e-10 9.124076574693523196e-12
2.597306880918661935e-19 2.489872196200154450e-09 1.013240273153519039e-09 8.859844436221865798e-10 1.959903187153411124e-09 5.551546575628150688e-09 7.774588119389576310e-09 6.481181087483399606e-10 1.154077622135589010e-09 -2.554467318401648232e-09 -1.228521636370466797e-09 9.508673631322266090e-11 4.263143617493998756e-12
-9.573587894817107294e-19 1.031955474758367129e-09 1.749527376518158334e-09 2.317146814497371129e-09 2.316156505646148036e-09 1.934835105598254988e-09 8.015330533389001935e-09 9.391496155399771860e-09 6.436954838524146666e-09 6.853912190636649482e-09 -2.444905042079084678e-10 1.816235678510813368e-10 1.881212991936074958e-11
4.874029407913329753e-18 4.915867661761892246e-10 1.353568297925093933e-09 2.664674852598358721e-09 4.405248386557652649e-09 2.648806029316273984e-09 3.377542966844304823e-09 3.489359752633895641e-09 1.113942964518022594e-09 1.064279821303126062e-09 2.314487595195717629e-09 -5.608170042224380539e-10 -2.061267781529328202e-11
2.798465991344713494e-18 -2.065858660408908842e-10 2.033564481989131825e-09 7.119598181636840569e-09 5.097407596558908943e-09 9.775889301639498880e-09 5.120089404916113116e-09 5.216662619133722017e-09 1.398295788063080373e-09 1.291502955145917057e-10 -5.771970139309507134e-10 3.227585565352527017e-10 3.386170077024597677e-11
-2.003613192620309055e-20 1.518110623070292720e-09 8.593700373874552663e-10 1.680067019180636380e-09 2.105506284624086939e-09 8.163924391516996701e-09 9.411098845883932671e-09 9.525547057406955235e-10 -4.173169442096651350e-09 9.626897329001274345e-09 3.254637029902201244e-09 1.739257881048385165e-09 3.384298953846421502e-11
-4.608178886327437832e-18 5.409485327849273312e-11 1.307387410073444966e-09 5.347318867169184694e-09 2.883458015987773423e-09 6.058596377464538135e-09 7.177799413862439040e-09 3.623243329253698355e-09 5.425085828244116585e-09 3.933798861256460974e-09 3.136464844793738499e-09 3.830901115922751075e-10 -2.101734942695812995e-11
2.022001307088728061e-18 1.422325701987816407e-10 3.615932952169515716e-10 2.995325208100490771e-09 3.066570438471930214e-09 5.227730359046830320e-09 1.653005735701555853e-09 3.870139168024364886e-10 -7.635922239572888273e-10 -6.399903802915191447e-09 2.622472383053398054e-09 9.691817138870399328e-11 -3.630489627974977770e-11
1.705319026097693636e-17 -3.662122145333594090e-10 1.406744702250348468e-09 3.646067736623475486e-09 3.046226363931032400e-09 9.169771239073492996e-10 9.684798646002757925e-10 -6.708243684677850131e-10 -9.686533863602247365e-10 2.141943754760335198e-09 5.475851788393185715e-09 2.377591221418333832e-09 1.239254658282513120e-11
3.651285438222561979e-19 -1.336021326271195875e-10 -1.159563655954884604e-09 4.018510503513550843e-10 1.761195036167536677e-09 6.625439516178943961e-09 7.343803423456602644e-09 6.424698161785586011e-09 5.977280895178512418e-10 6.058244694037307233e-09 3.554882094620654100e-09 6.319217211023197397e-10 1.828427622671982760e-11
-1.315866574665698939e-17 9.488335371212408328e-10 1.253749084838982982e-09 5.139226421449129879e-09 6.177336201540610780e-09 6.060960364586810047e-09 2.278675855692607504e-09 5.674148928801931334e-09 9.680836576099944644e-09 6.294123999935532654e-09 1.882429980562484880e-09 -1.102990640618062210e-09 -2.242111553127660966e-11
5.324482273441951144e-18 1.454670534768213247e-10 8.026391312270389795e-10 3.719619581877417316e-09 5.092904772146276035e-09 7.825336161425329020e-09 1.310659671842481782e-08 3.979000883227456300e-09 1.996826179170248471e-09 5.802263924551179027e-09 3.067884284044180311e-09 1.524746581403918438e-09 1.235468702625896570e-11
6.212390966757524454e-19 1.622751277991237708e-09 2.357520069333084436e-09 2.987491808322928932e-09 4.547847722075159111e-09 8.230236635224545940e-09 1.289459603910670145e-09 5.376408195469557316e-09 -4.910077517384267320e-09 3.905022745368595766e-09 3.235851696487793468e-09 8.519669745664570355e-10 -2.391226260354968285e-11
9.390339223371920098e-20 -1.765222388207584220e-10 9.407915474944187095e-11 2.039216035839901134e-09 3.166071405305958765e-09 3.100280134720508339e-09 5.205157445866549381e-09 2.980089482974958748e-09 -2.731977772343885855e-09 1.852840751523454325e-09 -8.233972256587751334e-10 7.285764715489938962e-10 7.861902674907077671e-12
1.324687312268167050e-18 -2.556074811553348480e-10 2.091923908282923797e-09 3.693635769236518139e-09 1.681844561996930322e-09 2.344713120829718924e-09 1.430905152022475498e-09 7.057232281542505585e-09 3.184163111979101469e-09 9.830976173467872000e-09 1.657800958187947482e-09 1.474966415534969528e-09 5.757071453237182488e-12
2.883672127921227761e-19 4.615560391999026204e-10 1.226094052851429608e-09 2.695715915573745267e-09 2.397200270223186685e-09 6.851824921266467305e-09 7.201597171425914657e-09 5.946683910049430069e-09 1.939112477776831978e-09 -1.026080384597126641e-09 1.118036440423207998e-09 7.101589435985683871e-10 -1.559376731461747510e-11
-9.583744232344790955e-20 1.404176312978147480e-09 9.265852918495017243e-10 2.224553236320059254e-09 4.363931460043185998e-09 4.584304401977592943e-09 2.570177515584759725e-09 6.916815876463491402e-09 1.517640572310392998e-09 5.528828107075547489e-10 2.857641203588315741e-09 2.882769181255896982e-10 2.522682463009964399e-11
-9.293809876072146125e-19 1.386194347704997615e-09 4.051630528256037414e-09 4.025826319019368791e-09 3.093343102695360319e-09 8.077780585573674794e-09 6.111410123169798924e-09 3.706196633540303205e-09 2.577340001980025659e-09 1.062196401648379109e-10 -1.260574665656232075e-09 1.844270633151163978e-09 1.915472977292903760e-11
9.302980331711890940e-19 1.463686791850725743e-09 1.063984992954849393e-09 -1.178755437364544589e-09 1.365225871201485481e-09 6.257383957250716359e-09 1.653387351210604881e-10 1.104501340821286779e-08 7.464053055645500471e-09 1.822143600144560344e-09 4.471403987618010049e-09 1.173482032729669253e-09 5.812386488199355790e-12
1.613934935182755109e-18 1.624127952458679003e-09 3.385388649419551663e-09 3.755416310754830171e-09 2.177558585197950813e-09 3.792473856586674425e-09 7.977735573406904769e-09 1.073928096689558138e-08 4.126004539252451217e-09 4.541919699456885074e-09 -3.155759629266013561e-10 9.458552179411755644e-12 -1.216779394006496273e-11
3.929023052628568703e-18 2.854792848491852255e-10 3.105883902316707524e-09 2.619523876444144504e-09 3.375020100295557242e-09 4.646705945746920316e-10 1.106408950437496761e-08 1.869647990654796577e-09 4.081911322724777716e-09 3.672419056343196196e-09 7.322246945079644422e-10 -8.497541418041875431e-10 -1.754953635488394159e-11
-4.268664800761951374e-18 1.733452232827201387e-10 2.692873245463688818e-09 3.513041905349772708e-09 6.422742668409208633e-09 5.233274407353191677e-09 6.875241117214940734e-09 1.304335895074297446e-08 8.956834993313754266e-09 3.256862640274262108e-09 2.409896345756082655e-09 4.722949769389188660e-10 -1.234790160749106399e-11
-1.579176486302908682e-18 4.457371100713563244e-10 1.557263423465251276e-09 2.279596805266144123e-09 2.160992512884068411e-09 5.844110504543897233e-09 1.621874157222977695e-09 4.664409849976127959e-09 -1.177319865899255346e-11 -1.598058474550939249e-09 -1.393102774515093421e-09 1.463275303368764687e-09 1.813829654167151786e-11
1.610484153254822739e-18 -7.465754930318563002e-10 2.747914768698161879e-09 3.348539653500131207e-09 4.905027201135071613e-09 5.867738377515030807e-09 5.675515773954318552e-09 9.818469824420029195e-09 -5.420462862566843222e-10 -4.871855825241965508e-10 4.295838454951954629e-09 9.588021799604275036e-10 -3.968025623088775269e-12
-3.528672763147125960e-18 -1.722058429719446478e-10 2.266566359344118027e-09 2.988272730478978957e-09 3.640104190297052267e-09 1.531851192220681297e-09 2.349083594217851831e-09 9.150479852656411725e-10 -3.431843910280455024e-09 3.097812247337822566e-09 4.640647237832045027e-09 1.004291090907996519e-09 2.466739636137234240e-11
1.561037273009089119e-19 1.422403264672634728e-09 5.502379077919743758e-10 1.348052248562248226e-09 1.675123202792597408e-09 7.903198409165043802e-09 7.195400731853317119e-09 5.009255918541931785e-09 9.063075493817070912e-10 6.153139483423018619e-10 3.534391073366291577e-09 3.787522303585575847e-10 1.970967587286660439e-11
-3.756532219739518075e-19 2.447602659195340998e-09 3.731968513003341914e-09 2.805133256792190540e-09 2.038247424093561085e-09 3.945282285587960798e-09 4.631643035106242581e-09 8.670560442743697073e-09 3.553355605028097656e-09 6.548958634075885312e-09 -1.718358752670144253e-09 -6.195328672765992312e-10 9.766507522351524328e-12
-4.013013016421989362e-18 9.407411052111377074e-10 4.760674074697022966e-11 3.519146984620339714e-09 3.335687719110439075e-09 3.153821244208816878e-09 3.968536712650682958e-09 9.994872675599968848e-09 3.728870440537669118e-09 3.559608941784452445e-09 1.419694827001101455e-09 -1.208578652323600087e-10 -8.400315554904713877e-13
-1.272395581949408118e-17 -1.593702854266823695e-11 1.800689118558835243e-10 -1.480882868024212232e-09 3.950553995045768816e-10 7.393066474279756163e-09 7.867344991995887086e-09 1.017229771030421433e-08 -1.703602318155654812e-09 4.489269314435640100e-10 1.620431120511609743e-09 -3.144351130965921210e-10 -3.508126179919553589e-11
5.029549949124257434e-18 9.245007295711304347e-10 7.114751743048909941e-10 3.553618487620141482e-09 4.561126572431372267e-09 3.186742479034379114e-09 1.084382762122299348e-08 5.873137655492127636e-09 3.401963670092176580e-09 4.842792864200657972e-09 5.435182952426765060e-09 4.094914426134997929e-10 2.009263721587014092e-11
-1.935741452658223955e-18 2.508068280198228245e-09 9.450004764829988605e-10 1.870203365495595763e-09 1.890554544561708563e-09 1.361512846613774515e-09 1.891972681435620735e-09 5.870305391476135759e-09 7.143205621456449698e-09 -7.890404988022182273e-10 3.840220923808367421e-09 -6.849357736208888229e-10 7.857203714978243016e-12
2.703745420873159608e-18 1.610228036499224086e-09 -3.299543570223194880e-10 2.182363289898467585e-09 3.112798689949488216e-09 5.297724054259628842e-09 9.117632127307019894e-09 2.159878683043648808e-09 7.012297183522835796e-09 4.771387256801561609e-09 4.906997008687140529e-10 1.680328726407553003e-09 -1.530511731249109507e-11
1.226070284183975048e-18 -5.762989110659613606e-10 4.202888721282314241e-10 2.813505253371197615e-09 7.132258012556544749e-09 4.190760553372019015e-09 6.172532878469859374e-09 3.226254651028680914e-09 2.034842659086148474e-09 6.328755854140355664e-09 4.356787185991776297e-09 -3.972016710861357881e-10 1.532895634236380186e-11
-1.543867874883126300e-18 2.289264666611024365e-10 3.307359270890499528e-09 8.691651398120200727e-10 2.894364797973612848e-09 7.654717460119542144e-09 7.548984458109901541e-09 6.754772834597384463e-09 9.426476546517132909e-09 2.509705267255429858e-09 -1.469851690470737865e-09 6.413740936435766909e-10 9.246526156333616917e-12
7.105051754646992685e-19 6.560636242099445194e-10 -5.500313644334393825e-10 2.733502824270672157e-09 1.675198089599606054e-09 4.360551186266067350e-09 6.869425809149928896e-09 9.322520925863166346e-09 4.857361805238519538e-09 4.739959755138733163e-09 1.987399525889015503e-09 -1.210392654345950702e-09 8.434629906620503934e-12
1.358405711839098606e-18 5.770832401253895127e-10 9.838118004376644594e-10 3.198624534646688311e-09 5.677769743204569666e-09 7.986404147948387071e-09 6.452637339108742153e-09 7.395365295493448909e-09 1.402889867156927286e-10 2.990520689887044456e-09 2.016702758680010992e-09 3.647303722803866449e-10 2.673005002684374358e-11
-1.965378739926379831e-18 9.376164205172812123e-10 2.060910641616037148e-09 3.211369540622721277e-09 4.785055215548071161e-09 8.490339995430822282e-10 4.327363380700052876e-09 2.096785358799077849e-09 1.408484272374346961e-09 5.550384669293675373e-09 8.062269911211670216e-09 1.867392675420551988e-09 -2.415425755915802182e-12
-2.473483945293384639e-19 1.522139301327259282e-10 -3.479443954658503236e-11 3.903438627891618996e-09 3.257014579710295952e-09 5.950904694730646131e-09 7.854269483782360040e-09 3.841115297792561642e-09 1.625066456168453910e-09 5.625085844635944639e-09 2.111994679102860614e-09 -1.369956426768064842e-09 -1.223812695154982378e-11
1.893306857465307347e-18 2.685683716037243935e-10 -5.486973621950750298e-10 -3.699377097769596922e-10 2.214918191317482864e-09 6.625425134266881281e-09 2.945585418906272664e-09 3.001167940426202135e-09 4.568553163140320080e-10 6.232376219707968490e-09 5.561002757533999251e-09 -6.320608160294283385e-10 1.421694782688797702e-11
1.043323644973326694e-18 2.195722176588418400e-10 4.240151571312287557e-10 5.205746884039628646e-10 2.456005114581432894e-09 3.109571015712657579e-09 4.476113982857400415e-09 1.356306412134866076e-08 4.929141914655161793e-09 -1.875256208253544483e-09 -9.959036866379603222e-10 -7.264380088065089180e-10 -1.136222461723889457e-11
1.062775594132084243e-18 2.537956850910646880e-09 5.060606387278722825e-10 7.904674430975630216e-10 5.344416654915915566e-09 8.090614491277945229e-09 3.498931660185929920e-09 2.790734452254166132e-09 -3.703910346353490065e-09 -5.058847928904524846e-09 -9.307898528867073116e-10 1.044430128529803343e-09 2.005328780240207677e-11
-3.830117633430323076e-19 1.089673547387859078e-09 3.952537684232635307e-09 5.149721206583685227e-10 5.969464046485080686e-09 6.594949223559574586e-09 2.154102308573736298e-09 6.869355515568753593e-09 1.059603904397170234e-08 2.584680704801736749e-09 3.888843001827592397e-09 -1.957470639003388831e-10 1.887285901932827484e-11
5.358631717779465164e-18 1.187299009577372083e-09 2.428087405333810347e-10 1.345176165358157086e-09 3.692509853827825077e-09 6.060555851290095210e-09 1.061131216264224063e-08 1.695739222843755561e-09 2.372425523090581837e-09 1.648591838823338183e-09 -1.581279893699515523e-09 1.484568281782967144e-10 -2.433564992016233957e-11
2.879966568988661301e-18 6.408014684099140514e-10 1.469369719993598302e-09 3.409108079578961920e-09 7.917720664334738542e-09 8.451237980992910347e-09 8.474480506069950220e-09 6.620387465063505866e-09 5.248232072630680950e-09 6.814995103687268659e-09 -4.470844994852682607e-10 3.955144578433586437e-11 2.770951258089781171e-11
1.932146758533574927e-20 -5.039244741020941347e-10 -1.135626919379392718e-09 5.181685231510111443e-09 5.175344232188897808e-09 2.826985425768083278e-09 1.176191824216202334e-09 -6.106874637477748692e-10 4.934068249605064232e-09 -4.717175106798401753e-10 3.902456492030315705e-09 5.909377813568285608e-10 -1.281537673037738443e-12
1.097287109334471345e-19 1.541233391708643161e-09 -6.481052553362260739e-10 1.427988428637153129e-09 6.356735508381632058e-09 6.423625134005723130e-09 6.394518589886819446e-09 1.936863274286504277e-09 1.713327046341938919e-09 1.980586916760904250e-09 1.120831732315838328e-09 1.772453620663415200e-09 8.542934047542345573e-12
-3.988484699605788253e-18 3.681656500926569261e-09 1.204113671230995818e-09 2.694815371738409867e-10 3.897555259717746857e-09 4.692097798053569243e-09 5.992633623066378188e-09 3.748449612750311777e-09 4.521419647918756687e-09 -6.565617101633147583e-09 -5.083572558680682784e-09 4.578228440252824030e-10 -4.908473592322278427e-12
5.461194733793014223e-18 1.251811226120695127e-09 1.738820236989221061e-10 7.317720382125445210e-10 4.045528145417865689e-09 2.328419981856464220e-09 2.501918653758216907e-09 3.328028415296283487e-09 9.400453872707101389e-10 1.475329783111130058e-09 -5.232928466473826295e-10 1.525740862656746603e-10 2.072398127993475823e-12
5.331325708923447634e-18 1.385685024422005547e-09 2.604264563777796626e-09 1.850304930605775124e-09 2.270908592778422433e-09 4.090934285592500392e-09 3.008860355584379030e-09 -3.743194026276445478e-10 1.517147932651190336e-09 -1.946583340775749937e-09 -2.481270590296990096e-09 -6.095391196128879054e-10 2.349885928847062768e-11
5.105781234717880634e-19 6.742525713483878356e-10 1.434959729249342292e-09 2.138365313224251514e-09 1.379397375167910224e-09 2.579428504312800178e-09 2.588155223345031223e-09 -6.003356491926765569e-10 -1.867053610504301241e-09 1.030377753750403913e-08 6.142178178010970329e-09 3.834478745503420333e-10 -6.560075439141854808e-12
-1.454211638310148298e-18 -1.225792726134737690e-10 -3.591856299276850276e-10 2.722279304648468028e-09 3.075441737164426698e-09 8.651202603960176057e-09 9.137470191862129662e-09 3.557174288281825423e-09 4.915035001332779951e-09 2.041939420593482220e-09 -6.456382363053268355e-10 8.882170353277099185e-10 3.522179641171228169e-11
-1.910971690916414191e-19 -9.138629218062611740e-11 1.490339406755200106e-09 3.822772339360627546e-09 3.654447589888310090e-09 8.214018976730976986e-09 4.822182669638401399e-09 2.148607422752373769e-09 -2.105589829930332608e-09 6.466804414324357597e-09 5.887410870814158296e-09 6.794170980131359737e-10 3.851583813125297543e-11
-6.438157272897924245e-19 1.564065188068865625e-10 2.828198916912224069e-09 1.474828228344853716e-09 3.282061611494913552e-09 4.836145437186501946e-09 4.099606979767723817e-09 5.432623590138416960e-09 6.588055888184484748e-09 -1.235655018665635245e-09 -1.742293101791691967e-09 1.801646902277156595e-09 1.755261054218565523e-12
5.788903204424196392e-18 -3.538587487972559655e-11 6.293162479540755626e-10 2.762668052152829499e-09 8.440535435407788798e-09 5.941823394246362763e-09 9.033862691313735959e-09 9.194793029798080562e-09 8.539275309024176168e-09 2.116916599087966288e-09 1.916766533833899669e-09 -1.867129466753321327e-09 -1.259910460210268033e-12
1.523191080720788081e-18 7.835597738476833936e-10 1.524515277984232232e-10 1.715625363229824111e-09 3.440444961734850377e-09 6.050660399715978431e-09 3.610522390302032753e-09 8.885014815157328257e-09 3.000910014163879938e-09 5.451293398429991706e-09 2.583204284191719734e-10 -9.471781044936415601e-10 -1.323540414655076580e-11
-4.973251319310703939e-19 1.292147103280447179e-09 1.980883794871200470e-09 2.651722495028420343e-09 6.086430037270098646e-09 7.967563485209524697e-09 8.095768511700505324e-09 5.123859593341406175e-09 8.942564164171749870e-09 8.275806015606873376e-09 4.871951156202961103e-10 9.951976986860156376e-11 -2.054413781792358063e-11
1.341031478304627072e-18 1.868843337739256315e-10 -5.890185574813723414e-10 4.025231739290683900e-10 5.510440083709045806e-09 7.572751271221386774e-09 8.976754057471909335e-09 1.165812798538304559e-08 5.777651543856443023e-09 2.050232590500850437e-09 -6.615590037116194104e-10 7.959435346992427113e-11 1.973563725428391481e-11
2.071238063638791405e-18 -1.328271674368389618e-10 1.211977385583582354e-09 2.065375034760370394e-09 5.080983256428757317e-09 5.460320617137121997e-09 8.979277175636607262e-09 7.155000189748910589e-09 9.584495115501957591e-09 6.305222439871405654e-09 3.485904654006301605e-09 -3.604953648367903009e-11 -4.371708778289540845e-11
-3.095537843939463050e-19 4.268980466941661917e-09 6.851526701773037240e-09 2.271804296296748047e-09 3.721344270307998726e-09 1.978264554276522065e-09 3.175675737296472649e-09 6.301396078176641522e-10 -1.052077198990460274e-09 6.303744725438609879e-09 5.430764256281596420e-09 1.214058091060234836e-09 1.872889992427184544e-11
7.275181656434278184e-20 -1.113097461674313242e-11 2.435116283724037156e-09 6.604185180905550759e-09 5.483744182010505013e-09 7.636153565100243952e-10 9.312834243804830489e-09 3.359038985086583415e-09 2.909351011339573755e-09 8.276825277689736983e-09 2.989554431890775200e-09 8.790221288011975443e-10 9.197774593002747654e-12
-3.159653474593818674e-19 5.950961411382940072e-10 4.083279856860092068e-10 1.061657714972876011e-09 6.296059859377211237e-09 4.614962691836563621e-09 5.146377569422157574e-09 5.816265674884278759e-09 -3.220458939420441793e-09 -1.080942713080119164e-09 -2.423994942214310702e-10 1.106551983700786208e-09 -3.987855658760525522e-12
2.929920966505200793e-18 -6.702820326064202931e-11 -1.335002835113157435e-09 2.802759543974386086e-09 -6.989078540234541719e-11 4.325950159718430022e-09 5.702214097133471723e-09 1.105787162786648821e-08 5.199780020768820636e-09 2.499330753697319622e-09 -1.154645614145795755e-09 2.977443275842724285e-10 -9.874436904673020663e-12
1.405058941920677960e-18 1.695673687710824282e-09 1.165765716229553560e-09 1.403641638370664804e-10 7.040870756203763540e-10 2.649957553834918779e-09 4.694483043624221546e-09 7.879332408023890856e-09 5.642214025451393432e-09 -4.446726454513933612e-10 2.389670644363698716e-09 6.277792475483609960e-10 -1.487642656494317759e-11
4.544300828278083135e-20 -5.294801359943956488e-11 5.050852997586499053e-09 1.829846702569751578e-09 -1.949372329693235674e-10 7.555035549846676519e-09 4.250320166706448035e-09 4.954096805249578816e-09 4.648930240411959340e-09 8.735377392345804637e-09 1.351626504376165464e-09 -9.827967065579955749e-10 1.786566394735262611e-11
-3.917484711987247656e-18 7.321924360661874426e-10 1.918915356412953542e-10 1.799166863007398104e-09 6.381497392324753984e-09 5.354582335641753283e-09 7.810479594924652174e-09 5.420921599981029465e-09 4.833875139982881209e-09 3.465064547728912171e-09 5.067896753427473784e-09 -1.172010976370328154e-09 1.670584141133710789e-11
8.745909487701776925e-19 7.908920590286712964e-10 -8.595633594338303910e-10 3.914225558184950780e-09 6.714439116670887999e-09 4.315821860583956948e-09 5.910402816681010925e-09 -7.232407363960382445e-10 2.803024857771820526e-09 -3.043034383347305831e-10 4.456074866663077184e-09 2.770170375932401373e-10 -1.115365092596262171e-11
-2.971360506007197520e-19 -2.986306315467579995e-10 8.892936878149128537e-11 2.027071534972658397e-09 3.983991764241840388e-10 8.765258308590345790e-09 9.766822765297613173e-09 9.199296626751062801e-09 3.048467744804698216e-09 2.300461612788587219e-09 4.200671494152279120e-09 8.050879203683181912e-10 -5.403292192775368330e-12
-1.944079181603401689e-19 -4.413645220827287899e-10 1.202019099709525472e-09 -8.694330860434071047e-11 7.416501961678916314e-09 7.204690754845832164e-09 1.165574166903616533e-08 6.186589155938051657e-09 1.154757799497217262e-08 3.685431867541383491e-09 6.350469669964736743e-09 -6.369072614761827173e-10 -2.660530810073771744e-11
1.489720940649105233e-19 9.000794459028520947e-10 2.215333241718558712e-09 2.040087398737114130e-09 3.840445930691847427e-09 9.547711222665097312e-09 6.344431887446706161e-09 -6.750437074360805493e-10 -2.905436900577250154e-10 2.159532856585807688e-09 5.467800619554080529e-09 3.728305302415371806e-10 2.876661985974047578e-12
5.794760969112074935e-18 1.501690165967045297e-09 -6.564126463702342037e-11 -8.171745854448134125e-10 2.529067448999346221e-09 3.025540854711877339e-09 5.170110094449192585e-09 3.479961241204847073e-09 1.503665940467289163e-09 -4.083539270054604156e-10 1.015289851111472528e-09 1.073141438805480763e-09 -7.681526625774755170e-13
9.272604405231686095e-20 8.800145426976788622e-10 1.255067434813877888e-09 6.544633144496522273e-09 4.688517305052708514e-09 4.280693833200779445e-09 3.322260800943050324e-09 8.524757736461283393e-09 6.984380205938927141e-09 4.332678685112591905e-09 4.850125622982419148e-09 1.817330089688925245e-09 2.258865897884523169e-11
-4.501475832438379307e-19 1.760292486508387509e-10 1.044005951600579335e-09 6.526076545979461547e-10 2.281566933462160509e-09 7.728738343992495978e-09 8.304171043758955573e-09 6.794313372833894103e-09 2.466586885215856853e-09 6.868861256815081285e-09 1.601201291631567198e-09 3.231306565164376176e-10 -9.003773229332431925e-12
-3.997198840183280527e-18 -2.726205033793301113e-10 2.080607911047000458e-09 4.531079380955100951e-09 3.013325382832508855e-09 2.404357794990552727e-09 8.484683740726908766e-09 9.007135008175665445e-09 7.914459496525512035e-09 6.761909993563307991e-09 1.548905374561564656e-09 -1.812814624107289048e-10 3.836613055705275812e-12
-2.067253606268794234e-19 1.562841286075596691e-10 1.453434172800979738e-09 4.073617797810689040e-09 2.194786151368411133e-09 3.451722195229179182e-09 9.566306129868606238e-09 9.425833858630283348e-09 -1.247419055629012590e-09 -1.565266391404680232e-09 -7.456956385178730144e-10 -4.688984548300893966e-10 -1.669341182604718187e-11
5.521081616032933014e-20 1.151988407858141349e-09 1.223523237757606302e-09 -3.521937868419378786e-10 1.405475047661983991e-09 2.866622613837519594e-09 2.721068940868980454e-10 -4.450503506382331080e-10 1.593128945230243462e-09 -1.580589734016446038e-09 9.561913210181251969e-09 3.053624246467685003e-09 -5.645058096840985017e-12
-1.551792856642202420e-19 -2.568850176654727387e-10 4.681710397072472651e-10 1.261636316887678087e-09 9.136493492625588920e-09 1.590669882421916934e-09 5.685039589170270512e-09 1.367998722459555291e-09 2.713332983165961226e-09 -1.948758752886618971e-10 -2.780136923759258166e-09 -5.446045224397965495e-10 8.608224512710989649e-12
-9.116600686594450649e-20 3.881604750442647694e-09 -2.962451488164046740e-10 9.115866526948037024e-10 3.062378648273939494e-09 6.046689890863443444e-09 6.673148601911957496e-09 5.874302502317708628e-09 1.461650913397112214e-09 2.878285137695089612e-09 3.686003270922766066e-09 7.433971187804587019e-10 1.019774401299449772e-11
-3.400649431206508018e-20 -1.322190501782150978e-10 1.392522153419660324e-09 2.260107189992634844e-09 1.764962667698456569e-09 4.206541204976528879e-09 8.426200209414602237e-09 1.259444409565326127e-08 7.789147712862516480e-09 5.435810065933001258e-09 1.065783181554935889e-09 -8.437883267609264097e-10 6.309232708695245970e-12
-8.989106030743831267e-20 -2.007043638438552883e-09 -1.332430580200940180e-09 4.135978053109184380e-09 3.589079399204354813e-09 5.725141665329396777e-09 5.874505324326105439e-09 5.459347255583718245e-09 1.890084329398191990e-09 2.404805692210969532e-09 2.562489937352227999e-09 3.339046169615661346e-09 -7.376242978657204375e-13
9.184382981556815627e-20 5.135520951751348935e-10 7.128555538557243596e-10 1.266306694412433143e-09 4.116331326190911367e-09 3.763338991358618722e-09 5.207667341486450394e-09 3.286250048015743342e-09 6.238074434763371911e-09 2.999354145126615240e-10 4.654053138719581900e-09 4.697021498824269302e-10 -1.467758548741456986e-11
-3.070438356662307911e-18 -2.192805698103231143e-10 5.765101102424218030e-09 5.178354042747519919e-09 5.314769749031184729e-09 2.754807373095789195e-09 9.599339291215644071e-09 7.418009514583575896e-09 4.456107386382410776e-09 1.004353606326686428e-09 -1.029524858462385926e-09 -1.601354287844716331e-09 2.169875093333411158e-11
-9.213647675595581801e-18 -5.039393067914329364e-10 -8.238875917019407081e-10 -1.051367792105185969e-09 3.469804611453285419e-09 5.391541451068702279e-09 3.543904095256393602e-09 5.078594592049771250e-09 4.358195578443628929e-09 1.853369169224508462e-09 1.865667161791254648e-09 7.418895444083015251e-10 7.262827482304543626e-13
-9.264470116074955487e-20 -5.973702408673859433e-10 3.769004804049497009e-09 4.576008011766495821e-10 6.727690705103393953e-09 5.493997571491316463e-09 1.785444429880617856e-09 4.188942556592393940e-09 1.750822425415996685e-09 9.568123102707206218e-09 5.106296039448633431e-09 3.992242489788329353e-11 5.769452917563269751e-12
-5.907475157585825974e-19 1.723842235713048707e-10 2.164663568207473793e-09 2.280492291065820479e-09 4.875167940439035782e-09 1.046406199848936902e-09 -2.598886086685268560e-09 2.579223544332617535e-09 6.506961192759589050e-10 -4.170338516658627405e-09 -3.897126024187846714e-10 4.190872958832608663e-10 -3.599228027728526936e-11
-4.387787554134923075e-18 7.280515899801740665e-10 8.950283488179536325e-11 1.365962796050497093e-09 5.078430024745453588e-09 3.902798523264853164e-09 4.961603711524046461e-09 8.618309915588846638e-09 2.539468962702172454e-09 1.680540596782777430e-09 -1.318318292784671361e-09 1.293907314334425937e-09 1.415679486824722210e-11
-5.715229711293670460e-19 6.549908377345494281e-10 1.932722599974598444e-09 -2.760493201395064540e-10 8.625321887057028374e-09 9.642569748548291459e-09 1.204417484449494891e-09 7.271748833046158158e-09 5.330245288777031022e-09 -6.140821513002011326e-10 -3.353087050043310287e-09 -1.104478125103072726e-11 2.179630913424821483e-11
-3.480118525126044799e-19 -1.053714490957648727e-09 2.814819916920405401e-09 2.599127602611681293e-09 3.590412568954752952e-09 1.155501895586082295e-08 8.448222782345757646e-09 6.986946427844032491e-10 6.818884088585157350e-09 8.792734402713782152e-09 -1.180097487877253207e-09 -5.809540338685512652e-10 -1.181266053771640041e-11
3.463841438812481684e-18 -4.414776010275839546e-11 -4.338626229949908110e-10 2.949831417187468101e-09 7.833890684954637596e-09 9.462250624777465116e-09 6.918069840986624212e-09 1.662860914807527920e-09 -2.778426849894102806e-09 -3.648485249109725584e-09 -8.540063717665398323e-10 1.234304386273911765e-10 -6.375263104719417402e-12
2.234804332265484444e-18 5.587423185128098169e-09 4.420042281722675376e-09 2.476639714124231535e-09 6.098203481906976897e-10 6.779550344418064387e-09 4.391604911423237208e-09 7.583428994080943933e-09 8.864330030162644867e-09 5.240526619109239530e-09 3.208451762140473767e-09 -4.162252479190738868e-10 -1.505486044243276615e-11
-6.042533254686959632e-18 1.101004490573241094e-09 3.702122499955644924e-09 3.068538313516439034e-09 2.655106340424046052e-09 8.527393488739216990e-09 1.081746276733151961e-08 8.553298053505714296e-09 9.793833189606855761e-09 7.156672752017820154e-09 -9.521994764488762413e-10 1.194319701499986136e-10 -2.796781626926254294e-12
5.015615013488020438e-20 -1.158831479893203998e-10 7.582284474441545947e-10 2.646282843784499700e-09 3.417249583830026719e-09 2.355861413033182431e-09 6.306682955356269598e-09 2.404141297688657536e-09 -6.160129491466544602e-10 2.646173847105818039e-09 3.468721964271675284e-09 4.621143015780611500e-10 1.183406405006944569e-11
-2.417482356261671132e-18 8.499518224322058261e-11 2.130018312932502687e-09 2.199726971060417998e-09 2.349395894321774958e-09 6.664701430756224969e-09 1.922138229077873856e-09 1.752694215314705344e-09 2.079834518423424065e-09 9.680753024803684632e-10 -5.945708309998203627e-10 1.447790257043282131e-09 1.201789870232791846e-11
4.473595053186809483e-18 -5.715755105198492669e-10 1.055054986197216932e-09 1.384156595710144622e-09 2.748271239267505723e-09 4.786749996652946660e-09 8.330257398289736395e-09 3.887432782052603674e-09 6.716183302762765959e-09 5.719639120188610123e-09 5.583668214850294808e-09 1.242837086193524391e-09 1.328910368581105562e-11
-1.722065381854676664e-18 6.093798332268707432e-10 -2.507031918011328093e-10 7.349398650570735658e-10 4.621826416957251406e-09 6.694541874283476820e-09 4.502750555448853510e-09 6.514845962407492931e-09 2.782380824254276325e-09 7.096030468783587663e-09 1.884357034134293536e-11 -1.244300982738078418e-10 1.115436060627322314e-11
-1.004207316804736224e-20 1.545175557510033436e-09 3.706194624849895076e-09 3.966998116713496398e-09 3.716302007338243360e-09 2.425971387645263541e-09 -1.371986419930411685e-09 7.995274443693046039e-09 6.616243524384370604e-09 3.877458724938095432e-09 -3.971994714437220603e-10 2.689548631311289286e-09 5.276763965193276739e-11
7.895767297109528151e-19 -9.725850045696964359e-11 3.123762786434287211e-09 1.881045909112688746e-09 2.376046604392568140e-09 6.980804926557572040e-09 1.265246591899952036e-09 -1.738674720663845208e-09 2.507141431599742954e-09 6.769386589377082786e-09 3.114104330432584322e-09 2.319989559227262268e-10 -1.811056425448187818e-11
-1.104649818105351240e-18 2.020905405846856093e-10 2.017662187220477798e-09 3.169815772583558535e-09 5.412261633579849202e-09 7.600593232338525855e-09 6.721144810833084964e-09 4.267608770170374816e-09 2.230611825233251053e-09 2.920020740123309884e-09 -2.518779642976369460e-09 -4.595568850698609271e-10 1.186539482342909370e-11
9.781343429932184270e-20 2.738373358946944488e-10 1.918043091727221091e-10 5.285709970360809887e-11 3.117362922806570317e-09 6.531852029253079570e-09 1.105482464828810332e-08 7.712378958360958693e-09 3.613182596168746035e-09 5.081411252937390028e-09 -1.824752379005183569e-09 5.288774785696167242e-10 1.281229434360727379e-11
1.730043808312741558e-19 3.058799862934862478e-09 1.769959151698630582e-09 2.713384656188997423e-09 4.051684987588312232e-09 3.176084796032010400e-09 1.242982369984571214e-08 8.365201390667002681e-09 3.953930545955771279e-09 7.310524689178868876e-10 1.942304689682297927e-09 2.555002301333899437e-10 -2.021792977915239531e-11
-1.991598585289597920e-19 -6.289677751337579634e-11 9.671339026244618468e-10 5.223354952183549698e-09 4.597662411046867175e-09 4.438888697908871035e-09 9.009478308610723602e-09 4.850998188785830073e-10 4.779657158913218864e-09 3.446136859392297209e-09 5.915096397421118510e-09 7.051954519060465416e-10 8.574612309533776039e-12
5.199790386573032962e-18 1.544079037658665867e-09 8.524045407990821483e-10 1.912886587752180016e-09 3.496501177719913406e-09 -2.737593833344004345e-09 6.963413457088130842e-09 2.100101444015303873e-09 2.111741949087615845e-09 4.849241301848802537e-09 -1.915097457741398631e-09 7.880619267988755299e-10 2.535816181138314148e-11
-3.265178107164434499e-18 -8.044835519413383985e-11 1.550798957475281588e-09 2.374266714790140824e-09 6.393805416911674589e-09 2.036523312742841136e-09 8.216248202037705134e-09 8.703063908189462709e-09 5.949851893249428931e-09 3.435382156031908192e-09 -1.886074672402721246e-09 -1.820390358317644200e-09 -8.958505641198937905e-12
2.228175834720248289e-19 -1.177261217786603887e-10 -7.878491706719699395e-10 2.011434611677448676e-09 1.272144513288961254e-09 3.907768749504126786e-09 9.305195148496455088e-09 4.169953328864978958e-09 -1.629465130165608928e-10 8.696387798875401961e-10 -2.265061499863123214e-09 5.231555934188986490e-10 1.738693959845640827e-11
2.992291308709315313e-18 1.253967039578840071e-10 9.988879233379025798e-10 -8.854514646053125176e-11 1.965917093366524832e-09 1.670616326185370532e-09 7.412927824206240473e-09 3.735566825232922455e-09 3.919608697955871138e-09 2.903517299461143826e-09 2.023827168068793715e-11 4.611197941736896567e-10 -2.524778619433243474e-11
2.220368836420093876e-18 8.012131676201480757e-11 -1.975186809123389697e-09 4.588331778815474554e-09 4.722014387933863123e-09 2.850755941082116328e-09 5.464598324721426470e-09 9.192000734635280525e-09 6.191005757577292872e-09 3.483158585048036445e-09 -3.370292627700947318e-09 1.210463926205356820e-09 -3.760215771618273500e-12
1.166880697542786558e-18 5.764914501253738926e-10 -1.379155898756655679e-09 -1.306493853974104302e-10 6.106707241768664151e-10 3.427953402969225384e-09 6.499367754337846565e-09 8.100100836526974454e-09 7.740392904151543063e-09 5.229659106567962992e-09 2.103946667564447969e-09 1.583657264608308686e-09 4.055300051815900719e-11
-3.982900486035633178e-20 -3.838769507582736051e-10 1.805307823560005912e-09 3.142934945977749019e-09 2.990150235693869260e-09 2.778104358345262135e-09 9.439774435839601527e-09 6.529878853095303898e-09 6.055068810203466301e-09 3.457153845428108013e-09 3.329424671436073831e-09 -8.636650396782353314e-10 -1.303115759652632147e-11
3.601907783383298267e-18 1.379260121346158039e-09 4.216501738077347669e-09 3.617405212129449706e-09 4.619884413142218825e-09 8.239744327973821481e-09 1.016159931155655846e-08 6.328076872065324245e-09 -3.035900521850164566e-11 -2.391753640402948958e-10 3.844149430160739133e-10 5.442706997025058773e-10 4.190525987476322786e-12
4.979723783234260696e-20 5.404292543564900390e-10 6.262410213368982964e-10 5.517750469705199160e-09 4.105951349340641811e-09 1.329713693778439701e-09 4.173764330855060242e-09 1.863792597911236433e-09 8.762582026632523629e-09 -4.817321229928844028e-10 4.203481136726075546e-09 1.295366826164954921e-09 1.602018238991190424e-11
-5.979502158315567950e-19 -5.619848080150820786e-10 1.979784276855891870e-09 1.344377179658659696e-09 4.871137801694465749e-09 4.366430711605937912e-09 3.886107121235068260e-09 5.129912364885798834e-09 -7.668318593360214413e-10 2.487154818989646449e-09 9.322309044843593820e-10 -1.205971998436605212e-09 -3.152554446770687207e-11
3.530012944158277082e-18 9.390343082843155144e-11 1.933444425625314690e-09 7.630324411882185142e-09 5.323356818356058778e-09 6.474248916016078346e-09 7.867868199671133553e-09 7.674411230375031770e-09 2.064138539801809157e-09 3.793453224675232927e-09 -7.686526787226363419e-10 -1.940725463004042794e-10 3.469067010225561258e-12
-7.794710334475332604e-19 -4.323206973904709649e-10 2.340257261617770619e-09 -8.188658355083359274e-10 4.169612176896764341e-09 8.919445816020323063e-09 1.027790810671196346e-08 8.227708611616073233e-09 -2.378421785572224970e-10 1.962086185640365240e-09 -5.780402295969336980e-10 2.123925218326561852e-09 1.682732735916383806e-11
-4.161672866773281065e-19 -3.708327368116148085e-11 4.095678701124755596e-09 4.425178915049559327e-09 6.457868004159146772e-09 3.694348412117293182e-09 4.089380436539732367e-09 4.398988248916908510e-09 5.590092650343165487e-09 2.876639832000543727e-09 3.969672880897433487e-09 -1.253919808043697306e-09 -8.580589337466748707e-12
6.033956831086558260e-19 5.460921832287255188e-10 -4.113916934975198015e-10 4.422755471455353585e-09 3.341004018445341813e-09 3.747754416088758210e-09 4.016850188219181117e-09 2.686492459546476405e-09 6.034554937510790709e-09 4.316596340136020231e-10 -2.810178219205913477e-09 7.555077759462028283e-10 2.067055631726424106e-11
-1.028021786428201087e-19 -1.782135606981311678e-10 5.265742450146290625e-10 4.885131207743399049e-09 2.899050620992601540e-09 2.565948591949894185e-09 7.055366091309325541e-09 1.024631347747473396e-08 1.115048601391359149e-08 7.512449807678046766e-09 5.413217129163974223e-10 3.626687303031608965e-10 5.564649502317167395e-12
-2.911888553787484458e-18 -9.036139784529609018e-10 3.478632568906166636e-09 4.836447363217536963e-09 6.859983073134515680e-09 6.762531669571891856e-09 7.135048464114514913e-09 4.274151041258840939e-09 -3.121246067087446211e-10 -3.323171673441578004e-09 -4.047237359239111297e-10 -3.373222521058856446e-10 -1.404018528234545459e-11
-2.546851010181319734e-20 9.834567805434936042e-10 1.370662524727619845e-09 1.510535664830285142e-10 4.772615928829444589e-09 3.359733885212809352e-09 4.180497532749101830e-09 5.243529072026548433e-09 2.466053186289288165e-09 -3.999208878449694644e-09 -3.323810477038842289e-09 1.095701557600027654e-09 1.692011176365336856e-11
9.365413805535709211e-18 -1.897576497885044703e-10 1.265012778804288747e-10 -3.735483278655034660e-10 4.033155438740911696e-09 -8.206552462562325284e-10 5.887461705859826847e-09 5.709546885472406235e-09 5.603204781297781075e-09 1.392236454622601295e-09 -6.980341082187628914e-11 2.180450554215476620e-10 1.674939665724879675e-12
4.456049615792848906e-19 1.628300036081305079e-09 3.842238113626883532e-10 3.463295090523434587e-09 4.542608564559096613e-09 6.315515180256362046e-09 6.920968367963467181e-09 2.907972739635292391e-09 5.782628615781959527e-09 6.582352346694050720e-09 1.952551206318204677e-09 7.300706025562773245e-10 1.402778688450922648e-11
5.339383396004451607e-21 3.516770200623907292e-09 1.866545584514225374e-09 1.860788255975014874e-09 1.160679450633925370e-09 7.271333447101539093e-09 2.757354053257751834e-09 3.396910316306164784e-09 4.973394579307985310e-10 6.031828773213176001e-09 4.595728481379767104e-09 1.008257113564033545e-09 3.531425325717724903e-11
-1.389343698436391116e-19 -3.716284692073929998e-10 -3.975637324502371255e-10 -5.629416287211149192e-10 1.151707897978738367e-09 5.301194273188437329e-09 9.806833654874420317e-09 6.101597256192114889e-09 -2.862897591147914441e-10 7.266655510918765083e-09 5.467336521446127263e-09 1.278757222986548020e-10 -2.289120048433637173e-11
4.498956885184301140e-19 -1.659466759270000185e-09 1.293244383252974037e-09 3.164217744154776762e-09 2.314505984151680689e-09 6.590661899617193895e-09 3.003762223057724358e-09 5.440961144850039423e-09 7.634757218734284863e-09 -5.043603317174539355e-10 -2.723527113393585548e-09 1.028755319791132252e-09 9.408221101006352761e-12
-2.516077413550083712e-18 -9.393097255097714570e-11 9.220806959205752788e-10 1.822057109041027246e-10 2.876871106931059420e-09 1.803873791188761136e-09 6.756805512250351073e-09 5.013170458928903212e-09 5.097797773597888359e-09 4.257314050669640449e-09 3.176802232625761437e-09 -2.877403807713756151e-10 -2.715946953761801150e-12
4.136220993597613243e-20 2.937656151692467761e-09 -7.929173460506545179e-11 1.256000642213905444e-09 1.704559359203914345e-09 4.112643988229094989e-09 9.267624981126595747e-09 1.601953670559475856e-09 1.960935366268134864e-09 2.016268548373424661e-09 3.004353626371444971e-09 -3.117472704449061981e-10 -2.129474910883289610e-11
8.477492097652592845e-18 6.304808041956171536e-10 2.962759499016355340e-09 3.171641023992187890e-09 5.856073350276559831e-10 2.998505744005457782e-09 3.248370125019502087e-09 4.782799690582318329e-09 6.459710226533837172e-09 -2.447577061524566737e-09 3.986273675212831980e-09 4.890170146162989320e-11 -2.506649556348856457e-11
1.101878588361584754e-18 -4.741053531942596745e-10 5.363089147812848716e-10 1.606005334359330543e-09 3.943879326483722575e-09 5.719132629282214240e-09 5.864690559924912218e-09 1.929157090099531384e-09 3.749449347150342433e-09 -5.636277551862240755e-09 -1.720098405821091853e-09 -2.514499309921724808e-10 5.363046834148634577e-12
3.449966057823571927e-18 1.390983050121069286e-09 1.024189268032868149e-09 1.660304741774761671e-09 1.714390705640690726e-09 5.512244507889730749e-09 5.503801628449193496e-09 3.945383565997709207e-09 -1.843443720090166018e-09 -1.338359858332886871e-09 -3.878358945812481189e-09 -8.513806318996197854e-10 4.707357059273711841e-12
7.036218818023713384e-19 -1.095296916833155555e-10 9.925536026197148730e-10 1.533421454617682946e-09 2.021309403675527149e-09 -5.569846439155612392e-10 6.554150152024804345e-09 2.905148079811076260e-09 1.353442692373729000e-09 3.550354886769416252e-09 7.413458900998276946e-09 6.821777841607827440e-10 -8.569895987505884950e-12
-3.762332104649624569e-18 -5.496587756203741525e-10 3.615944107165571883e-09 6.241802495474670711e-09 4.130741983717830964e-09 2.931236724735992582e-09 8.567483914506673657e-09 6.159695388312533432e-09 1.979086758336911273e-09 2.206562828692042857e-09 3.303609004298945760e-09 1.564049026933327153e-09 4.619859027776422345e-12
-6.550403217718740722e-18 -5.927801886082299620e-10 -2.052510392813279788e-10 3.529237610812331075e-09 4.565973356925119625e-09 4.194159766815617199e-09 8.920953425814913263e-09 9.320510373123205173e-09 -3.970643644975803473e-10 5.674655212606150279e-09 1.337987640496892337e-10 1.138848081659785027e-09 1.565936352790654841e-14
-5.409398022975075144e-19 2.613300262462626991e-10 4.701556545075430456e-09 2.614331804936081773e-09 4.309839045017084861e-09 5.702886117961366670e-09 3.249027667743157288e-09 2.642500049822360420e-09 4.165190359525582675e-09 1.431330457035388656e-09 2.848722074825083045e-09 9.706807324390836362e-10 -9.310403866803826987e-12
4.470245586122609393e-18 -4.100058729141003987e-10 9.557306467675948538e-10 3.463088146404388267e-09 9.758581868730101445e-10 5.943660518491228320e-09 7.188729127078559275e-09 2.009491713926006626e-09 7.562120576138807795e-09 -1.137179887022614383e-09 1.984340890602920605e-09 -3.162713952015037639e-11 4.366121383230687379e-12
6.076304115182342042e-19 -3.365257366273874859e-10 6.916224400647538163e-10 3.345277796155764516e-09 3.458242265658721042e-09 2.783012031417036525e-09 9.331974225345140373e-09 1.878275113708171880e-09 -3.396230272081641091e-09 -4.201125999875265625e-09 -3.241016905692361554e-09 9.900714951831688227e-10 1.110148236931108616e-12
-2.064578738984278959e-19 -9.877878251665023971e-11 1.919475986169260199e-09 6.067898949292212343e-09 3.143066002870023853e-09 5.228606323698170607e-09 2.629024661319282521e-09 1.741562775185995477e-09 6.309447079306822836e-09 -3.433458399525474770e-09 -5.824772677864904030e-10 1.528027433835432470e-09 -1.943590451128158739e-11
5.891059878009179000e-19 2.815448615624553380e-10 -4.312784248957316070e-10 3.177170668256064613e-09 1.033399534238176443e-09 6.417923437253540876e-09 4.785691061966552848e-09 2.346798165466857632e-09 4.041108737344065833e-09 -1.184426395329091100e-09 3.695807562234029306e-09 1.510825330206572356e-09 4.027092772854029287e-11
3.032213521783717500e-19 1.276632879646773585e-09 2.115578567266583204e-09 2.050177069948238784e-09 3.551422084957856604e-09 4.681678433932150843e-09 8.366961405292466019e-09 1.754311812728107744e-09 4.025582896616798377e-09 6.539578057978109520e-09 1.237044222697547111e-09 3.926708548203597731e-10 9.378158592885596556e-12
3.365666431375371413e-19 -1.015868312507368947e-09 -1.048979520372674477e-10 1.348362790802067414e-10 8.363420079703795927e-10 4.651303269423311332e-09 5.542428230966392249e-09 1.327184147365836764e-09 1.725023430961354976e-09 -3.275612278705137307e-10 1.573828609659612018e-09 2.362182673961177710e-10 -5.208126256231788701e-12
-2.619124209629429476e-18 3.225634404241462075e-10 3.766764582613087812e-10 2.418139982771056706e-09 4.021843202467154713e-09 6.317614379139701282e-09 9.035258183646911357e-09 6.380254702888311229e-09 3.740014864983069528e-09 7.271379740666670195e-09 8.134887598618882462e-10 1.372097416195963590e-09 1.983381617663480718e-11
8.877367350491748150e-19 5.508471421566575464e-10 1.995758961580952319e-09 2.982113343772311423e-09 1.755949881780767041e-09 4.075194188022753908e-09 3.704565467056548144e-09 5.429418527583280088e-09 2.588749945237740230e-09 5.356910240285652035e-09 8.779830728145083264e-10 1.970892523575103622e-09 3.217413411011169885e-12
-1.484401517714250614e-19 8.309208724125176575e-11 6.178317498967201572e-10 4.923233879430761478e-10 2.084897822865402357e-09 3.855564598312573150e-09 6.262143796084206823e-09 5.091532316190586459e-09 8.299920255698303407e-09 3.804023577522344345e-09 5.801145466608445187e-09 2.996640662623925002e-09 4.187118048690331358e-11
1.280759012046614322e-19 -4.186674493717066697e-10 -6.126403376724742611e-10 9.474276045489327111e-10 2.035334631718133117e-09 2.349432521004506918e-09 7.870148833198169058e-09 1.053440664966439792e-08 7.992949729855318694e-09 1.581671846922336029e-10 -3.675535316129490127e-09 -2.620952243091199677e-10 9.344383778267570186e-12
2.035579493279721844e-18 1.407933687162837516e-09 3.046334167546375850e-09 4.040942587906685110e-09 2.125399545590406430e-09 6.313152845314555299e-09 9.762043991095398185e-09 -8.292780111401396213e-10 3.776312716546373994e-09 -2.559876234081645404e-09 1.581065645055075896e-09 9.285660586400303439e-10 -4.807835890830082823e-12
8.280824785813339107e-20 1.526274825965424032e-09 1.499296813384522634e-09 6.563444049604372624e-09 4.066730294955780835e-09 7.983162752964460647e-09 8.928113123653684825e-09 3.568824947809746106e-09 2.595955723116296415e-09 -4.130936019292490743e-11 4.875093296607950459e-09 -5.557060241053533079e-10 -3.460288718548273205e-13
-4.809837307364086890e-20 1.207712367547898524e-09 1.645316176905937126e-09 4.942383178931962124e-10 1.191750238832584056e-09 3.660462182219935820e-09 6.189763061984342513e-09 -2.066549068483068637e-10 1.065962833485368344e-10 6.012925227178043858e-09 -4.748620602653359940e-10 5.694402221416702016e-11 -1.155365653160651695e-11
-1.005661474268983035e-18 -1.108115338412810823e-09 2.712982938012107702e-09 3.695447669442665405e-09 -1.282243592969116084e-10 4.019741790918018619e-09 1.074537367514813359e-09 1.235338845533352700e-08 1.592433570940862351e-09 5.861401211994313284e-09 3.286331587024165234e-09 1.562243510400609254e-09 2.607197694622432036e-11
4.883694569309174544e-19 9.839994172924127998e-11 2.422076712827116598e-10 1.160332920569520928e-09 3.044525272510734544e-09 8.822706802396577196e-10 6.089809396154394215e-09 6.300277583363013267e-09 5.513151293742825068e-09 1.077893185882202422e-08 8.146023729057726542e-09 8.153256242473415025e-10 -2.210918627922446763e-11
-1.356999621119145979e-18 5.192957408215757425e-10 5.008398341731681355e-10 1.500780499326206814e-09 4.651472194495933322e-09 5.676361475402930931e-09 5.225659745117722615e-09 1.510959918389135465e-08 1.700839163557900552e-09 8.282428076574048310e-09 8.269317760152097306e-10 5.789306681591208916e-10 2.254198775890832087e-11
7.691022518806504392e-19 -4.768016201910583801e-10 -9.285092623300000166e-10 4.624569616457020671e-09 8.733165923234109897e-09 8.305242004504602247e-09 3.420213117334307660e-10 6.239592735341987321e-09 2.841683478961331066e-09 4.840337756351193621e-09 4.929914594208436425e-09 2.599195663560171792e-10 1.235203808186825596e-11
1.631888744661386628e-19 -3.002860731394722729e-11 -1.679576640045338058e-10 3.387155048502948147e-10 1.534432327712783033e-09 5.028503005675327832e-09 6.567114660014474996e-09 9.177093251889822322e-09 -6.200257666548505362e-10 -1.242215730258140612e-09 1.754454177342665205e-09 1.251779112976067382e-09 2.844476198937890077e-11
2.701783296681599642e-19 -8.812479220158347797e-11 -2.377160006514737491e-10 8.761660640572204126e-10 4.785884231294122046e-09 2.352641896300146893e-09 8.673987022212939035e-09 1.035647435861735923e-08 4.804530248568112961e-09 6.651282568708970293e-09 3.648337067660953066e-09 4.405587392179945106e-10 -2.561379377063489300e-11
-1.329549313881361344e-18 3.123506096192026176e-09 6.339866067210986460e-10 3.011528672353569047e-09 4.368185179623664691e-09 7.759192712333786120e-10 7.276415476125080393e-09 8.495434567861914084e-10 7.534376153271669519e-09 3.756576097327743261e-09 1.630437048336655074e-09 -1.924114475122616360e-09 -3.634777305766392659e-11
-2.032190068955513022e-19 -7.506121528966606899e-10 -1.996035953622376948e-10 9.478478845907552637e-11 2.757972226056379152e-09 2.258620262389937502e-09 4.154840800313046030e-09 7.687876836078615180e-09 6.520284655659685951e-09 2.261836625861065526e-09 3.733745552393448119e-10 -3.820234663972498834e-10 -4.713462976424575956e-12
-2.276116034689816315e-18 1.047933758222145588e-09 9.937930013164034160e-10 1.026862233565816489e-11 4.977923957303369254e-09 6.397084365688408972e-09 8.846659496964651207e-09 1.425095572046088925e-10 1.924710087229746747e-09 6.387808696383267014e-09 3.012631744140906331e-09 -8.084820104726854784e-10 2.000464294981674916e-11
2.464665628842807833e-20 -9.890711475220629454e-10 1.014677539702159617e-09 1.980953975839849188e-09 4.782544398596719592e-09 3.105298013808794950e-09 7.060250389354646689e-09 5.999870528913157846e-09 5.963408068899447850e-09 4.055799492961472026e-09 3.381220563051664852e-10 4.718033024521951049e-10 -2.810630997154219481e-11
8.553658155881077378e-19 4.172527869899854471e-10 1.977529143042313827e-09 3.382957693636934397e-09 4.411545950766532643e-09 3.374911348552800677e-09 6.834571547205418673e-09 4.728769273705680070e-09 1.241282850391197449e-09 -7.131644685269854107e-10 1.193095460639639935e-09 -1.223047022680977970e-09 1.641305190322768350e-11
-3.720479763155563520e-18 9.443039892989253480e-11 1.535610482669102459e-09 3.327631989447682808e-09 7.082598479916686552e-09 8.755754717990800645e-10 7.283783500061455928e-09 6.425585138943638451e-09 3.028315046443204240e-09 4.509028822897267414e-10 -2.885201883920774917e-09 -2.213520313888725530e-10 6.840259001186402378e-12
-2.986565076756665380e-19 4.985062516466322686e-10 1.506304626381933721e-09 4.126882080989900566e-09 5.042599281461767147e-09 8.291996813929587223e-09 8.801398528689037525e-09 7.462364711975124866e-09 2.664378409858647247e-09 1.002687334452227553e-09 1.597991162849370421e-09 1.126384943856299757e-09 -2.951309369323621191e-12
3.729393926136161337e-19 5.848026357471677827e-10 2.728449710919933795e-09 1.729328333946565007e-09 1.654054988198310866e-09 3.894408548332898073e-09 7.526610739657976858e-09 2.836586357761668227e-09 -2.359306778250116703e-09 1.846598942481306966e-09 -1.678420902507887083e-09 8.126436024594248973e-10 1.970478313040186337e-13
9.538695803509532687e-19 1.608257235894325938e-09 4.956864643650867330e-11 1.196359228788126093e-09 6.277297405580683008e-10 3.384628112073184465e-09 2.033789591359211083e-09 4.807540879855661447e-09 6.740960756659767272e-09 5.751872114892801811e-11 5.205981332646636931e-09 9.028311350010038495e-10 3.492863829023748024e-11
1.863923940038984185e-18 1.680202356326769056e-09 3.265728302671675845e-09 1.391896636407780260e-09 3.063410336329557813e-09 1.828664081002475848e-09 2.129384753386579798e-09 9.187954482575653485e-09 4.257229691086508616e-09 5.470672614162886868e-09 -1.106579243543180430e-09 1.207588570440121921e-09 1.855719498316018810e-12
-4.847514271685527045e-19 3.308327973916558074e-09 4.350210577720283318e-09 1.870018711103324895e-09 2.644324574686678082e-09 2.723328909617587628e-09 5.749885617597433038e-09 5.458273033201166291e-09 1.941646087283722466e-09 6.698416409658830854e-10 -2.545479722542556103e-09 7.794036208518964725e-10 9.141816735196942626e-13
2.396936242860525267e-18 -8.647761418699461605e-10 1.206355412104175408e-09 5.794517796861823255e-09 7.292974081937101352e-09 5.492431948909203571e-09 3.794402864756418358e-09 7.112278828294156842e-09 4.112100791601528269e-09 5.873407476009592455e-09 -5.281296349797701014e-10 1.884453267833985721e-09 1.100068573162510925e-11
-8.542522725712237740e-19 1.427239927342596900e-09 2.548270374500990522e-09 2.112651325241801589e-09 4.860291678549985487e-09 4.612238974330670959e-09 6.849187003115267112e-09 5.975389926765398184e-09 7.641963246062453760e-09 1.157452530343030672e-08 1.209101275719398446e-09 -8.486644538849484493e-11 -1.610895939469906203e-12
-2.120103890169823157e-18 -4.092329725251703292e-10 1.890819591506306571e-09 4.739954000381798434e-09 3.504092069283218182e-09 6.586436242941936976e-09 8.322070598648429243e-09 4.631666728461270874e-09 7.583808565453460631e-09 6.830795572226028167e-09 -7.648080974507515504e-10 -2.894383384717241409e-10 5.454262364107148898e-12
1.431768937741969175e-19 1.893815585890108388e-10 -7.450625142834568055e-10 6.437167038070242028e-11 8.428509498912758280e-10 6.621367484863762652e-09 5.602209521400538130e-09 6.932386528931758210e-09 1.136299166726638817e-08 2.015243608548931557e-09 -1.755311073531650955e-09 -6.267396044698126380e-10 -1.042477093525871329e-11
3.943353133715638913e-18 1.410018186351805376e-09 2.221203886898001049e-09 2.136625004009845651e-09 3.814012059826878357e-09 -5.592840035028274009e-10 8.908294652887322617e-10 7.921980252428589926e-09 4.898442493730267773e-09 2.010494240295643884e-10 1.290169859128858563e-09 6.960713232366810606e-10 3.354359667460788394e-12
-4.238086791536544614e-19 3.356035228671263358e-09 -1.588375743769463184e-09 2.896040037935172350e-09 4.630220049076476604e-09 5.818917275020655901e-09 7.095544528286966855e-10 8.290737831945358302e-09 3.130409076605032581e-09 2.376767853112568966e-09 2.969668532066504182e-10 -8.421863368638929754e-10 2.275782024433718211e-13
2.830525077680248359e-19 -3.703141163253376925e-10 1.870905992751396100e-09 1.963367049314121176e-09 -6.000392947256231472e-10 4.459803684145530308e-09 8.658074595600483868e-09 7.225027732709211968e-09 2.577207577221229017e-09 3.257401116907862351e-09 5.197298860116726063e-09 -3.824888897738778312e-10 -1.148030965649572473e-11
7.190109217767735525e-18 1.084135156257618486e-09 -2.107962185160053184e-09 1.772296625101335137e-09 5.802574610640172254e-09 5.274304362730842348e-09 5.474816649643347522e-09 3.378843485147247664e-09 1.252349552907605514e-08 9.421050419765118405e-09 -5.635992685060904649e-10 -7.386677224124372782e-10 -2.942782842418292461e-12
1.056598533218466077e-19 7.698276358255537849e-10 1.614231942284199990e-09 2.899196436520682240e-09 2.856916592789203398e-09 7.400292663758568653e-09 8.668442166027433107e-09 6.585984695118120529e-10 -3.450904928507390206e-09 3.057990877486718720e-09 2.576159262087103592e-09 1.786547647281603290e-10 -4.503674007099806127e-12
3.310217877596611797e-18 1.653261749289484192e-09 1.764835877652026457e-09 2.967645238784304727e-09 5.206497405665706769e-09 4.842113611183343175e-09 1.812371347683697658e-09 6.436262671621113078e-09 1.200932365938248963e-08 3.797213519704126518e-09 7.421509563645692310e-10 -4.805860882409548513e-11 4.488162221956510311e-12
2.252436906330348439e-18 -1.002437348254422764e-09 1.920764238960566249e-09 2.737413240050182483e-09 3.984528249740048517e-09 9.171066916011738112e-09 8.038049875897282030e-09 6.213791607506197527e-09 1.732954669227617432e-09 3.023555684309376525e-09 -1.673749543392427083e-09 -6.483002957319618833e-10 -4.035015475473159952e-12
2.534989597650852097e-18 4.184878441811303657e-10 2.016091863540333257e-09 4.332193279419109354e-09 4.097933897970758180e-09 2.409040655640973476e-09 5.168214015966733096e-09 2.781976361806503997e-09 4.726633441201342387e-09 6.128398912719419291e-10 1.538435157171580657e-09 3.340965861191456434e-10 2.345456411162817075e-11
1.314398489585341997e-17 1.517503409666023215e-09 1.555909457025243171e-09 1.586221597694813298e-09 3.675503091490499938e-09 6.085500428353517441e-09 3.289232639327700683e-09 4.506356905870324186e-09 9.454377467165006656e-10 -3.603316269391916838e-09 -3.952344734412455805e-09 1.575416152874302844e-09 1.406065351850982730e-11
1.214523127972175445e-18 3.033295224596961093e-10 -6.107415084978690962e-11 7.636220186165833339e-10 6.251652866975338176e-09 2.581615277027876458e-09 5.173147985610915572e-09 8.192168688709291368e-09 1.675900375469235044e-09 2.812974848915722504e-09 6.500330886601832095e-09 -8.429412771084226662e-10 2.695207719061489520e-12
-1.235482023171419965e-18 1.476381515695775179e-11 3.845126588698910576e-11 5.736705426059889187e-09 7.318076571046474099e-10 7.572343152200571024e-09 7.494456602661338581e-09 2.726477694631754957e-09 3.084415461573455543e-09 2.519825035369247514e-09 -5.665049895552338318e-10 1.262860979646086373e-09 -6.221087557709010592e-12
3.489299437178262017e-18 1.007275560674841583e-09 -4.249001707385488648e-10 1.334581809809988915e-09 1.413528101463491566e-09 6.147651020640638933e-09 5.635637438048033626e-09 1.141948723346050481e-09 1.755649462404167213e-10 -1.630122197808501837e-09 3.087355914088485509e-09 7.864765758263111438e-10 7.254457026797575823e-12
-3.193021038695282959e-18 2.451714620286452552e-09 3.141621215187767402e-09 9.598566307761196977e-10 1.868584928877245021e-09 2.882547072674682839e-09 6.293535639152933323e-09 -1.035632555333282807e-10 2.030492579258010720e-09 4.628983422923180813e-09 1.650332050417275871e-09 4.888960093280512518e-10 -3.272001500626833601e-11
-4.505848700593187006e-19 -5.236428540224139389e-11 2.188683662418005219e-10 1.781232876539424217e-09 2.295404970558817337e-09 6.217462726984738189e-09 6.405400240658962332e-09 7.976833947373575892e-09 7.744162656622498438e-09 -2.623208865694273256e-09 3.211270644733949035e-09 7.620561087652008792e-11 2.603099152771633108e-11
-2.918754484052864984e-19 3.691300281418019044e-10 9.739061519400125539e-10 4.923216385044429534e-10 3.108153410154326628e-09 4.729474905477294420e-09 4.308996140912016751e-09 9.110282632520335397e-09 1.085847048578134449e-09 2.096877707987374687e-09 -4.779028724649486346e-10 4.870278306409206042e-10 2.250994262181940654e-11
2.700481941698876888e-18 -1.836868114410002949e-10 -8.970809580783619372e-10 9.776457695575659117e-10 5.664912403252149886e-09 7.221040442986760193e-09 1.579829932609407883e-08 3.780997335006975915e-09 9.807108675070192118e-09 5.457098253277079861e-09 1.617741066750455342e-09 7.472864325644887494e-10 -8.995983708630346834e-13
3.052916458601524345e-18 -1.123130043057791835e-09 1.767900511830739565e-09 8.898049055334179650e-10 1.296217883907762373e-10 4.122713928820407417e-09 3.607990628091602697e-09 3.516573207644357550e-09 9.186812984240668879e-09 5.707061313837905231e-09 3.675052158108902731e-09 -4.503343011166580624e-10 -6.249044005309392941e-12
1.540896586446391107e-18 -1.065922817346861122e-09 4.143745433456809800e-10 9.803223849994453312e-10 4.155671775534032073e-09 1.781399949264493804e-09 4.228602975967617450e-09 3.043153660406545571e-09 7.795103655336121061e-09 -1.202984274741739100e-10 8.599728133734360830e-10 4.441492888143333749e-10 1.791596694183299166e-11
-5.188327365069134724e-18 3.423699948691322785e-10 -1.067639624932777028e-09 3.469798887704288391e-09 3.751929421143242798e-09 5.547421184094016025e-09 7.475761386844056598e-09 1.034434228817215578e-08 9.686370497885443950e-09 8.165000176889265924e-09 4.143423959479477170e-09 -3.580403479665741283e-11 2.206957543119424583e-11
7.185299621612668634e-19 8.662405382184519238e-10 1.013659781476640483e-09 1.586473024812735548e-09 2.421967940162820150e-09 3.780163573500466518e-09 -1.357746126199796730e-09 2.021079024515953668e-09 9.134160930292790947e-09 2.940445278519556579e-09 -1.065031110692791240e-09 -6.702918959047241758e-10 1.801190940045506061e-11
3.217112684677838821e-18 -6.281014099997766685e-10 -1.821938295742705797e-09 5.564333676571253033e-10 3.376916207241368611e-09 3.995335716934735353e-09 8.306204829017867291e-09 3.144818910162343095e-09 2.465375469437256832e-10 9.800099224803477459e-09 2.693663299211838530e-09 1.460096860820436842e-09 2.977267215553772604e-11
2.890367826083250868e-19 3.308990586939572052e-09 2.347975425288994347e-09 2.352272346117280492e-09 5.502002636541758449e-09 2.172541893410434201e-09 4.056863371275915660e-09 4.039437633556130363e-09 8.680563358717863984e-09 6.149544526952838223e-09 3.686919046051351220e-09 6.714357358090868997e-10 1.623349288198998897e-11
1.800044839708206893e-18 1.203180097059930656e-09 7.622327485380624002e-10 9.906388236322122320e-10 -2.138576952333647457e-09 4.306305933907519381e-09 1.168365769794018860e-08 7.908201329176307999e-09 5.575317607762408241e-09 1.435419854448130187e-09 9.383813294913283326e-10 -2.099249661794902416e-09 -1.226425511821234138e-11
1.570104988618957632e-18 1.287354962169351544e-09 9.426306239578457688e-10 3.230208942846537339e-09 -4.248930298020425191e-10 6.120791540530746326e-10 2.611121567628783521e-09 6.781161807743046569e-09 9.598950933142455046e-09 4.213866904514741125e-10 -5.290028450229099979e-10 2.153116735160373507e-09 2.137089662916131243e-11
8.924225833187578017e-18 -6.375587008985275438e-10 1.651652269944836730e-09 5.623721245233806899e-09 5.041343862566636094e-09 4.719295894683826799e-09 6.635888003482695602e-09 8.736767106445561027e-09 -1.322760004848947992e-10 1.165880196092412406e-09 -9.311848650824099819e-10 -1.615995793228631995e-09 -5.813672207664785473e-12
4.977968429815620521e-19 1.046343010635842255e-09 2.774725705504685006e-09 1.447393875663671715e-09 2.163079536271135516e-09 4.895155913126328358e-09 4.898617482105132192e-09 5.461722401979257478e-09 7.928736690366077053e-09 3.198733359085947486e-09 5.250698555990760488e-09 -8.584423852208533568e-10 7.000168668646274346e-12
-3.035434286213297992e-18 1.372006753377003469e-10 1.730713640042024492e-09 2.418820367679313691e-09 4.846876112597584894e-09 2.540538990454913195e-09 1.090897602361431828e-08 6.981629581432863560e-09 1.763670338118802933e-09 8.048769895626113435e-10 -1.673916466000756829e-09 1.384784073814731148e-09 1.038759757440877518e-11
3.337066765879435874e-18 2.712436706382699806e-10 2.027725619859378796e-09 4.153295381431566139e-09 3.100107839483736989e-09 1.965689325581368026e-09 -7.458410742010795090e-10 4.898921372424842719e-09 3.967336557403927202e-09 2.119137955468384688e-09 4.253506227625931759e-09 1.675247299848169497e-09 -1.402191805079952759e-11
-1.625638568426557321e-18 1.643393887330606074e-09 1.329968949814521069e-09 1.597481907113097660e-09 5.095583235231627460e-09 4.108068456968974103e-09 5.542813358729896726e-09 7.655963565018706439e-09 7.326186518358175645e-09 1.670695847705859395e-09 4.495781265115404630e-09 -7.648881498757791463e-10 1.052137097514337062e-11
-2.147970695996457302e-19 -4.457912077983293265e-10 1.338183423931060841e-09 -1.918868917205854056e-10 7.118539176521484434e-09 4.748040481827884426e-09 5.269473285576142520e-09 6.004031300190064182e-09 4.646181454251456704e-09 8.423791615676067517e-10 1.208851839166351399e-09 -6.749621591689472720e-10 -2.465134034079284976e-11
5.528821337198525330e-18 2.296670150096312606e-10 1.593916334564606580e-09 1.962592788286123298e-09 2.924289918431211122e-09 4.645971456423737276e-09 7.995268336468562775e-09 -2.083206777602095648e-09 -1.782576980283035511e-10 5.009972248768793060e-09 2.805649246819706742e-09 1.652685563918091393e-09 1.036919887454715177e-11
3.000809874875519294e-18 1.096838916654600212e-09 2.053181314915773060e-09 1.758629501349287091e-09 4.607633518441609206e-09 2.669302639766554793e-09 -4.016686983922772018e-10 8.350202944498424726e-09 1.334284346166220529e-09 4.229980003663242865e-09 2.667121422867541851e-09 3.876868891256360576e-10 -3.640929943032209181e-11
1.574086473111576099e-18 1.791881981617726792e-09 1.424128115799581216e-09 -8.104815363453916788e-10 1.960534069884355380e-09 8.054641563407528898e-10 3.663489771289099092e-09 7.703336930624614594e-09 6.565810572411223576e-09 3.601869708633644289e-09 6.757028693373743746e-10 1.161128963602914219e-09 2.331145788159051679e-11
-1.884452794632652354e-19 7.827942542998946725e-10 1.633363173545367129e-09 1.826610424577807732e-09 1.187259480412911038e-09 5.982906355460574545e-09 6.966045528442499238e-09 7.561733971175068178e-09 2.587596172708961227e-09 3.360866730439327936e-09 3.572890719489770138e-09 5.983949185219118271e-10 1.444383022936254973e-11
-1.062242689967092644e-18 6.169317512503301262e-10 5.515924252826560964e-10 5.142182025127271193e-09 5.764685115405557688e-09 2.697633957341334991e-09 -6.537941718368059792e-10 3.859480390246890536e-09 6.348779806804189618e-09 5.054092941835163193e-09 3.258264236185515070e-10 -8.115817008104795543e-10 -2.599069668925238780e-11
2.760200841080609557e-18 -2.569370754315318068e-11 1.117065897328629193e-09 8.355850378735147254e-10 4.233070536527359376e-09 2.505303069797774450e-09 8.586343257012586750e-09 7.187364082874265543e-09 8.614769351672140458e-09 1.149758141140770940e-08 9.075153192623318299e-10 1.355002939190805645e-09 2.936722680115687634e-11
4.239295352732052102e-20 2.289340604815369547e-09 2.414328411560597848e-09 3.227498368875847742e-09 7.590721156693902424e-09 9.219341557929643082e-09 1.013062814129371522e-08 4.425564264380733760e-09 2.714081839774678924e-10 5.701584473890708459e-09 4.025573071448537195e-09 1.007911084020331186e-09 1.053173166411672748e-12
-4.391750036354938076e-19 9.517306687252841397e-10 1.587419568474687462e-09 1.177768020488007638e-09 5.405323669302320421e-10 6.003623803548550613e-09 5.234328158518496497e-09 2.896715136941184698e-09 4.848206741804131897e-09 3.656310641964651685e-09 -1.037329930103759544e-09 1.580048379017054928e-10 -2.771426556020182111e-11
2.342390009600734794e-18 1.650512371476936289e-09 7.590853839550388922e-10 2.996557699764457354e-09 3.593731096710514975e-09 8.845764134940289947e-10 3.714040548803425649e-09 5.932614203590886521e-09 2.877352421835359739e-09 1.892991000016376939e-09 8.826816833375900548e-10 -2.240457976909035258e-10 2.251959549688177397e-11
3.918687136520508599e-18 -1.314591884913200968e-09 1.930682919961480242e-09 1.619322752851949589e-09 3.438590254742912071e-09 3.998430506094105480e-09 3.602948759203631979e-09 7.854913284421173513e-09 5.792330625716381203e-09 4.570606397381824767e-10 -6.046796737759804443e-10 -1.540074474774011121e-10 7.172219677191929792e-12
1.238045267473506074e-18 1.695562102156882011e-10 2.299765493085382216e-09 -8.328648746029106125e-11 2.310741907179959988e-09 2.994312125059108701e-09 4.751662398561815861e-09 4.999709977095128434e-09 6.433441662730295332e-10 3.253824156604348065e-09 3.358074304971898827e-09 -4.389318884107537562e-10 8.214002522468677663e-13
-1.440721950110028570e-18 2.144572128227147577e-09 9.280554721535941744e-10 2.702075297258589437e-09 5.780376681574716652e-11 7.882947738200285999e-09 7.241103295234454462e-09 5.664353580531323762e-09 5.657988185389383591e-09 -2.877329261971484944e-09 1.522222845602638609e-09 1.978110518664502991e-09 9.595097508110389534e-12
-8.786252220748927673e-19 1.251445154399839553e-10 1.095824006382009941e-09 -1.120809324288745526e-13 2.229855384293216361e-09 5.514515436571154850e-09 6.580518807549175320e-09 5.047405159298980554e-09 2.256017145515662565e-09 -7.214044350977895174e-10 9.460454293828787674e-10 2.031893489895354763e-09 1.623452937852108485e-11
-2.010783706531905946e-18 9.807914362137018094e-10 3.047372972519367762e-09 1.905312823660521599e-09 3.327544496093022125e-09 8.585289565449655236e-09 8.387864016750994762e-09 -1.150617297198333755e-09 1.961795685892757111e-09 3.585033018539025291e-11 -1.373797078691407938e-11 1.403734332502147450e-09 4.083109106041273459e-11
1.563594820328873094e-18 1.175990087632056713e-09 3.439371596560431616e-09 2.080255005880022968e-09 3.692223787751941908e-09 1.798213113032546837e-09 5.490320112403045700e-09 3.871221923856579544e-09 4.306386428716541675e-09 3.808212349045421940e-09 -1.551526768241930594e-09 -1.069483562969002526e-09 -5.167645365639609097e-12
4.231359330259353331e-19 1.353948771311653022e-09 1.808294416893323766e-10 1.321223006125160651e-10 2.642275389827905113e-09 3.190281889390262642e-09 7.661423966577412729e-09 7.695626984807031520e-09 1.524551123001250006e-09 1.399392342612418556e-10 -1.721071752169911750e-09 5.628143237529752615e-10 -1.486203521350225938e-11
2.325621399758742366e-22 -7.056112854845993598e-10 2.231597572547301050e-10 -1.097733370990563478e-09 1.339478948261343835e-10 1.663915309935136811e-09 4.770988982017831302e-09 3.797722629061918376e-09 9.905049623199639452e-09 8.862227119891134246e-09 9.847674970128187129e-10 3.549353070843983729e-09 3.699813655923937494e-11
-4.006557018056114890e-18 -4.337373868168443410e-10 9.520615194614988730e-10 2.303203152865933329e-09 4.588530563120291210e-09 2.448793827130509296e-09 5.695666933697934309e-09 1.245072010893544344e-08 6.163661948910853349e-09 3.741396126458412405e-10 -2.601147771349197392e-09 -1.806248511852700962e-09 -1.980561057477184435e-11
2.631807105072828705e-19 -3.803055990451798834e-10 1.619777119263938250e-09 5.687928048768307824e-09 6.729443805056769582e-09 3.005302752477813735e-09 5.016810460926592161e-09 5.212937233909837350e-09 4.179950605288722359e-09 1.286189622101620103e-09 3.501903336907538611e-09 7.652295413805627585e-10 -3.198624343006580552e-12
-2.105424218126724633e-18 -5.828367726811486979e-10 1.590070746308694628e-09 1.107909264817523219e-09 2.700848890719446182e-09 5.586399359816551301e-09 6.165803475226180357e-09 1.144778319085293228e-08 -2.762567772157866578e-09 -8.731272846062809149e-10 1.124092540960943923e-09 4.499002729240247673e-10 -2.489828714692587786e-11
-5.986127795751720763e-18 -2.146218099851228747e-10 3.438563910974839134e-11 1.851581703449889150e-09 5.319277722231921100e-09 8.022109569294029129e-09 1.032060270046387063e-08 8.517329774068007253e-09 2.744744073860082076e-09 2.426883300951886792e-09 1.039335732330763205e-09 -4.859405832807950521e-10 -3.724530536959420901e-12
2.345097569406989986e-18 1.108357306897664796e-09 -6.981418720790939509e-10 3.014934831709849595e-09 1.449172737884070417e-09 6.888578990995246814e-09 1.271591093138510772e-08 1.028174603149610036e-08 -3.697119987256829393e-11 6.635316543009166114e-09 4.284470247604745889e-10 7.059792108267911890e-10 1.939451244980041291e-11
-1.960268995430253572e-18 -6.132825547668635734e-10 1.189104419239615257e-09 1.455850838131235744e-09 8.018708369366461428e-09 6.098733570254683608e-09 -2.625393918151563237e-10 -4.176386958597816770e-09 3.395911699438180826e-09 6.764212625939572704e-09 1.081697040732574668e-09 1.427769196758289546e-10 -4.126267677882794124e-12
2.701706161257184595e-18 -2.331470735058546273e-10 2.321842704638521526e-09 2.930079392878673576e-09 4.617362239228399222e-09 8.535477580890160853e-09 1.369785825984437072e-08 7.342101297521601149e-09 3.272273035833448871e-09 5.221905208890715826e-09 2.496589907636173585e-09 9.826382395663673635e-10 -2.239383068320774981e-11
1.103223336251373222e-18 2.101281314889024386e-09 6.545026025931101655e-10 1.032993362116583178e-09 3.900580537071116523e-09 6.013715896002733781e-09 5.901550730466054961e-09 5.087345472890763904e-09 -2.349037496918439974e-09 6.808780160044007687e-09 3.841654841147839573e-09 3.774044840656742508e-10 -2.162629550237926657e-11
2.778292504150176309e-18 1.113518783876269309e-09 1.350055938647659474e-09 2.375962606405417969e-09 2.300653461723565242e-09 9.084187241124272401e-09 7.239737907474327724e-09 3.517904682386043199e-09 7.647809833877634268e-09 2.688850177522126967e-09 -8.466670823733434631e-09 -2.149556285119838684e-09 -1.435260031588589645e-11
1.358179195605835918e-18 8.313381520748016210e-11 2.964891011796916122e-09 4.191476292004873118e-09 5.080984107883541638e-09 7.125242840738590325e-09 4.484404523974521176e-09 9.241895472686503532e-09 1.169257954948946415e-08 4.549583638456387507e-09 1.869468076482341948e-09 2.511875055831222021e-09 2.982898933841418051e-11
3.770521915565074324e-18 1.112875666233149288e-09 2.375406262632656214e-09 1.291567571301812555e-09 5.860617689622786844e-09 7.224755681586704021e-10 3.667933747654875264e-09 2.637149197367052151e-09 3.912801624946153099e-09 1.136136535891308430e-08 3.276271329310512523e-09 9.885119018097439158e-10 -5.074842416711607852e-12
5.149919832438133026e-18 1.190957693235409059e-09 2.190696421319017728e-09 4.387774386050300618e-09 8.866842916710110166e-11 3.314779061070200438e-09 2.444281976650619856e-09 4.553427172202312618e-09 6.288001962989821415e-09 4.962064947011351006e-09 -1.259584390583292634e-09 1.858177471661468969e-09 -1.919553524968763117e-11
2.151555204863256459e-18 -7.210522349464846568e-10 9.299823835270324557e-10 -6.772625484397660166e-10 3.650758981917486883e-09 4.335193333985158852e-09 3.830525270050819731e-09 2.661259568301900687e-09 9.906289682420799839e-10 1.047610912292834545e-08 7.197531403144255465e-09 -2.876535716824894656e-10 3.190282479757428549e-12
-3.820965711692618514e-19 6.073436487668513633e-10 1.008058698396204047e-09 9.739334376815434239e-10 4.076500320625326948e-09 6.647834806474449843e-09 5.979875620563168717e-09 8.353237448828129099e-09 4.695122936808651668e-09 8.303358514905230599e-09 1.899298592747716949e-09 1.429859918590891745e-09 -1.768978301443287663e-11
-1.264515574192458881e-18 7.134446044766530721e-10 2.676529618960789859e-09 2.905341596141412455e-09 3.267254379757286942e-09 3.488426336738441269e-09 4.990413281249108142e-09 1.332223615281817592e-09 4.807136805071278300e-09 -3.155339729004789041e-09 -1.024538107833448248e-09 -7.246905711009232795e-10 3.118330498388364580e-12
-7.193392757170160206e-19 1.403129692894212068e-09 2.536302307261517843e-09 4.331660897847140642e-09 5.889895449104840750e-09 3.168809855881538595e-09 7.686650272477101001e-09 8.500606195536739901e-09 4.962586093758743525e-09 2.899819138499931861e-09 3.212356566414584893e-09 -3.427095308560171870e-10 1.894281883924394431e-12
2.153909064673312622e-18 5.707581306082788908e-10 5.619429005045731626e-10 4.011397831137254305e-09 7.923847416548171350e-09 7.685633945974517358e-09 2.522028144288071014e-09 4.881165323851785802e-09 2.447597015658157572e-09 5.804591070052932653e-09 -2.006941625869364549e-09 2.294297389978319578e-09 1.244221657390087438e-11
-1.090516340296948548e-18 3.503349571798694990e-10 5.959597332107726483e-11 1.753608537609964414e-10 1.397124300462193532e-09 7.035841870129798525e-09 8.389767338110610925e-09 7.487019894507607618e-09 5.326641213291885122e-09 3.376578824182678527e-09 2.157565972793036201e-09 5.309174395325385571e-10 4.123454028810666456e-12
2.278458385199915221e-18 -7.726340646702699485e-10 3.970028639612612946e-10 2.595576540721053897e-09 1.802504992628227873e-09 5.375207044808579715e-09 2.187546587382967496e-09 6.708594101883683356e-09 3.533140872229599177e-09 9.452386464365846676e-09 6.287397208994793371e-10 -8.398807867690899157e-10 3.006498577311516951e-11
-7.514744025564220210e-19 2.975492795725638993e-10 3.710229217392815794e-09 -1.017370867686487001e-09 3.866466263857503097e-09 6.620727671267645096e-09 7.098133125154565249e-09 3.814181016865138248e-09 6.480269343270736616e-09 5.672406164305099253e-09 1.791899017908832780e-09 8.327925774942740803e-10 2.545042237140599624e-11
-6.680350900968991509e-19 2.042137676872468719e-09 6.638050774522317139e-10 3.972524665220702486e-10 4.551734826642605587e-09 8.416529292952876827e-09 9.096230525408223860e-09 3.384271998784395384e-09 6.140973015348810102e-09 7.892246580167212888e-09 3.434961102341269620e-09 -9.668408305335965517e-10 -9.496380472588655265e-12
5.504083684407070543e-18 5.173936573572671074e-10 3.898611079961397441e-09 4.700064958898024374e-10 2.803914300806526134e-09 5.988460433935096150e-09 5.653008804576080333e-09 2.629980745523858404e-09 3.274040401610905417e-09 -4.727202519178779668e-09 -4.744808495407395439e-09 -5.075983624958020376e-10 -1.829902092709028888e-11
2.303903423023233718e-19 1.710472443499782251e-09 3.011537090337154462e-10 1.677399093866438119e-09 4.945087542798436936e-09 2.793319686181075538e-09 5.737686363812990552e-09 3.603809157592748254e-09 9.008997628773034934e-09 6.188371292887880211e-09 4.104113338705171790e-09 -1.422172545720128217e-10 -6.074993919239639817e-12
-6.823646717477964779e-19 2.946628833768472249e-11 4.812134847264496657e-09 2.994108286701754357e-09 6.731379912623196709e-09 8.998450750100485398e-09 8.015763920877902631e-09 1.398624967982016017e-08 6.754983276747760653e-09 5.104601820380060719e-09 8.236819603243829484e-10 5.070886280276130078e-10 -2.456586613753006689e-11
-1.070682239575883193e-18 9.697612915964117710e-10 -1.094904332789329610e-09 4.752983230032791483e-09 4.034845275328248555e-09 2.155473708790175548e-10 6.019282670137089082e-09 7.637549397968655111e-09 3.172696855788340827e-10 -7.253674782960620890e-09 2.271043354443318410e-09 3.106317052195764246e-10 -1.354527111257670438e-11
-3.564008707131664673e-19 6.130178448393461542e-10 2.103973351144393580e-09 2.676226340411473761e-09 4.413400336998792639e-09 5.076580287880341521e-09 3.115000002992859911e-09 3.497902567832660816e-09 7.410788281797976319e-09 3.231538690424351456e-09 -3.183390642064065915e-09 1.145023591445204584e-09 2.091562236645723835e-11
-2.877436583378802726e-19 -4.306714793148820214e-10 5.836115983168476237e-10 4.479993640112521417e-09 -1.597084056095978330e-09 3.933571786646157335e-09 8.402706734737732733e-09 2.712509452373086470e-09 8.267070025314791935e-09 3.733708195091761882e-09 4.780387359645478349e-09 2.963930715603633915e-10 -1.323891986818244063e-11
5.196599235436371723e-19 4.150109670047120272e-10 2.006504374121395427e-09 2.084149051079542862e-09 4.099215486434020456e-09 5.960791685183510442e-09 3.522946958526684025e-09 4.739624961317242098e-09 3.695929404971724291e-09 1.082551323877306666e-10 -3.284174384719315527e-09 -7.405160750777295757e-10 -9.690648495662028238e-13
-7.362625988447960231e-18 1.487319766777820285e-09 1.713730121872567493e-09 2.093237087672335432e-10 3.375862772371823875e-09 4.263443416533630416e-09 7.554857521879441435e-09 3.177366825159158629e-09 3.861348913019415217e-09 1.380459255184273194e-09 2.261941750088684812e-09 4.736369419996577906e-10 5.871106533354080329e-12
-3.229286913044452155e-19 5.495769844758253538e-10 1.437234417131602387e-09 9.640343142835610040e-10 -7.725223523771917217e-10 3.790846516668668431e-09 6.608615740887598630e-09 9.408506003787704463e-09 7.001119226485816222e-09 3.698465719177997444e-09 2.473921770535300317e-10 2.247840567877941572e-09 7.244693470288676385e-12
-1.075943861362045316e-18 1.707393494786677350e-09 2.093821102327209842e-09 4.901755882359505490e-09 3.412896290979299425e-09 6.592129397064663857e-09 8.198319103615421167e-10 1.941466384279511461e-09 6.344404474816176387e-09 -4.679407356408854825e-10 -5.316689608541128944e-10 -8.779011648925292126e-11 1.874201512134710635e-11
6.252258273078416799e-19 3.546211662372791111e-10 6.820609703203492660e-10 4.012012185472824501e-09 2.360613467732626523e-09 6.732153377740300479e-09 2.191868130614517382e-09 6.320903871622196754e-09 2.238539976460114400e-09 1.977736112022827255e-09 2.913855912006951806e-09 9.117966619194094408e-10 2.653943108892582305e-11
-1.452603114338561519e-18 -1.354969248244101057e-10 2.353644440100177859e-09 1.031340533057633803e-09 8.639366622905208399e-10 4.821305317173370000e-09 8.128654103807874780e-09 3.769748368426143003e-09 7.302448964793471600e-09 6.986890953466407834e-09 3.609178733883359102e-09 -2.338418416971178480e-10 -2.611895536125636965e-11
6.513205939758668169e-20 4.720692484841730950e-10 2.262872653553078304e-09 2.515336043268162332e-09 4.344693496762837044e-09 8.889807990455294140e-09 5.962188428003437361e-09 4.182508712984449976e-09 -7.166646571416971021e-10 3.883184278719233518e-09 3.507564014465580973e-09 -1.502615100960079396e-09 -1.380941649439623862e-11
