0.000000000000000000e+00 0.000000000000000000e+00 0.000000000000000000e+00 0.000000000000000000e+00 0.000000000000000000e+00 0.000000000000000000e+00 0.000000000000000000e+00 0.000000000000000000e+00 0.000000000000000000e+00 0.000000000000000000e+00 0.000000000000000000e+00 0.000000000000000000e+00 0.000000000000000000e+00
0.000000000000000000e+00 2.719869576194737786e-19 1.879783166692205963e-19 2.215518056338701105e-19 7.531471568341388431e-20 6.274245322467028281e-20 4.010512083695613563e-20 2.734017288451465720e-20 1.748141045207097632e-20 1.327676562235359173e-20 1.001966580557305014e-20 7.736903826016209792e-21 2.832090985979300211e-21
0.000000000000000000e+00 1.866323715182083636e-19 4.810819221980684172e-19 3.798924015141659487e-19 1.824588889889605567e-19 1.076418727605084194e-19 6.896876193544522211e-20 4.605545143582492267e-20 2.929725857766994496e-20 2.218388295163697192e-20 1.673410668250836986e-20 1.292232785232036266e-20 4.713016190975494601e-21
0.000000000000000000e+00 6.800482868095204279e-20 1.993510746325248749e-19 7.264265753579463382e-19 4.799545972201635088e-19 1.453281122303266160e-19 8.749254074834975170e-20 5.361338867415701716e-20 3.347361512548122654e-20 2.505045469606462546e-20 1.885312912057735565e-20 1.455555786762445339e-20 5.263873049452302944e-21
0.000000000000000000e+00 9.801115176003085254e-21 4.923731537216119017e-20 2.795190276316295900e-19 1.075209940267692225e-18 5.096413882066937485e-19 1.348268370354129861e-19 6.881766928103860094e-20 4.063255029601176758e-20 2.946163430176623657e-20 2.202672916924032934e-20 1.697887027837531756e-20 6.052523693612990059e-21
0.000000000000000000e+00 3.664086662018627752e-21 9.781088561295480640e-21 3.221837040416441249e-20 3.306910202276271808e-19 1.455967352116322012e-18 5.375769849131070187e-19 1.052352475147315565e-19 5.092797960724133893e-20 3.377595748613355593e-20 2.482225834285007774e-20 1.902230749990395207e-20 6.617881901486835936e-21
0.000000000000000000e+00 9.623567559442760659e-22 2.630518241233560897e-21 7.782798449165070407e-21 2.928971111018566897e-20 3.781000170821804570e-19 1.946691715915148372e-18 5.748054065047996891e-19 8.010628638019723945e-20 4.119089326280772326e-20 2.879059842836996696e-20 2.167079815635510938e-20 7.244974663934781473e-21
0.000000000000000000e+00 2.714847659019156721e-22 7.176949994710624704e-22 1.893865856933117879e-21 5.780136608798793790e-21 2.307056303951031431e-20 4.367951685780269915e-19 2.477814494172518737e-18 5.998760606565947253e-19 6.024348393891882575e-20 3.458363039584507063e-20 2.468467229089999485e-20 7.707445220160390849e-21
0.000000000000000000e+00 6.834162050636905769e-23 1.799438965446857872e-22 4.675891779756267150e-22 1.339250348079216759e-21 4.159895221782036881e-21 1.739939536120278779e-20 4.892134433776929736e-19 2.903490263779139106e-18 5.933433409777237332e-19 4.738149076810713110e-20 2.839844079248167584e-20 7.954100869309128546e-21
0.000000000000000000e+00 2.089530771637307946e-23 5.477038137709440145e-23 1.401939630741673257e-22 3.849373485804719886e-22 1.062827401330090029e-21 3.212120526402800532e-21 1.272080315827936026e-20 5.122210384365072905e-19 3.133704682981013825e-18 5.797863380446955847e-19 3.665410887764302326e-20 8.535940129893930726e-21
0.000000000000000000e+00 6.184387180650355747e-24 1.620236198057806984e-23 4.137584904232404790e-23 1.128731406179779040e-22 3.063498987364838147e-22 8.732089312990445251e-22 2.638292000162162723e-21 9.650268625576802554e-21 5.211020308457472900e-19 3.405398618713386116e-18 6.010894708844466350e-19 1.233851034135103014e-20
0.000000000000000000e+00 1.916999148827501979e-24 5.022378252963399781e-24 1.281892692835646274e-23 3.487990592991564255e-23 9.385484810371939285e-23 2.610748534761761871e-22 7.374407211590779975e-22 2.143276360824304911e-21 7.445334852358480830e-21 5.582281333176767628e-19 3.513748257977785744e-18 4.801753566324161724e-19
0.000000000000000000e+00 3.549050101727400238e-25 9.265318181961090396e-25 2.348538316170572167e-24 6.311387294873434412e-24 1.661712031699569689e-23 4.450349238516533091e-23 1.172339320781017807e-22 3.017817001564372829e-22 8.202478973219899199e-22 3.181738488793768188e-21 4.649456559063826388e-19 1.122621801106936410e-18
