# corr_400
1.000000000000000000e+00 5.943474751059830280e-02 -5.260679168394312155e-01 8.770602763921393485e-01 -6.267763209767157617e-01 -7.993144609641834597e-01 -8.717035134446982081e-01 -4.419179141463799310e-01 4.288764337021567230e-01 5.615695456892197956e-01 9.122578009386330677e-01 4.677070305346231471e-01
5.943474751059829586e-02 9.999999999999997780e-01 -7.591655619006195677e-01 -5.325505286992496951e-02 -3.946593480180540237e-01 -4.446920089259088771e-01 -5.204847350967379584e-03 -1.959751994833456579e-01 5.384424641238671171e-03 -5.394016729575964453e-01 1.879176453566058225e-01 7.770620310048906854e-01
-5.260679168394312155e-01 -7.591655619006195677e-01 1.000000000000000000e+00 -5.661219132942758581e-01 8.761191056781074682e-01 8.794639150138141570e-01 5.573953307272320190e-01 6.121889107816105291e-01 1.809712809783180776e-01 2.360493307268014540e-01 -7.458820623010123940e-01 -9.663334048214742289e-01
8.770602763921394596e-01 -5.325505286992496951e-02 -5.661219132942757470e-01 1.000000000000000000e+00 -8.264032491557319338e-01 -7.793155728024456774e-01 -9.604857251860215994e-01 -7.103062553677506052e-01 -7.450813264678619006e-03 5.448712250269412971e-01 9.487738273388782728e-01 5.433706890225359354e-01
-6.267763209767156507e-01 -3.946593480180540237e-01 8.761191056781074682e-01 -8.264032491557319338e-01 1.000000000000000000e+00 8.437632610607598282e-01 7.871610514163928096e-01 7.559146738798083742e-01 3.300066965457051360e-01 -1.011493319954653997e-01 -8.688085888564149872e-01 -8.764343601570756537e-01
-7.993144609641834597e-01 -4.446920089259088216e-01 8.794639150138142680e-01 -7.793155728024455664e-01 8.437632610607599393e-01 1.000000000000000000e+00 7.465359532716658864e-01 6.259469454439441360e-01 7.047373259637894523e-03 -1.033366545014896413e-04 -9.334238641821024363e-01 -7.698868727871059914e-01
-8.717035134446980971e-01 -5.204847350967379584e-03 5.573953307272321300e-01 -9.604857251860217104e-01 7.871610514163926986e-01 7.465359532716658864e-01 1.000000000000000000e+00 6.988378900274230254e-01 -6.316637313660260211e-02 -5.595038951646218450e-01 -9.117722598399140566e-01 -5.525294783234248053e-01
-4.419179141463799310e-01 -1.959751994833456579e-01 6.121889107816105291e-01 -7.103062553677507163e-01 7.559146738798083742e-01 6.259469454439441360e-01 6.988378900274230254e-01 1.000000000000000000e+00 3.911553890903449182e-01 -7.046272852179119583e-02 -6.769652731380195743e-01 -6.134598535948980746e-01
4.288764337021566675e-01 5.384424641238672038e-03 1.809712809783181053e-01 -7.450813264678617272e-03 3.300066965457051915e-01 7.047373259637893655e-03 -6.316637313660261599e-02 3.911553890903449182e-01 1.000000000000000000e+00 4.725283400913231069e-01 4.073618303061977974e-02 -1.754311515196786964e-01
5.615695456892199067e-01 -5.394016729575964453e-01 2.360493307268014540e-01 5.448712250269411861e-01 -1.011493319954653997e-01 -1.033366545014896413e-04 -5.595038951646218450e-01 -7.046272852179119583e-02 4.725283400913230514e-01 1.000000000000000000e+00 3.308742018916715488e-01 -1.373777702212632679e-01
9.122578009386329567e-01 1.879176453566058225e-01 -7.458820623010123940e-01 9.487738273388781618e-01 -8.688085888564148762e-01 -9.334238641821023252e-01 -9.117722598399139455e-01 -6.769652731380195743e-01 4.073618303061977974e-02 3.308742018916715488e-01 9.999999999999998890e-01 6.778226807875511462e-01
4.677070305346230916e-01 7.770620310048906854e-01 -9.663334048214742289e-01 5.433706890225359354e-01 -8.764343601570756537e-01 -7.698868727871059914e-01 -5.525294783234249163e-01 -6.134598535948980746e-01 -1.754311515196787241e-01 -1.373777702212632679e-01 6.778226807875511462e-01 1.000000000000000000e+00
