# corr_200
1.000000000000000000e+00 -4.128414678743438371e-01 -8.541344980492339423e-02 9.383663013102629957e-01 -5.891017190575875695e-01 -8.534653017159838928e-01 -7.645988348501819853e-01 -4.789233771563028430e-01 -3.916000640758524748e-02 5.187170948581676377e-01 8.940575570792174132e-01 4.010098270442032375e-01
-4.128414678743438371e-01 1.000000000000000000e+00 -6.584691618403981650e-01 -3.313046350899255810e-01 -4.328197274938247463e-01 4.908174519811938502e-02 2.779790914472641816e-01 -2.470888847754331985e-01 -3.647276689978113939e-01 -9.099349865315411456e-01 -4.957383666292361490e-02 4.142667199460026706e-01
-8.541344980492339423e-02 -6.584691618403980540e-01 1.000000000000000000e+00 -3.156925763684857444e-01 7.276972061812061465e-01 5.601584559803607366e-01 3.679382593366719023e-01 5.347772492782026932e-01 1.815384447800885426e-01 3.493086643334258889e-01 -4.848512616564011890e-01 -9.282638528700510872e-01
9.383663013102629957e-01 -3.313046350899255810e-01 -3.156925763684857444e-01 1.000000000000000000e+00 -6.948325725981294720e-01 -9.486275719416465968e-01 -9.204339769226425050e-01 -6.406682611251309778e-01 -1.481364413651548584e-01 5.656135376667745795e-01 9.538581549477878063e-01 6.310526555759068401e-01
-5.891017190575875695e-01 -4.328197274938247463e-01 7.276972061812061465e-01 -6.948325725981294720e-01 1.000000000000000000e+00 8.488813467755756959e-01 6.746605889383091581e-01 8.233460278157413992e-01 5.304439382766297228e-01 1.456111778408371027e-01 -8.711287795127309330e-01 -8.646812538098466172e-01
-8.534653017159838928e-01 4.908174519811938502e-02 5.601584559803607366e-01 -9.486275719416467078e-01 8.488813467755758069e-01 1.000000000000000000e+00 8.873709653405849052e-01 6.864084648750498063e-01 2.084634396794712019e-01 -3.303558347106683724e-01 -9.826209390215591144e-01 -8.077202959544066418e-01
-7.645988348501819853e-01 2.779790914472641816e-01 3.679382593366719023e-01 -9.204339769226423940e-01 6.746605889383091581e-01 8.873709653405847941e-01 1.000000000000000000e+00 7.102154040547384861e-01 3.538396270175517278e-01 -6.042554667396515811e-01 -8.679434947768153163e-01 -6.782176429957444963e-01
-4.789233771563028430e-01 -2.470888847754331707e-01 5.347772492782028042e-01 -6.406682611251308668e-01 8.233460278157415102e-01 6.864084648750498063e-01 7.102154040547384861e-01 1.000000000000000000e+00 6.819040497585220351e-01 -4.576708073654373043e-02 -7.324744692178456473e-01 -7.175483229826120635e-01
-3.916000640758524748e-02 -3.647276689978113939e-01 1.815384447800885426e-01 -1.481364413651548584e-01 5.304439382766298339e-01 2.084634396794712019e-01 3.538396270175517278e-01 6.819040497585219240e-01 1.000000000000000000e+00 1.514407311806755529e-01 -2.836682079960734515e-01 -2.905073651634265675e-01
5.187170948581676377e-01 -9.099349865315410346e-01 3.493086643334258889e-01 5.656135376667745795e-01 1.456111778408371027e-01 -3.303558347106683724e-01 -6.042554667396514700e-01 -4.576708073654373043e-02 1.514407311806755252e-01 1.000000000000000000e+00 3.018023736616060604e-01 -5.099033817887310693e-02
8.940575570792173021e-01 -4.957383666292361490e-02 -4.848512616564011335e-01 9.538581549477878063e-01 -8.711287795127310440e-01 -9.826209390215591144e-01 -8.679434947768153163e-01 -7.324744692178455363e-01 -2.836682079960734515e-01 3.018023736616061159e-01 1.000000000000000000e+00 7.506004033308252277e-01
4.010098270442032375e-01 4.142667199460027261e-01 -9.282638528700509761e-01 6.310526555759068401e-01 -8.646812538098466172e-01 -8.077202959544066418e-01 -6.782176429957444963e-01 -7.175483229826120635e-01 -2.905073651634265675e-01 -5.099033817887310693e-02 7.506004033308251167e-01 1.000000000000000000e+00
