# corr_400
1.000000000000000000e+00 1.744764138273197096e-01 -5.072669650660870388e-01 3.878895765957098840e-01 2.330724482807714285e-02 -5.355444495242142056e-01 -7.779621257724671501e-01 -7.297859917499117666e-01 1.017203007189901309e-01 5.027750224275323587e-01 5.094729971584291972e-01 8.589387694709113008e-01 4.700857707127563678e-01
1.744764138273197374e-01 1.000000000000000000e+00 -7.297972094800260212e-01 -7.509594636714792548e-01 7.187598939117779695e-01 -4.305861626197552416e-01 -5.723595375653900419e-01 7.756189297895857426e-03 -3.776438259227792027e-02 -1.886942713637850821e-01 -5.915312406292333458e-01 3.561648274204840536e-01 8.305955047465084506e-01
-5.072669650660870388e-01 -7.297972094800261322e-01 1.000000000000000000e+00 1.774503603661209128e-01 -4.165725122981044914e-01 9.200499335332721351e-01 8.994501289480226758e-01 5.176409840010745000e-01 2.950339108207910011e-01 3.770159988249169869e-01 2.256219680875048150e-01 -8.313573297746179591e-01 -9.099901148883219326e-01
3.878895765957098840e-01 -7.509594636714793658e-01 1.774503603661209128e-01 1.000000000000000000e+00 -8.025817304400721941e-01 -1.816196291738744195e-01 -6.288826514992415864e-03 -6.486529643013883017e-01 -9.142076669074319928e-02 1.743426100417221347e-01 8.832170877965372924e-01 3.174021873167774954e-01 -2.899813321370736663e-01
2.330724482807714285e-02 7.187598939117778585e-01 -4.165725122981044914e-01 -8.025817304400720831e-01 1.000000000000000000e+00 -7.440444129630974235e-02 -4.056942339495444028e-01 4.060861491171193771e-01 -3.375698816420336090e-02 -5.952754253936001078e-02 -8.130708620555094912e-01 6.361785876591503908e-02 3.632268569700206617e-01
-5.355444495242142056e-01 -4.305861626197552972e-01 9.200499335332720241e-01 -1.816196291738744195e-01 -7.440444129630972847e-02 1.000000000000000000e+00 8.389532150036663749e-01 7.142022644537281417e-01 3.131914626312371497e-01 4.457988628814496535e-01 -4.991714784007989653e-02 -8.874304090677578305e-01 -7.662850129348829364e-01
-7.779621257724671501e-01 -5.723595375653900419e-01 8.994501289480226758e-01 -6.288826514992414997e-03 -4.056942339495444583e-01 8.389532150036663749e-01 1.000000000000000000e+00 6.048040475721149223e-01 1.362509353521389188e-01 3.887351456999196125e-02 1.947896220120564487e-02 -9.239636419324273042e-01 -7.716960011645814799e-01
-7.297859917499118776e-01 7.756189297895856559e-03 5.176409840010745000e-01 -6.486529643013883017e-01 4.060861491171194326e-01 7.142022644537280307e-01 6.048040475721148113e-01 9.999999999999997780e-01 2.714761397123033881e-01 -2.633934588937206916e-02 -6.549729703568704098e-01 -8.322463242185421661e-01 -4.899596945625120936e-01
1.017203007189901309e-01 -3.776438259227792027e-02 2.950339108207910011e-01 -9.142076669074319928e-02 -3.375698816420336090e-02 3.131914626312372052e-01 1.362509353521389188e-01 2.714761397123033326e-01 1.000000000000000000e+00 4.239996886333910475e-01 5.596612961689114568e-02 -1.959095411470942738e-01 -3.140629372694749843e-01
5.027750224275323587e-01 -1.886942713637850821e-01 3.770159988249170424e-01 1.743426100417221070e-01 -5.952754253936001078e-02 4.457988628814496535e-01 3.887351456999196125e-02 -2.633934588937206916e-02 4.239996886333910475e-01 1.000000000000000000e+00 4.901312240613368010e-01 4.189858723943614555e-03 -2.105643756269097167e-01
5.094729971584291972e-01 -5.915312406292332348e-01 2.256219680875048150e-01 8.832170877965372924e-01 -8.130708620555094912e-01 -4.991714784007989653e-02 1.947896220120564487e-02 -6.549729703568704098e-01 5.596612961689114568e-02 4.901312240613367455e-01 1.000000000000000000e+00 3.075087847848511635e-01 -1.572178749627501093e-01
8.589387694709113008e-01 3.561648274204840536e-01 -8.313573297746180701e-01 3.174021873167775509e-01 6.361785876591502520e-02 -8.874304090677577195e-01 -9.239636419324273042e-01 -8.322463242185421661e-01 -1.959095411470942738e-01 4.189858723943613687e-03 3.075087847848511635e-01 9.999999999999998890e-01 7.312083358709393632e-01
4.700857707127563678e-01 8.305955047465084506e-01 -9.099901148883219326e-01 -2.899813321370737218e-01 3.632268569700206617e-01 -7.662850129348829364e-01 -7.716960011645813688e-01 -4.899596945625120381e-01 -3.140629372694749843e-01 -2.105643756269097444e-01 -1.572178749627500816e-01 7.312083358709393632e-01 9.999999999999998890e-01
