# corr_200
1.000000000000000000e+00 -4.682857514652369324e-01 -3.165953648987215319e-01 9.545902227648607186e-01 -2.655835027977893059e-01 -7.464959607825448762e-01 -4.252549928571906501e-01 -7.889906105030057848e-01 -1.253422257204337975e-01 1.909303654911868042e-01 6.218540955468724318e-01 8.339649457832932766e-01 3.748866162011048053e-01
-4.682857514652369324e-01 1.000000000000000000e+00 -5.890377729161482279e-01 -5.677776363345592436e-01 -6.534000374402862965e-01 5.937436726201928555e-02 3.165372453086419402e-02 9.108075073494012464e-02 -4.242824447607646543e-01 -7.239262223264049112e-01 -8.133472334389642011e-01 6.227544408048268920e-02 4.511105172267507180e-01
-3.165953648987215319e-01 -5.890377729161482279e-01 9.999999999999998890e-01 -2.050923095169553956e-01 8.293122327703701391e-01 3.869236815039461264e-01 5.600173309712722647e-01 5.827908670297092808e-01 5.600826663832110253e-01 3.594564362085702069e-01 1.998869618586425478e-01 -7.760291484349947089e-01 -9.740015351195472348e-01
9.545902227648607186e-01 -5.677776363345592436e-01 -2.050923095169553678e-01 9.999999999999998890e-01 -2.362889208476071645e-01 -7.809534021651841629e-01 -5.558747637333730784e-01 -8.389569350814989335e-01 -1.612012956048816670e-01 1.543244059412360314e-01 7.961285423591737409e-01 7.487682478655582896e-01 2.932182233185684495e-01
-2.655835027977893614e-01 -6.534000374402862965e-01 8.293122327703702501e-01 -2.362889208476071923e-01 1.000000000000000000e+00 6.713548382329200814e-01 5.243051042020219210e-01 6.684878915296840196e-01 6.593547061873870074e-01 7.822906718906418311e-01 1.777269577087906005e-01 -6.987421531044027967e-01 -7.486177876575933476e-01
-7.464959607825449872e-01 5.937436726201928555e-02 3.869236815039461819e-01 -7.809534021651841629e-01 6.713548382329200814e-01 9.999999999999998890e-01 5.211987581632675504e-01 8.674019785761490908e-01 3.052859852530502849e-01 4.572396132130449597e-01 -4.429177168125038033e-01 -7.575949754380635337e-01 -3.500126603083534294e-01
-4.252549928571906501e-01 3.165372453086419402e-02 5.600173309712723757e-01 -5.558747637333730784e-01 5.243051042020219210e-01 5.211987581632676614e-01 9.999999999999998890e-01 7.864601642877848686e-01 3.794058812626922017e-01 1.333651972124959562e-01 -5.672223634647558521e-01 -5.890200342753447726e-01 -6.487936293957077272e-01
-7.889906105030058958e-01 9.108075073494012464e-02 5.827908670297091698e-01 -8.389569350814989335e-01 6.684878915296840196e-01 8.674019785761492018e-01 7.864601642877847576e-01 1.000000000000000000e+00 4.959158753039243916e-01 2.637646740495733777e-01 -5.555213671715250046e-01 -8.753009954117745295e-01 -6.344086118297959098e-01
-1.253422257204337975e-01 -4.242824447607646543e-01 5.600826663832110253e-01 -1.612012956048816947e-01 6.593547061873870074e-01 3.052859852530502849e-01 3.794058812626922017e-01 4.959158753039243916e-01 1.000000000000000000e+00 5.369935299985478805e-01 1.374146136339294277e-01 -4.759253366212107261e-01 -6.136237884756416960e-01
1.909303654911868042e-01 -7.239262223264048002e-01 3.594564362085702069e-01 1.543244059412360036e-01 7.822906718906417201e-01 4.572396132130449597e-01 1.333651972124959562e-01 2.637646740495733222e-01 5.369935299985477695e-01 1.000000000000000000e+00 3.950970783782787876e-01 -1.665579118397791936e-01 -2.259295761975535499e-01
6.218540955468724318e-01 -8.133472334389642011e-01 1.998869618586425478e-01 7.961285423591737409e-01 1.777269577087906283e-01 -4.429177168125037478e-01 -5.672223634647558521e-01 -5.555213671715250046e-01 1.374146136339294277e-01 3.950970783782788431e-01 1.000000000000000000e+00 2.723363998680523590e-01 -5.900371054056159636e-02
8.339649457832931656e-01 6.227544408048268920e-02 -7.760291484349947089e-01 7.487682478655582896e-01 -6.987421531044027967e-01 -7.575949754380635337e-01 -5.890200342753448837e-01 -8.753009954117745295e-01 -4.759253366212107261e-01 -1.665579118397791936e-01 2.723363998680524145e-01 1.000000000000000000e+00 7.938603797820436014e-01
3.748866162011048053e-01 4.511105172267506624e-01 -9.740015351195471238e-01 2.932182233185684495e-01 -7.486177876575933476e-01 -3.500126603083533738e-01 -6.487936293957076161e-01 -6.344086118297959098e-01 -6.136237884756416960e-01 -2.259295761975535499e-01 -5.900371054056158943e-02 7.938603797820436014e-01 9.999999999999998890e-01
