# corr_300
1.000000000000000000e+00 6.404747186108735724e-01 -6.181231154394932481e-02 4.449707042056292305e-01 1.851820206158511783e-01 -4.947735176697377613e-01 2.200341693860925762e-01 -7.509898586898464679e-01 -3.624531526588870012e-01 -7.351204508857213105e-01 -8.573898358795176700e-01 -6.880774867594378896e-02 5.196142587154622960e-01
6.404747186108735724e-01 1.000000000000000000e+00 -5.007798069383024853e-01 6.472631656417102697e-01 5.429383683083426337e-01 2.304946786820658566e-01 1.232229136895622763e-04 -6.506195512917195556e-01 -4.878469179360502839e-01 -3.410263753565266343e-01 -4.175985646778569982e-01 3.180941583071677514e-01 9.778885097975328344e-01
-6.181231154394932481e-02 -5.007798069383023742e-01 1.000000000000000000e+00 -6.941058702425271232e-01 2.586174122245538665e-01 -2.519091301801035798e-01 6.271811150117259093e-01 2.234412000887035510e-01 2.395818672691061857e-01 2.580191663925332501e-01 -1.766858145761371623e-01 -8.755725634623193754e-01 -5.496010060663433228e-01
4.449707042056291750e-01 6.472631656417101587e-01 -6.941058702425272342e-01 1.000000000000000000e+00 -1.951824650913960846e-01 -2.288713619297560176e-01 -7.008791879423169613e-01 -5.907659454014735356e-01 -1.128670470312810176e-01 -1.319751817136803618e-01 -4.809941803907317737e-01 8.213282982036915758e-01 5.440129349123562497e-01
1.851820206158512061e-01 5.429383683083426337e-01 2.586174122245538665e-01 -1.951824650913960846e-01 9.999999999999997780e-01 5.662444326329971744e-01 6.309962300179686734e-01 -1.788498430635232783e-01 -3.645335383702336673e-01 1.047741617392557584e-01 -5.954185223511981179e-02 -4.508504543557983468e-01 5.941186534813495124e-01
-4.947735176697377613e-01 2.304946786820658566e-01 -2.519091301801035243e-01 -2.288713619297560176e-01 5.662444326329971744e-01 1.000000000000000000e+00 1.880222858495616267e-01 3.525253249842736358e-01 -9.665215093292511828e-02 3.271970355480418591e-01 7.279076614818913438e-01 2.632719744612634430e-02 4.072648352031302266e-01
2.200341693860925762e-01 1.232229136895622763e-04 6.271811150117259093e-01 -7.008791879423169613e-01 6.309962300179686734e-01 1.880222858495616545e-01 1.000000000000000000e+00 1.351654495712031889e-01 -1.473694502981886811e-01 -2.854571706288639987e-01 -1.664774194449316833e-02 -9.117137748927701679e-01 5.167519158898221249e-02
-7.509898586898463568e-01 -6.506195512917195556e-01 2.234412000887035510e-01 -5.907659454014735356e-01 -1.788498430635233061e-01 3.525253249842736358e-01 1.351654495712031889e-01 9.999999999999997780e-01 4.970980604041655426e-01 3.722161897544412623e-01 7.413544040391373269e-01 -2.209490849372239829e-01 -5.432525411219676359e-01
-3.624531526588870567e-01 -4.878469179360502284e-01 2.395818672691061857e-01 -1.128670470312810176e-01 -3.645335383702336673e-01 -9.665215093292511828e-02 -1.473694502981886811e-01 4.970980604041655426e-01 1.000000000000000000e+00 3.810546473729982675e-01 2.041851163760950438e-01 -2.555737865156677488e-02 -5.192977867107568812e-01
-7.351204508857213105e-01 -3.410263753565266343e-01 2.580191663925332501e-01 -1.319751817136803618e-01 1.047741617392557723e-01 3.271970355480418591e-01 -2.854571706288640542e-01 3.722161897544412623e-01 3.810546473729982675e-01 9.999999999999998890e-01 3.652117887273466090e-01 7.573155932491605624e-02 -3.264014591123019504e-01
-8.573898358795176700e-01 -4.175985646778570537e-01 -1.766858145761371346e-01 -4.809941803907317182e-01 -5.954185223511981873e-02 7.279076614818913438e-01 -1.664774194449317180e-02 7.413544040391373269e-01 2.041851163760950716e-01 3.652117887273466090e-01 9.999999999999998890e-01 5.146453807543302506e-02 -2.307825608205688328e-01
-6.880774867594378896e-02 3.180941583071677514e-01 -8.755725634623193754e-01 8.213282982036915758e-01 -4.508504543557983468e-01 2.632719744612634777e-02 -9.117137748927700569e-01 -2.209490849372240107e-01 -2.555737865156677141e-02 7.573155932491605624e-02 5.146453807543302506e-02 1.000000000000000000e+00 3.014441136224900175e-01
5.196142587154622960e-01 9.778885097975327234e-01 -5.496010060663433228e-01 5.440129349123562497e-01 5.941186534813495124e-01 4.072648352031302821e-01 5.167519158898220555e-02 -5.432525411219676359e-01 -5.192977867107568812e-01 -3.264014591123019504e-01 -2.307825608205688606e-01 3.014441136224900175e-01 1.000000000000000000e+00
