# corr_200
1.000000000000000000e+00 2.884388347892009596e-01 -1.053131189351279168e-01 -1.297072185270783384e-01 -5.618171328552472588e-01 -7.395095961177259314e-01 5.164528835093298298e-01 -6.137363735687245692e-01 -1.954175563307448960e-01 -8.774945910910516567e-01 -6.755653449932234045e-01 -1.582674432275671117e-01 2.634536563262904196e-02
2.884388347892009596e-01 1.000000000000000000e+00 -5.613349931702230622e-01 6.999653399285689082e-01 4.742710155449092468e-02 1.555879794758740879e-02 6.027353609259668010e-01 -6.329641339240557052e-01 -4.570007578531305459e-01 -3.196791684373173625e-01 -6.251357695385173496e-01 3.111521912476654106e-01 8.590823029289100798e-01
-1.053131189351279307e-01 -5.613349931702230622e-01 1.000000000000000000e+00 -9.106055459110184991e-01 3.340978679758507819e-01 2.381086941122019171e-02 3.278210568729086200e-02 7.897883515614016400e-03 8.856888123155752524e-02 1.684787011833546455e-01 4.298558275482913457e-03 -8.965222901921695575e-01 -5.456775824068187397e-01
-1.297072185270783662e-01 6.999653399285687971e-01 -9.106055459110184991e-01 9.999999999999998890e-01 -1.428675008556238579e-01 1.403650668638950494e-01 -6.902034935365357685e-03 1.009518815826081911e-02 -6.601123808753084354e-02 1.032681899832825212e-01 -9.132017681658964603e-02 8.678113527264752491e-01 6.537226624208264392e-01
-5.618171328552472588e-01 4.742710155449091775e-02 3.340978679758507264e-01 -1.428675008556238579e-01 9.999999999999998890e-01 8.952331379403186684e-01 2.759982124366456846e-01 -1.018727767123483730e-01 -3.825846917181064955e-01 2.008956406031764674e-01 3.777788270145083227e-01 -4.414471120907191293e-01 4.374427162204004849e-01
-7.395095961177259314e-01 1.555879794758740879e-02 2.381086941122019171e-02 1.403650668638950494e-01 8.952331379403185574e-01 9.999999999999998890e-01 3.238075191849505013e-02 1.683905186158870249e-01 -1.490790070085523389e-01 3.636215750853774575e-01 6.244401856981941501e-01 -7.418921790224905499e-02 4.641594437384298222e-01
5.164528835093298298e-01 6.027353609259668010e-01 3.278210568729086200e-02 -6.902034935365357685e-03 2.759982124366457401e-01 3.238075191849505707e-02 9.999999999999997780e-01 -7.241180235198982906e-01 -5.016812568399360295e-01 -6.593529745885459148e-01 -5.330439539317795017e-01 -3.994123015584482017e-01 5.989016281526594598e-01
-6.137363735687245692e-01 -6.329641339240555942e-01 7.897883515614014666e-03 1.009518815826081911e-02 -1.018727767123483730e-01 1.683905186158869971e-01 -7.241180235198982906e-01 1.000000000000000000e+00 6.312222776776236222e-01 6.589792089223205362e-01 6.795864547777960007e-01 3.282130103803895804e-01 -5.146879021213233152e-01
-1.954175563307448682e-01 -4.570007578531304904e-01 8.856888123155751136e-02 -6.601123808753084354e-02 -3.825846917181064955e-01 -1.490790070085523389e-01 -5.016812568399360295e-01 6.312222776776236222e-01 1.000000000000000000e+00 4.455043198782527858e-01 2.079355956218340573e-01 1.537546412225923587e-01 -5.456479673530016949e-01
-8.774945910910516567e-01 -3.196791684373174181e-01 1.684787011833546733e-01 1.032681899832825212e-01 2.008956406031764397e-01 3.636215750853774575e-01 -6.593529745885459148e-01 6.589792089223204252e-01 4.455043198782527858e-01 9.999999999999998890e-01 4.012492838564187814e-01 2.186952479612977729e-01 -2.969537019778530906e-01
-6.755653449932235155e-01 -6.251357695385173496e-01 4.298558275482913457e-03 -9.132017681658964603e-02 3.777788270145083782e-01 6.244401856981941501e-01 -5.330439539317793907e-01 6.795864547777961118e-01 2.079355956218340851e-01 4.012492838564187814e-01 1.000000000000000000e+00 1.267483822594486775e-01 -1.947850028540543121e-01
-1.582674432275671117e-01 3.111521912476654106e-01 -8.965222901921696685e-01 8.678113527264753602e-01 -4.414471120907190738e-01 -7.418921790224905499e-02 -3.994123015584482017e-01 3.282130103803895804e-01 1.537546412225923309e-01 2.186952479612977729e-01 1.267483822594486775e-01 9.999999999999997780e-01 2.341949117806211567e-01
2.634536563262903849e-02 8.590823029289099688e-01 -5.456775824068187397e-01 6.537226624208265502e-01 4.374427162204005404e-01 4.641594437384298777e-01 5.989016281526593488e-01 -5.146879021213233152e-01 -5.456479673530018060e-01 -2.969537019778531461e-01 -1.947850028540543399e-01 2.341949117806211567e-01 9.999999999999997780e-01
