# Cls sims
1.049662749586161690e-10 -7.700213896402491342e-13 4.409049322210230485e-12 -2.027724660449395869e-12 3.150988258592652729e-12 1.452091468866967312e-13 4.078353151978363171e-13 4.220790870585177261e-13 7.265251682056065573e-14 4.406810735342308664e-13 1.771709265762063344e-14 -1.626033549638736680e-15 -1.038060113216218185e-15 -6.873909222512303913e-16 -5.289244688246143180e-16
1.379980110196414397e-10 1.215209393171310949e-11 -2.284142535836716139e-12 1.073830684240342398e-12 3.250107188657636202e-12 -8.111247204384791728e-13 2.392368142172439417e-13 2.626215910573661161e-14 3.333799752994274919e-13 -5.464680707052537657e-14 -2.030161421448765041e-14 7.361813881172491556e-16 5.175780829506436662e-16 5.082389707015198422e-16 2.654755157933212684e-16
2.939758044156610336e-10 1.160527378139528112e-11 -1.105862989995138218e-12 1.824453272877596153e-12 1.090010808676540767e-12 1.419380864496567874e-12 -5.281267834272310843e-14 -1.948480697244997491e-14 3.102690886139248903e-13 7.764776848222196264e-14 4.299009564206223087e-14 5.415471161815197940e-16 6.543173086718905842e-16 5.648598264010953648e-16 5.344212812018851850e-16
2.725117810765043177e-10 3.067457495102129205e-11 6.370411034765209131e-12 1.468033038415103583e-12 -6.932881082641945706e-13 1.036037002571409862e-12 2.836035848235115982e-13 1.348078309509561274e-13 -9.539909180160490468e-14 1.188802511981678480e-13 8.520040110819944506e-14 2.176371736341315565e-15 1.305980371736965518e-15 8.932958458781123314e-16 7.562777140039370391e-16
2.424047986019366451e-10 1.320837849455097503e-11 -2.942346822345434499e-12 -2.254478003826069861e-13 1.903080112652025608e-12 -5.420007882499616696e-13 -3.251158939054650565e-13 1.714566164091085281e-13 2.158354744396003117e-14 2.338082279444494816e-13 1.064083865992110741e-14 3.682182554927991044e-16 6.444940925397567153e-17 7.868508241648568776e-18 -4.969676992174686064e-17
2.761845687061877896e-10 6.404110527126033062e-13 -8.771755472635903662e-13 -5.712340605806634038e-13 -5.672350646091002242e-13 -7.219654101589974608e-13 6.498213310197974257e-13 -3.558378789839568015e-13 1.217957042003011361e-13 -2.628789707772895543e-14 -1.078269202978838779e-15 -7.233698750273681300e-16 -1.491635729124231518e-16 2.020284971366487201e-16 5.855058893694571409e-17
2.614138931854696327e-10 1.715554717744994532e-11 6.664380077652198291e-12 3.651116031503244422e-13 7.465821638272453936e-13 -5.932822734638550953e-13 2.367907178188388916e-13 -9.422708638615104862e-14 1.590807302308138821e-13 -1.195591142099378921e-13 1.799526310286135933e-14 2.932052471086316229e-15 2.072367429725738561e-15 1.558968474045447979e-15 1.220067397402114587e-15
2.061032895778670800e-10 -2.100057608456900781e-12 5.568404148784309814e-12 -1.494289712753925791e-12 6.894396578310087650e-13 6.628880569236126986e-13 -2.046784209671482903e-13 1.645603059262550011e-13 -1.732188412408582614e-13 -1.095086761778199966e-15 -3.187978245322754419e-14 -5.161824727200839949e-16 -2.486086719266832608e-16 -6.591299680785256447e-17 -1.321871942300736512e-16
3.887669878125696992e-10 4.624531025362198552e-12 -3.459020289132735684e-13 -1.944580574689180330e-13 -3.349131328128601999e-13 -6.224131872242746028e-13 6.913004031230584916e-13 -1.685103116251133305e-13 3.485751046290171381e-14 -9.362200805231896008e-14 1.075791425637521733e-13 8.958191030307811098e-16 8.314728547056757580e-16 7.651554477671478680e-16 7.903754010623845958e-16
2.747194797027351398e-10 -1.079660017149518441e-11 4.527577302328641092e-12 5.120183698141574181e-12 -1.292083737738541057e-12 1.347240995895038656e-12 -3.282210188017555069e-13 3.962509622437974691e-13 1.205692210120630518e-13 1.429549211403236664e-13 8.731893565053859761e-14 3.287800388183153769e-15 1.962799371640975813e-15 1.418834249750412541e-15 1.059695322407846153e-15
2.662861553958170407e-10 1.301472206551219000e-11 -1.285806031993237211e-12 5.286522456842856642e-12 4.738703200601580250e-13 2.655085630810019634e-13 2.108831801016769148e-13 6.593049152361043601e-15 8.926760044954678598e-14 -7.153751262860046476e-15 -1.640042889307074673e-14 -2.240037404429902139e-15 -1.723766904627399862e-15 -1.442758213054083402e-15 -1.095576945831709960e-15
1.769494874838478365e-10 -3.835965806135132223e-12 -4.971621140447497387e-12 -5.531124217261378199e-13 6.448163973721534337e-13 5.315203070566914499e-13 5.306678847360840489e-15 -2.441503265408605345e-13 2.038371425675703912e-13 1.351636809364159320e-13 -7.299516166628917301e-14 -2.550013853337309085e-15 -1.301091636878806261e-15 -9.210836991705753688e-16 -7.042937878267140017e-16
1.176147960962086251e-10 -1.685159393363854797e-12 5.392432869878709065e-13 -1.475737016481374196e-12 2.612845865737897689e-12 5.212039077675958912e-13 5.052484734005351343e-13 3.862348467861676807e-13 2.037829350620106508e-13 9.724093619301508423e-14 8.849502971528728210e-15 2.311526388255349969e-16 -1.094725313418223319e-16 -1.963141577269290970e-16 -2.204995286076934563e-16
9.251420383929799614e-11 2.514766224909477884e-12 4.296166607936818491e-12 2.068003237255288152e-12 7.205670280950255366e-13 7.633949356054512172e-13 -4.451294444418685822e-15 -5.561607094509153344e-14 8.641676836847667699e-14 8.981633790088745823e-14 2.049637821198323565e-14 -1.622295779562664018e-17 -1.430993340808654655e-16 -2.136905647242394456e-16 -8.562717851057772074e-17
2.995641471664711261e-10 1.762203693087735912e-11 1.070268399925264482e-11 -1.404410396548049893e-13 4.994729302934129452e-13 4.025443380230307836e-13 6.846737675013309849e-13 -2.888469680316111501e-13 -1.435347502943214146e-13 -1.006839612099793049e-13 -3.688239210379558667e-14 -1.202852368427102645e-15 -6.330171611346223850e-16 -4.289155241666767180e-16 -2.902612035716042707e-16
2.792987363938413707e-10 -8.418462075855028128e-13 3.195976444566392576e-12 4.209159714462660532e-12 -3.242401939174059907e-14 2.670816956315411269e-13 8.829567736765241085e-13 3.912281080567242764e-14 -5.910592493415681744e-14 2.296519582201192024e-13 3.989237367133879591e-14 -1.142331642220184545e-16 2.425775852376670574e-16 3.398018834803839339e-16 3.012911943198628065e-16
3.389702783967189099e-10 1.392317151260317543e-12 8.525478978443009198e-13 2.418213943457659212e-12 1.350336245208736779e-12 3.906184612157069325e-14 1.593778380089340670e-13 -1.355093128617830486e-13 3.143242271888079836e-13 9.942264597736973659e-14 -1.119708250779490734e-13 -1.227023859649586865e-15 -3.687867218922548253e-16 -1.512668327186149214e-16 -5.714963299620113464e-18
1.412367310816612361e-10 -1.454488611756176213e-12 8.831591641036633600e-13 1.103765877568248675e-12 -1.732127403229107250e-12 5.416520664123386184e-13 2.227095837444282178e-13 -2.844283229899944149e-14 -8.261456878149694436e-14 2.789699258635478110e-13 1.697792336557653245e-14 6.404841076872526589e-16 2.485259357737303161e-16 1.430682124822750123e-16 5.977955465839219213e-17
1.793276448965543891e-10 7.640084467590930383e-12 5.202646787093158419e-12 4.821090626173677570e-12 1.949669068005861706e-13 1.423006028672100803e-13 -6.092017105995500165e-14 3.492080694133691439e-13 2.098512589268342150e-13 1.381451289853520717e-15 -2.274609765316852431e-14 2.481565476845697700e-15 1.884917617778992003e-15 1.487577136676961625e-15 1.089963265019583343e-15
2.363210921983018709e-10 7.805041964152615132e-12 -2.390302880620228656e-12 5.723596780666398558e-14 1.101769116261741112e-12 -6.142282952382863636e-13 1.248107519121365878e-13 2.688312650570638197e-13 1.530255690302222221e-13 9.241973477004379539e-15 -2.900051791245581799e-14 -1.488993969349551286e-15 -6.856083690567768731e-16 -5.075464358293940426e-16 -3.943507566738121690e-16
2.682283674372959665e-10 1.247930005633678993e-11 -3.678652264111134550e-12 3.063902352486364410e-12 -3.464474155214501170e-14 4.356464769187215163e-13 6.355539937133545824e-13 -8.947184564746137320e-14 1.268895243260495532e-13 -1.244915827752295030e-13 6.913541163348295688e-14 1.381101235773543468e-15 7.173349965218669585e-16 5.491687685181160453e-16 4.136117205342622759e-16
4.547755785419057929e-10 1.830714034917120348e-12 2.795651317908291888e-12 -9.420989165428161357e-13 -6.563081834414381440e-13 -3.983325038229608151e-13 1.135078280933520959e-13 2.978552542930814544e-13 8.195858444867853754e-14 2.711885860331329842e-13 -3.324155364384139613e-14 1.118893245624553437e-16 -3.829760735034838439e-17 5.703138287898394902e-17 5.846144875686820794e-18
1.663438044528116594e-10 2.157424728111606654e-11 2.046024117059233493e-12 2.161435466211301251e-12 1.839399693678035330e-12 -3.925899656339063549e-13 1.058516669468991318e-12 1.671051615965700525e-13 -1.428430659449044307e-13 1.509875721345979001e-13 -1.606171331544376840e-15 -6.424742892573991623e-16 -4.487948443104453004e-16 -3.120019773535866570e-16 -2.915507243519541605e-16
3.426468169802849435e-10 1.364622153434490016e-11 -2.983452275536077838e-13 4.142755358844842514e-12 -1.315062236673813409e-13 1.194189859819166388e-14 -2.679955112803888839e-13 1.275840219998839231e-13 2.151585028325375144e-13 -2.101687661171795543e-13 1.479600499321598091e-15 -7.531474961986512965e-17 -3.662638334554967740e-17 -4.011392933533698706e-17 -1.264319396139396746e-17
2.588112866574054512e-10 4.239153736187757428e-12 -3.497621224429937651e-13 4.117422562739332981e-12 -6.226722025892755179e-13 5.444474758889762387e-13 -3.915831625993505854e-14 1.661401484801955471e-13 -6.823465078636589490e-14 -1.289954061580838503e-13 -8.988406859028915761e-14 -5.583406890425344886e-17 4.397511665877945622e-16 4.343368712128059426e-16 4.539011678040828310e-16
3.434873475881637966e-10 1.768405303563847335e-11 7.611897773359113818e-12 -3.545179570927934644e-13 7.526057977097998812e-13 -4.057553572070268398e-13 8.594412097752004338e-13 6.483333045982131274e-13 -1.888260139824612995e-13 -1.774575913611724998e-13 -1.143612407723376224e-13 3.452222677205221048e-15 2.349812022365782266e-15 1.901619982527252312e-15 1.454611686148648212e-15
2.129891626885081776e-10 1.088135958879432820e-12 2.905909457388468684e-12 6.391656517389350960e-13 -7.482649739217277922e-13 -7.681773679998646781e-13 3.651963935872531103e-13 5.939884355975106507e-14 7.565957478351163683e-14 1.005516005940383008e-14 1.211750500403053798e-13 -1.665248733330206705e-15 -1.140027072183858315e-15 -7.502577190076819116e-16 -5.438063579988695429e-16
2.752184651222066748e-10 6.035482615280885436e-12 1.375797003405517667e-12 -2.410810433537834909e-12 2.039383257131389419e-12 6.396702136017263826e-13 -6.524095331373747330e-14 2.822594020200756846e-13 1.630864118792179531e-13 7.763543650594078746e-14 -1.079329846452074976e-13 1.713637382456885845e-15 1.008610663329292308e-15 5.591314245370342148e-16 4.051827038758337818e-16
1.855986418760755638e-10 -6.609577377788016590e-12 3.468849852835269411e-12 -1.043249293508910596e-12 2.031550220243559906e-12 9.761843467031107900e-13 1.316107933006162703e-13 -1.216154586472425640e-13 -1.249786104718586009e-13 2.768550964893498501e-13 1.106052332377572005e-13 5.289311060029546945e-16 5.272926104951981233e-16 3.676503016102396565e-16 2.443898242409814023e-16
2.457532241831537152e-10 -8.187477923431606165e-13 2.222987536124604825e-12 -8.069559649076994269e-13 2.056276140705223082e-12 5.728725015627905448e-13 9.179299521828148832e-15 1.469758371434924424e-13 -6.351317986308751715e-14 4.328886052452943206e-14 -2.789785326329407303e-14 4.303814676238804251e-15 2.665401745812123589e-15 1.822768424859268913e-15 1.343439782943696625e-15
3.595146839718571157e-10 1.017236735067102633e-11 7.021111717619826664e-12 6.300661710704259666e-13 -5.221301213390774232e-13 -3.021865869509282701e-13 -2.091259413879881535e-13 -4.240077868575142303e-13 -4.471099675681155041e-15 5.703594162898099617e-14 2.657070205254440030e-14 -8.104331304487053307e-16 -4.959001297994600288e-16 -3.403160917110430899e-16 -2.538076762681032245e-16
2.322140544211498254e-10 1.179438043141719764e-11 4.262257236938821443e-12 8.433668319969705065e-13 1.433725455985683678e-12 -2.740475794241535869e-13 -1.036398515595467353e-13 -4.684093858785192751e-14 7.171592823562306887e-14 -1.029782092756890715e-13 -2.769569464300031901e-14 1.458566535568935543e-15 4.876531588373257871e-16 1.264104377522157546e-16 6.157415704950478230e-17
8.514837121521215004e-11 6.178033582486006075e-12 -4.577284398090893577e-12 2.439984645186131678e-12 7.653563931091859669e-13 -6.572706750230686368e-13 7.428760195296442684e-13 1.067372975045481606e-13 -1.413470713162633509e-13 1.056513975347988892e-13 -2.105577089308740659e-13 1.055238471072126109e-15 8.432205077492389568e-16 6.941568419517430508e-16 6.130515746869306740e-16
2.953318505521768420e-10 6.688093708033981143e-13 8.398001939841154049e-12 -1.348967360679683240e-13 3.334279946055856807e-12 -9.266714997093575771e-14 -2.704571150889453028e-13 9.684011287244365837e-14 2.542424943253439613e-14 3.945288671665622316e-14 4.160954465279084830e-14 1.283109193349081566e-15 9.824749907376009769e-16 6.916653947572701586e-16 6.407150282471424836e-16
2.506500194360932893e-10 1.363775526432572043e-11 -1.056664827569706065e-12 5.426006049811745892e-13 8.469640029059583394e-13 7.641718021011912202e-13 3.348499191397526569e-13 -6.480814449938283938e-14 -1.755140335653595724e-13 -8.830578243724110739e-14 2.683254334201749022e-14 7.793373586297364203e-16 2.629341640823202826e-16 2.271368426068076058e-17 -4.939756629304097173e-17
2.575318365431150948e-10 1.494252479561498226e-11 4.310405101984350154e-12 9.721043529794289920e-13 -5.438929075608896010e-13 1.460923241271313565e-13 6.795723835726213403e-13 3.384753863726595050e-13 2.669716561654945635e-13 -4.114527031306226462e-14 -7.665652202259612535e-14 1.422290551643325242e-15 1.207358825490505600e-15 1.103322511871249549e-15 8.697875114794915033e-16
1.967312914074468658e-10 7.596071801840766652e-12 7.208753979591058212e-12 -5.973814906438605432e-13 1.577756891922444561e-12 1.515740973624382606e-12 -2.375472807378685312e-14 -2.125511245336101668e-13 -1.965515469303728504e-13 2.005548505739560148e-14 1.136436398384236383e-13 4.638642303726945101e-16 -1.611944224201680206e-16 -1.398225186899852493e-16 -2.097264711570090789e-16
2.777224471412818498e-10 2.545109894793166019e-11 2.406605881343180428e-12 3.278176793007106526e-13 2.993229527963787921e-13 -8.344423805815639380e-13 -4.087830593335911386e-14 -1.525882745508377383e-14 1.932879818446851771e-13 -9.997552531370649112e-14 8.824609026179199823e-14 -9.150534378103975587e-16 -4.520343720549963380e-16 -2.441211840678913659e-16 -2.251398781492852982e-16
1.545365467422661541e-10 1.516057159580708893e-11 4.667688349167624601e-12 2.270045842421688875e-13 1.089803218544385539e-12 3.121686266677573057e-13 1.456675360628611460e-13 -2.685199729870278950e-13 -1.164795081417328715e-13 -1.632236991179617987e-13 1.539163150450672855e-14 2.107277688540319213e-15 1.533096733788341204e-15 9.432633678417259189e-16 7.305897557179438382e-16
2.795766091515964922e-10 1.287654102269491195e-11 3.664228125100175850e-12 -2.988527803330493630e-12 1.310538631050940283e-12 6.418071571269051966e-13 3.984314669862952715e-13 -1.183619076988709134e-13 -1.485951804758613477e-13 1.597567115228505563e-13 6.727445591730600150e-14 4.659435494450124763e-16 7.982488787339289400e-16 8.192021285341741553e-16 7.654137264291788749e-16
2.988750402382870943e-10 3.422005392667179222e-12 8.964385871367566976e-13 2.975330986707539738e-12 3.385180004265734392e-12 9.515805026939262723e-13 1.577877608333538735e-13 7.165465960827499622e-14 2.270712236249985402e-13 2.585364078136864199e-13 7.346454528216553583e-15 -7.119589528064208184e-16 -8.174935677546881272e-16 -6.112693612181268518e-16 -6.133890665726912096e-16
1.823752847908662845e-10 5.333607981247753703e-12 1.587021129257022903e-12 3.518371492782619883e-12 2.111353657036400543e-12 -5.082457346895732343e-13 -1.175177484511542618e-13 -2.963655691744443710e-13 -8.501672043602102723e-14 -3.804313018430460189e-14 -1.025132637270812282e-13 2.418859727448910285e-16 5.176385358132664212e-16 4.254056002695214257e-16 4.148207086549263105e-16
8.305761045837529801e-11 6.281416523051502679e-12 -8.024251515773632229e-13 5.085231980874121399e-12 1.963949923377158763e-12 8.516618330635694359e-13 1.322820695019914150e-13 -2.187841848598472358e-13 3.740511534315151266e-14 -9.760763299224788624e-14 1.115006817804111844e-14 -3.524573430509533465e-17 2.045365202701287296e-16 3.062006766183429234e-16 1.372725302112565048e-16
8.204365996606447735e-11 1.840095542894016233e-11 3.681010126693596117e-12 -1.444475454833193013e-12 -8.073005785469107151e-13 -8.036669170927199502e-14 4.955579875945829687e-14 -1.032009657478115763e-13 5.915460302601606811e-14 -1.129495932072624917e-13 -2.025306216741053390e-14 -1.427420577227838772e-15 -8.271639362209090738e-16 -5.069390501234071155e-16 -4.395899084340970282e-16
3.159085334772115048e-10 2.678343728431989128e-12 -4.168299324144544123e-12 -2.806333034632399435e-12 -1.496162457175868109e-12 3.928847047225572591e-13 3.050333028610484560e-13 8.347657267893409728e-14 2.416578985473460924e-13 -1.530299812365583852e-13 9.582543527243798745e-15 2.565810532609529470e-15 1.385958630242452645e-15 1.030351777886495246e-15 8.962123163178517010e-16
3.002844575086201271e-10 2.263165222044385372e-11 6.467509018676877530e-12 -1.484852052124582759e-12 1.422810801582911006e-12 7.804501795766040032e-13 1.763722968250528468e-14 -2.481549324107626788e-13 5.238824137267596531e-14 -4.429583883003943454e-14 5.852421311191329051e-14 9.882679460555323353e-16 7.740750613338636546e-16 6.009765068312469079e-16 5.569829191159502048e-16
1.891363326040921287e-10 -3.401423516471575504e-12 7.032880487781733856e-12 -1.075447485505482776e-13 -3.420234163037689448e-12 7.254397488771519410e-13 6.585551145314137952e-13 6.027184368027066227e-13 -1.688608819180520484e-13 -1.956037345930685985e-13 -1.664072250907811179e-14 -2.765146635556478842e-15 -1.666751385321782934e-15 -1.094147982071151160e-15 -9.184995440176726527e-16
3.556243003304033205e-10 9.908235157218472620e-12 1.110351163725540248e-11 1.761383218916550628e-12 -2.107701591867249994e-12 9.142804792619209689e-13 -3.033432173228296938e-13 3.475747161718182838e-14 1.939874444435286960e-13 -8.844064354511732875e-14 1.423232694423802942e-14 2.750545729070709701e-15 1.998123029183104616e-15 1.535223990693196333e-15 1.176512141678665310e-15
1.440090107075826901e-10 4.102432504168718211e-12 2.959936240917601973e-12 -2.724863164771339786e-12 1.280555171908482324e-12 7.067699210952644174e-13 5.860715938208844479e-13 -1.041297203082113196e-13 9.091349714471651649e-14 6.141659071859483067e-14 2.275903763377040839e-14 -3.484306452950872325e-16 -1.033159636519270448e-16 -5.698743743468746486e-17 -8.630162054382037895e-17
1.861127192696280155e-10 1.252916682088601581e-12 3.626215366770328415e-13 -6.971595737760751991e-13 7.863549081876426974e-13 5.919192828252857628e-13 1.307577294700895481e-13 -5.104040225772970055e-15 2.114364409580829951e-13 3.148691809807967679e-13 -5.170173682891021197e-14 2.272183592229196987e-15 1.812550680431223038e-15 1.431485891136090325e-15 1.332030617132304201e-15
3.272587301933072427e-10 8.378994244856426620e-12 -9.512267189827090708e-13 -4.068611063796185734e-12 -9.992034868871017946e-13 -8.879195168901271471e-13 -4.135313051226702103e-13 -7.802384352455269369e-14 8.780106476869120840e-14 1.446948755178185213e-13 2.629708714743875603e-14 -1.041953515871941821e-15 -1.266441709743469892e-16 -3.137701769122837469e-17 -7.572086648166281492e-18
1.444423931447246308e-10 4.459233364588495030e-12 4.963471878550117750e-12 7.410784496199934311e-13 -4.309415026967212186e-13 -4.720705127848987137e-13 -2.983142400609437960e-13 2.269148794191977828e-13 1.281307285098499670e-13 7.697879652080350164e-14 -1.393070376024714872e-13 2.481782849460388127e-15 1.605545264139644722e-15 1.158590017097552704e-15 9.826681106391063083e-16
2.529228677838363724e-10 -5.620139866528527373e-14 9.518925102257324708e-13 -1.711487021406281224e-12 1.072227464889713395e-12 -6.812429856268927614e-13 -6.104743221091782379e-13 -1.453530579854994985e-13 -3.466438134095925249e-14 1.574778983109910834e-14 8.339763234524017918e-14 -4.067716756731349564e-16 -2.607989135479852118e-16 -1.762587157761566338e-16 -2.297456817311257479e-16
1.558238191798474430e-10 2.615405202924440223e-12 1.503010476708720427e-12 6.752479268193507077e-12 1.708135181099444116e-12 4.904479995129297131e-13 2.514265327155376986e-13 9.194409540984610596e-14 1.154921942791874335e-13 -1.578369615277372209e-14 -8.357697203486689289e-14 1.491532219804936782e-15 9.260371938401877737e-16 7.244423664225062902e-16 5.248358989918788678e-16
1.876928997690550703e-10 5.629719951807064843e-12 4.309213430951537780e-12 1.016217626341406980e-12 -1.151058603200976868e-12 -1.446351591877927153e-13 4.331471241251771704e-13 -3.024095219949407635e-15 -3.856029598547246909e-14 7.021474878954938680e-14 3.624655206364543599e-14 3.356047945454673935e-15 2.166525793914040363e-15 1.486653228796351710e-15 1.093205351980441927e-15
2.589070968158377092e-10 -6.676390015927657528e-12 4.668894755714462784e-12 1.794700229897034581e-12 2.294091282773447882e-12 8.348074070682130653e-13 2.223481877934686720e-13 5.055274523234766395e-13 -1.102090033025761713e-14 -2.042055494112801001e-13 3.666081876456551930e-14 4.589448926893272340e-15 2.630658452450695717e-15 1.886297015974495307e-15 1.264227774410597093e-15
2.251499921110507690e-10 1.743946164348074183e-11 1.017637029854908598e-12 -1.164027455979376013e-12 -1.363460009327911526e-12 -5.841328722271893092e-13 2.809729919834761079e-13 5.390844315314172997e-13 2.395674417222367000e-14 1.951972429282658755e-13 -1.003128749993778866e-15 -2.416618910780739493e-16 -7.122916090363784882e-16 -5.564527042283017555e-16 -5.457581683117858461e-16
2.671983401445845183e-10 1.893697732474454702e-11 3.894094315389566533e-12 -1.161923574563318061e-13 9.271583485807867917e-13 -6.944013170869691088e-14 3.708059563792919551e-13 -5.381310896516274054e-13 -2.497090811501588134e-13 -3.769778234802097810e-14 -3.741709131646081629e-14 7.169625826298910235e-16 5.435145732958125403e-16 4.603798826329668640e-16 3.640645948476686462e-16
1.990434579600613267e-10 7.354109175134284757e-12 2.088439679164056031e-12 1.695813618879467387e-12 -3.444593530480151613e-13 4.590316708353962050e-13 1.406694910828896845e-13 -3.551787691800202754e-13 1.553983493720575620e-13 -1.650907757237689242e-13 -7.740787485384379501e-14 -4.258706380570943990e-16 -1.442295555637349764e-16 -2.360372037182384656e-17 -1.147491986023312903e-16
3.618272870087268818e-10 5.280631573125697173e-12 5.667754659431670274e-12 4.962366487249116666e-12 4.991551846484172334e-13 1.747154825749267740e-14 -3.436705181952330613e-13 4.217120497761238241e-14 1.926820481060010475e-13 -1.812050453312470305e-13 -3.780052859108989337e-15 -3.216111559432826982e-15 -1.979560480452368418e-15 -1.303376378055097508e-15 -1.062457570146275673e-15
1.923755517741659959e-10 1.863522838140390853e-11 6.359607364340773618e-12 -3.329506909232230514e-12 2.221287693327993495e-12 -8.272518669340933926e-13 -5.054368265427476432e-14 9.875999918729420275e-14 2.504654032939361610e-14 -2.258396035436476916e-14 -1.168216085202082097e-15 1.441327761417270562e-15 9.063893190831647997e-16 6.982376920794034290e-16 5.342073749018402985e-16
2.393306999784671502e-10 1.172827646361246519e-11 4.974335829271947212e-12 2.410449248040320337e-12 1.598695197869350056e-12 -2.362537755974529939e-13 7.458023666303525753e-13 -2.431882995290367235e-14 1.583765016827382070e-13 -1.639311505105133383e-13 -1.172679128433013817e-13 -2.409158427091021543e-15 -1.155811964583120126e-15 -9.078445716708491494e-16 -5.445040463081001322e-16
5.832555701931547632e-10 -7.616681021539062585e-13 1.772443485408287486e-12 4.187327982202778716e-12 1.283571070026640551e-12 7.423079283331622529e-13 3.811584027830202154e-14 4.635320619796298088e-13 7.709200661078788230e-14 -9.716550040959895416e-14 1.206032228444196332e-13 -1.265221581799630344e-15 -8.375930416055152669e-16 -6.211198328983582442e-16 -5.461059588534350979e-16
3.403163626296147021e-10 1.445380461543532139e-12 4.849965919018908470e-12 2.570179923185344882e-12 2.296527609674249998e-12 6.883325024713258093e-14 -9.046382951058296216e-14 1.932476848354347456e-13 1.568915581405059072e-13 4.255228008937356601e-14 -4.018658197387688409e-14 3.602041068434216276e-15 2.025245660954849384e-15 1.322980351466776599e-15 1.242695236629840202e-15
2.023089390164311273e-10 5.044885064728088428e-12 -2.412019058111513136e-12 2.726858139094190389e-12 -1.363959288254749973e-12 -3.677815775451614117e-13 5.210313272372792093e-13 1.466492175809805137e-14 1.303205751600848161e-13 1.196357975808350042e-13 -1.874542732895262964e-14 -8.609102411030015652e-16 -4.667500722584582142e-16 -2.151872165956755062e-16 -1.173839128486949173e-16
8.853403433846074102e-11 1.777314340786872590e-11 4.971426920910338064e-12 -3.160818558830463461e-12 -6.320815251055953208e-13 -2.132613945134465219e-13 5.445987100229225201e-13 7.221390294388111689e-14 -1.615918950518206283e-13 -1.129829517538080040e-14 4.268924988828975591e-14 -2.514915610505505472e-15 -1.253783643717372286e-15 -6.749408660020306661e-16 -3.980162280353363888e-16
1.942753354142800994e-10 1.557086186735395442e-11 2.938120978005339585e-12 -9.144528168741823882e-13 2.687997002632571004e-13 2.773306413771605281e-13 3.705967965076311114e-13 9.113680046971596635e-14 1.497813943926629325e-13 1.296563609401131561e-13 -7.682902771505043818e-14 -2.035559955337270721e-16 1.875810441992313551e-16 3.123645901985685894e-16 3.399306777445516729e-16
3.130527455278425044e-10 1.268313286208398988e-11 5.448973715027324828e-12 3.136529713694864415e-12 1.854399833188438350e-12 -9.224641689752920835e-13 3.974151533422864892e-13 -5.020418498734454124e-13 -1.569033936958435584e-13 8.631237009210284556e-14 2.171056882975000672e-14 2.183525759034340948e-15 1.389910704584336774e-15 9.955967792337072557e-16 7.310137492601466205e-16
2.582997007286978690e-10 1.386965729018301458e-11 1.425565097555533213e-13 2.484877554278271438e-12 1.906854231286272271e-12 2.012727722859412678e-13 8.279934375228526357e-13 -2.517350847065418407e-13 -3.474824784771968505e-13 -7.032317763038331797e-14 4.602095147115702212e-14 3.786913830988705048e-17 6.204204038467013141e-17 1.745458797476243638e-16 1.849151032098414474e-16
2.169513123152319842e-10 4.407208111181285362e-12 -1.700287435746735714e-12 -1.064977603249274902e-12 2.793542063904859045e-12 4.376511998078792189e-13 1.897546724385794419e-13 1.461813304227661742e-13 1.204878904076594993e-13 -7.896377113826091967e-14 -5.280397762032191188e-14 -4.561694518120001632e-16 -4.079834317095498342e-16 -1.862037721289351731e-16 -1.598752644466251300e-16
1.682395489550872692e-10 4.639015527675022129e-12 3.127834941046954540e-12 1.690179981533027806e-12 3.345510805024612106e-13 1.227286191990141680e-12 2.289300198150041522e-13 1.919017774906046100e-13 1.988285888869799534e-13 1.682523004323210616e-15 -6.786534687498664104e-14 2.775357657301749222e-15 1.689449582238229669e-15 1.076513109072029041e-15 7.720050473328693649e-16
1.808710377924615568e-10 2.649207946294620097e-11 2.230635735943742969e-13 3.170594063904864131e-12 2.120772175130445033e-12 1.290412379714621833e-12 2.248292433060748793e-13 -1.191622640442697789e-13 2.759220921860467751e-14 -1.003392831629148485e-13 -1.137079056725190370e-13 -8.124769204215094867e-16 -2.198294465962530069e-16 -1.420996752415567191e-16 9.909821464532516852e-18
2.891233164241456031e-10 -2.407133952253824348e-12 -1.911807658382309828e-12 2.388358923694708104e-12 1.480789464794283058e-12 3.620038022804036072e-13 9.385244894593665963e-13 3.915722648526010309e-13 5.109123691369010797e-14 -2.049823580028314609e-13 -3.480073471466186120e-14 7.312928087422786136e-16 2.956181603218519415e-16 2.840031121528239542e-16 1.767941139644556169e-16
1.165623261069121324e-10 9.269905252887030897e-12 3.620098887089793195e-12 -3.489548428399041959e-12 1.320805143986709695e-12 4.752005297698826124e-13 -7.725528802547903709e-13 -7.300785735690032286e-14 3.030887890446831351e-13 2.372187238724448272e-13 -7.831176455030445207e-14 7.613771904435796145e-16 5.594761682922832514e-16 5.689130653295816975e-16 4.719811353767342539e-16
3.129182727402976723e-10 2.255205573313123297e-11 2.283963645139885347e-12 2.370902677676646859e-12 6.168019107389130389e-13 1.087838659494138516e-12 3.521918244028722605e-13 2.533268188052671389e-13 2.556587737888703520e-13 6.095431833273018323e-14 6.562230520409611020e-14 1.332073825013203580e-16 3.719443392527967119e-16 4.185447939712355161e-16 2.511609536244680205e-16
1.774976446831230679e-10 1.074473687430117771e-11 5.518187699961440602e-12 2.562686138709419290e-12 5.356343491082681972e-13 -2.477410455575383323e-13 5.202301911288461969e-13 -1.367041927752283191e-13 1.763511004036425099e-13 -1.107708411671071171e-14 -2.586108565116999582e-14 -9.755806357470874194e-16 -8.428005784997237239e-16 -5.588247551547121980e-16 -4.149594497820741600e-16
2.352133558415803916e-10 2.441870492509264035e-11 1.698368709674532201e-12 3.661659020036382992e-12 1.131762509277830664e-12 -5.954381245523336929e-13 -1.677804661720758801e-13 1.134554108601618738e-13 4.011737256372966184e-14 -9.796560954103773987e-14 -1.285728029895646530e-14 1.334681884479195294e-15 1.192790051920618931e-15 1.071117078581827153e-15 8.096276123653354675e-16
2.661212265356461608e-10 5.105649669003060086e-12 2.370948153496109002e-12 -6.549861762221562574e-13 -7.044338629409022779e-13 7.308769421188543223e-14 1.823131403528645489e-13 1.007464618266199151e-13 5.771142683215228833e-14 -1.419142412407377914e-13 -9.515331117457363783e-14 4.630616974316860900e-16 4.276336361631601158e-16 3.363395551049366341e-16 3.049822197748852507e-16
1.232947784419650573e-10 -7.306313180848788740e-13 -5.540143945548093665e-13 -9.127653433055977160e-13 3.254681617997995027e-12 1.732673615649761189e-12 2.329358277850815575e-13 5.423959675353108033e-13 3.975440689832784799e-13 1.951987409761511162e-13 -2.606867149759653859e-14 -1.376391173369052219e-15 -5.471797752481617272e-16 -3.209007872588327023e-16 -2.917886550843651239e-16
1.894027711958779363e-10 4.953059746961642177e-12 -4.298053970251899092e-13 -3.337917685423290428e-13 -2.072988210996170514e-12 5.730789522943325659e-14 -4.150770385407390080e-13 2.248970181179441718e-13 -2.217197328100300052e-13 -8.032986799547634207e-15 2.571553072050221079e-15 5.265800625185478534e-16 3.244340241530485544e-16 5.797798836011477870e-17 -1.112372543712602179e-16
2.901266029299327819e-10 1.187980127908080615e-11 3.289027284669334852e-12 -5.962929483219090949e-13 1.432244266815716498e-12 5.648599286265584575e-13 5.459580366226543024e-13 3.535402455561496404e-13 -3.981129317467833328e-13 2.146889996483085624e-13 4.480034706603483925e-15 -2.831974359236174926e-16 -4.540453029438535841e-16 -2.957283255394280973e-16 -2.474251218223455067e-16
1.822663853900250502e-10 1.623351553630347913e-11 -2.315156511390142438e-13 3.169877156028704138e-12 1.355393875761970627e-12 2.787850100185316364e-13 -7.327897965691880707e-13 3.397791080325494876e-14 8.838378444788023275e-14 -6.229288745755145115e-14 -2.655184350929601631e-14 2.213886778520401004e-15 1.061483164548518206e-15 6.939008507903220131e-16 5.177909673886103769e-16
4.226862857096247386e-11 4.267072428221425915e-12 4.650232642803408292e-12 -3.920582345268231733e-13 -1.601107360031396716e-13 1.439503819239414918e-12 1.313326677432039963e-13 3.183522482395449226e-13 2.538672870588536408e-13 3.696306719394361735e-13 -2.929439390803343446e-15 -1.955581521751930540e-15 -8.829992098545240848e-16 -5.369029267888303302e-16 -4.940005100771967916e-16
1.742468713978851474e-10 1.130629808268954418e-11 8.233695618947686513e-13 8.560604280976738928e-13 7.151736446853802736e-13 1.630440113705753201e-12 -2.797179652506109871e-13 5.599644219768135913e-14 -4.498476868625985202e-14 1.978426058085795475e-13 -5.428868774976400381e-14 -8.067746217656574185e-16 -4.335936261630061440e-16 -1.879504300259300292e-16 -5.291151964714073315e-17
4.046580471792645066e-10 1.210313854547298554e-11 3.214261849490129925e-12 -7.028992058221822377e-13 -1.292445992309153883e-12 7.167247274363071152e-13 -2.975268269004104809e-13 2.331802958221751330e-14 -2.724360380828576250e-13 -9.867451412846171232e-14 -2.586347192805521907e-14 2.957948557689497146e-15 1.760652462892151703e-15 1.286638547622458037e-15 9.466770870084287855e-16
3.946510439924310232e-11 -1.960404590328791522e-12 8.448178160136801742e-12 -3.106170479742237107e-12 1.868243209610203697e-12 -8.964359464488810406e-14 -1.965176703262256727e-13 5.826660122044489584e-14 7.891869513293605781e-14 6.979644247569308428e-14 6.730119123469192016e-14 -8.756871059675597565e-16 -3.229726936536666317e-16 -1.873477112175073569e-16 -2.147942843962516201e-16
2.398458443100174281e-10 7.916141847218135953e-12 3.342759213297392958e-12 4.713220972633990153e-12 1.299134441220528417e-12 1.035277749138757884e-12 5.621858056911831305e-14 -1.058272404954387212e-13 -1.165748733464286850e-13 3.253790361248184139e-14 5.195192361576674485e-14 -6.386368885712293554e-16 -4.165762221479811713e-16 -5.548325840723659512e-16 -4.714986375598571074e-16
1.861244857691498829e-10 -1.992438334814677886e-13 5.648170850326974884e-13 -4.298806593848142262e-12 3.876993571068551979e-13 -1.466690651484731700e-13 5.702399060612549416e-13 -3.246131519342802935e-13 5.190111084168351321e-15 1.596449970918431671e-13 -2.322986804854168579e-14 -2.688454508522046719e-15 -1.840036933173902550e-15 -1.492973066417836982e-15 -1.193960338270890770e-15
1.801677722981315217e-10 8.729082261082474048e-12 -4.928718109557532916e-13 2.911028846538795719e-12 -1.178567981617665769e-12 -5.558460514436190322e-13 -1.809963720472600718e-13 3.415222874438356285e-13 -2.111539733915336789e-13 3.013393638630309214e-13 4.950734228284298599e-14 7.643404289779687055e-16 6.633693584925984205e-16 4.663935154583508950e-16 3.657899107685669064e-16
2.600855550185958246e-10 1.738444948922190005e-11 -4.822471555534665312e-13 6.997161671626397794e-13 -7.499642154018354931e-13 -6.479952512432350426e-13 -5.768762112020814186e-13 -4.073888311159898247e-14 3.670247924834964392e-14 7.391114899756932289e-14 7.331517215106086341e-14 -3.823878342897934403e-16 -8.851228431452341142e-17 -1.303288642195384882e-16 -3.386841705528579445e-17
2.737105920421663686e-10 8.731261745601229498e-12 6.534968084469063700e-12 2.128404993437193607e-12 8.104800877212975174e-13 -8.385933579633106503e-13 1.020419914201930227e-13 -2.208259345183329516e-13 8.111323805087512145e-14 -1.349707347524304615e-13 -4.613764970961120029e-14 -4.877137246849988779e-16 -6.589886884811602708e-16 -5.786421106070369331e-16 -5.224709455284115898e-16
2.448743338823003004e-10 -8.406717875105423254e-13 -1.231956212281964367e-12 -1.163062919484827354e-12 -3.134489646163182713e-13 -1.112418589058122302e-13 1.487709239879400626e-13 3.102773629720613418e-13 -2.389256458417557510e-14 -1.524162110421973463e-13 5.260368019461381989e-14 -1.067597210514501336e-15 -1.011452676290621809e-15 -8.479319038974388006e-16 -6.616454908554332090e-16
5.196793647459914171e-10 2.043496506861349207e-11 7.307146302863010136e-12 5.678420911796488617e-13 1.291386568835995130e-12 1.492461906586179877e-13 3.586410661912652430e-13 -4.539787669820979832e-14 -2.041324587306623222e-14 -1.035971387080198463e-13 -1.748770147817091583e-14 -1.503648854757124812e-15 -4.587705224794176946e-16 -1.981070498531160886e-16 8.059766847440593931e-17
3.970543462986092572e-10 2.384915406046966533e-11 6.695069161135154400e-12 1.419804595729436839e-12 1.653542074905231503e-12 -1.006985843043088296e-12 -2.224944851842884473e-13 7.129516964066034766e-14 -2.315938839653197076e-14 1.017642371207189308e-13 -2.579300681252174494e-14 7.378958747304589223e-16 5.084747027514039538e-16 5.481501780712498877e-16 4.801872249425761776e-16
1.499615621602099455e-10 1.279123471405165200e-11 -4.126025956921624843e-12 2.090988573767476799e-12 2.584807769992703862e-12 -2.500021764805099519e-13 1.527536227840129797e-13 2.988277555362418005e-13 4.693226474777604515e-16 3.034215866925499131e-14 -4.274147140148895568e-14 2.504144051748831817e-15 1.723815425215482592e-15 1.361230347561871909e-15 9.739418997964583641e-16
2.109826395422855826e-10 9.574987961397061900e-12 -3.920273137715468442e-12 3.018267015238539861e-12 2.235335512923074287e-13 -2.840194749418531867e-13 -2.911107933058159385e-13 6.575735211502666025e-14 4.030879855664836969e-13 -2.404404750973752028e-14 3.739242659123892093e-14 -5.204739981473791208e-16 -8.345033344258198422e-17 -9.399695500071042345e-17 -1.878943757774244518e-16
1.445060108205898548e-10 1.867867537060677176e-11 1.640612491575471658e-12 3.021948815642462968e-12 8.200953087774830529e-14 1.814788231550342064e-12 1.980823582762499240e-14 -2.861113837828107983e-13 2.020691375078971143e-13 2.634041983700294146e-13 4.882319906727613311e-14 -6.126579737763945215e-17 -6.420645977964925429e-17 -1.446527701042823954e-16 -1.270173035462685198e-16
1.143957020219739117e-10 7.511976644898320507e-12 3.479045275745870033e-12 2.472000228111794997e-12 1.785025924779799956e-13 -6.487327650125183306e-14 -3.028226855508967153e-13 1.191150586948150992e-13 -1.017684564871209070e-13 4.092463651937395581e-14 -2.383433881734833488e-14 2.412592394110583770e-15 1.580964704472750513e-15 1.133769077608926160e-15 9.829036542981141548e-16
3.350731288790971647e-10 1.280772244942272414e-11 4.766623356457574531e-12 1.193369929851790068e-12 4.963837881621611264e-13 -5.212490000003620467e-13 4.966027748328183475e-13 1.438518014743576483e-13 -5.440919216318852422e-14 4.359331813054083885e-13 1.337953007357976106e-13 1.066814467972452600e-15 5.165674278574682764e-16 4.245443221943763060e-16 3.856096507183628045e-16
1.804610513879002823e-10 -3.396051588517408689e-12 4.115710497099109828e-12 3.369452406421015474e-12 2.140413696807869909e-12 3.154520477110167170e-13 -2.253066035959227067e-13 3.385905769507232192e-13 1.019079376600125716e-13 -8.799098267344652753e-14 -4.687513294795570677e-14 -1.030429046432961926e-15 -8.625226926170294576e-16 -6.733666793224236440e-16 -5.454364956231603606e-16
2.783056484825469915e-10 5.449228651004911579e-12 1.057948667901704814e-13 2.000590406338515286e-12 -3.990803994825724559e-13 -8.612364310537970737e-13 1.091920082812792778e-13 -2.866231611539062321e-14 -4.533897031225212526e-14 -2.445582947839842357e-14 -6.558734180973280826e-14 1.837094055066441513e-15 1.055898131530694066e-15 8.021781563569779082e-16 5.433728251821169968e-16
1.699425182344862419e-10 1.445871773068516379e-11 1.806539548221033020e-12 2.524211535124893330e-12 3.655680013167141907e-15 -9.925561446948324729e-13 1.777994400403816101e-13 5.815746154064261348e-14 -6.200276853981484744e-15 -7.840521131950621216e-14 1.108913868991509278e-13 -6.087850735452766693e-16 -4.373701633487373369e-16 -3.650897399994784936e-16 -2.619295237745278897e-16
3.640058887433269063e-10 1.288491388161459873e-11 -3.900608224800203229e-12 3.596657335516994245e-12 8.416515652926483299e-13 -1.198762499856599438e-13 2.112375780819743216e-13 4.837338520495779645e-13 5.019114891193804833e-15 -2.392863591855451474e-13 4.758205170170628785e-15 -7.527784466488481334e-16 -7.413814987344304056e-16 -5.373444362735520939e-16 -3.133569118614294641e-16
2.975700915884127256e-10 -8.778747927537696156e-13 4.791820403690996520e-12 2.362491176020064687e-13 2.054364739582951906e-12 1.473990853548967274e-12 -2.923315157996638956e-13 3.090381124867717087e-13 -4.948435000130653700e-14 2.598944369524431923e-13 -1.107606125230064654e-13 2.607300920021969202e-15 1.582224300272858621e-15 9.691406756868190680e-16 8.538116602632583267e-16
2.013014080944493216e-10 3.981228417370528994e-12 2.924509099844096560e-12 2.718560824302375088e-12 4.638518020441277974e-13 -1.152551785370715524e-12 7.933126518047739718e-14 1.178235947913869196e-13 -2.773929295252983967e-15 7.443662841015570446e-14 9.881535308222584923e-14 1.377438864540447859e-15 7.342998352417420369e-16 5.727074135005074188e-16 4.359881848586385338e-16
2.617358990566790458e-10 1.480920896381176978e-11 4.045983315779409223e-12 1.822429866581610714e-12 -5.559570719256295845e-13 -6.933605371775690901e-13 2.258106290961751568e-14 -1.770357457377100265e-13 -1.275849728665149198e-13 -2.562944648428739368e-13 -3.175984104244479235e-14 -8.219306054776221617e-16 -5.914702187959337778e-16 -4.061003012125846991e-16 -2.797460518495899825e-16
1.102052919855656688e-10 2.506967915898795650e-12 7.106689923730600918e-13 1.486427180659711765e-13 -6.013815452165995976e-13 -6.941708792493956960e-13 3.497659456808333839e-13 9.299133184410962768e-14 -1.132915925201628080e-13 2.148825432457512928e-13 -3.342468337618384160e-14 2.111195095891778229e-15 1.806319520617424294e-15 1.515589692566718796e-15 1.225308744864973849e-15
1.066459567416106973e-10 9.342228135505795985e-12 6.898849779005143199e-12 -5.049749191579255833e-13 -1.419620350610201771e-12 7.595861983589870084e-14 7.895068843812845876e-13 3.202569508710241353e-14 -6.397563208611161449e-14 7.732071404022564870e-14 -5.887092047359964099e-14 -1.126061204052524588e-15 -9.055753917413974879e-16 -7.264452492206218619e-16 -5.696514827877740191e-16
1.424039506957019729e-10 1.262122501313892743e-11 5.778961011692809071e-12 1.180751470990446893e-13 -1.851157380748119334e-12 9.363836983700134003e-14 -7.178586820625490262e-13 2.166579250969503958e-13 1.185637577178347224e-13 1.739929167397359531e-13 7.521954144771257086e-15 -1.198738029779544527e-15 -5.690141565285751765e-16 -2.268587885910830571e-16 -9.538145582605320025e-17
4.715003396713330988e-11 2.514597693289604166e-11 7.788094019776321806e-13 2.294347617510938223e-12 1.920573816059720819e-12 -2.740573305693272101e-14 -1.443299467848282473e-13 7.504101219719284375e-14 3.078699204283333912e-13 -2.154893868418566963e-14 9.712161731472597844e-14 2.490756802695387093e-15 1.705161222949226171e-15 1.201245522463860273e-15 1.006544620710267816e-15
1.975280491515954716e-10 1.255668106148687780e-11 8.270684454886582594e-12 -1.946421884395797128e-12 2.138073488177603891e-12 4.800668022082712958e-13 6.353234352181544541e-13 -2.269184656853759974e-14 -1.519929558795497140e-13 -1.969379873817643324e-13 6.819408933053050565e-15 6.173536320014064306e-17 2.047839193675696510e-16 2.785366928023072908e-17 8.924783230889697052e-17
4.468807194299195435e-10 1.217259861838516272e-11 -5.862752735885256404e-12 2.575639092661171013e-13 5.873267981048093129e-13 -7.042895988117123302e-13 2.281105472328632719e-14 2.837153555093030636e-14 9.755678665290408648e-14 1.304464171622634346e-13 -2.565875062377619409e-14 -2.502066585029860429e-16 -2.443205843631871407e-16 -1.250811803024254206e-16 -2.829204939141487089e-17
2.514571957586648220e-10 1.106923787521434699e-11 5.107496219877761240e-12 -2.489806993130058778e-12 3.350551697660714111e-12 -7.023036376329157744e-15 4.164920799674623827e-13 -3.850819183854283698e-14 -1.920655682300546462e-14 2.504336414858056817e-13 6.175274087539069276e-14 3.003989377873968724e-16 4.065830571106896330e-16 3.536614476250882416e-16 3.546875554214292637e-16
1.898044220013051746e-10 2.648783850388239876e-12 -1.712472601288480781e-12 1.375451566334547851e-12 8.606220037506205347e-13 1.135021596252482680e-13 1.458577618906198619e-13 -9.269657134434080574e-14 -1.677989794866364181e-13 -4.933920099159048376e-14 -7.455640864469691844e-14 -6.894326126634693010e-16 -5.943112544163893214e-16 -4.584980893189584381e-16 -3.608210137428804601e-16
3.477814688643806898e-10 5.682304714707478105e-12 6.256798281966377360e-12 -1.028207209774478933e-13 -2.455085442997981335e-13 -2.149009348360528305e-13 -3.547739345001302135e-13 -3.832076994730815069e-14 1.944678061314737113e-14 4.775389472516896153e-14 3.585851413482366890e-14 -1.675898676967158545e-16 -2.965030560677509224e-16 -2.501797849235434472e-16 -2.512359307129072170e-16
2.231102463921661141e-10 2.745880580375790596e-12 -1.825591327162949526e-13 2.360929578082609596e-12 -1.717093017928494625e-13 -7.539697285655959679e-13 -1.437341056191144682e-13 5.221642210233780604e-13 1.075474780873789351e-13 2.101117611047809282e-13 9.812681448107565275e-14 -8.769126287479676029e-16 -9.084369293804897685e-16 -7.719669054679699045e-16 -7.378614882632554184e-16
3.535242336610702265e-10 1.191425521287465408e-11 4.920584949048230206e-12 -5.603176798379949738e-14 2.164811459686733673e-12 2.779955331617385152e-13 -7.159386841423469705e-14 2.047414955052507773e-13 -3.038492438512038924e-13 -5.945738233552714069e-14 -7.547400057685043972e-14 5.565249901503650806e-16 3.300186129275309967e-16 4.057805798443716006e-16 2.367948337156251055e-16
1.953639593619164907e-10 8.278198873875988536e-12 3.999088264325230450e-12 -8.918546795127117553e-13 -1.035462950537063773e-12 -3.286573032647839242e-13 -4.155613726995666760e-13 2.560858044227214992e-13 2.367407417967553853e-14 9.065889201362663129e-14 8.227731965142372873e-14 1.565872632505461246e-16 -8.383149723539016789e-17 -2.744881530571155475e-17 -3.425760804370853111e-17
1.922230765174349495e-10 2.357360004993591740e-11 6.304412715528192853e-12 3.787941902666840796e-12 -4.683543159380499822e-13 7.805879981517834554e-14 6.486109894784687690e-13 4.551283306900911761e-14 3.664038441305778974e-14 -6.519101213385688952e-14 -1.257113063601415593e-14 1.285688992226540555e-15 8.377872044450948887e-16 6.347245448507309088e-16 5.425566048368787549e-16
3.189379005351017314e-10 -1.518158152892036838e-13 -2.582746374587724381e-12 -2.264907749692224394e-12 1.190934144312352584e-12 -3.295242380348270733e-14 5.773137950339487569e-13 -1.119800145855304705e-13 -6.950063250602018588e-14 -5.275609659241656309e-14 7.923893303981781000e-16 -2.539897116691432798e-15 -1.427381721010948935e-15 -1.028387962902575742e-15 -8.374949968528773963e-16
2.136338359106765212e-10 1.527934415097016388e-12 1.261808512180690312e-12 -2.100259786429087528e-12 -1.920606242964150029e-12 -2.564434022627043602e-13 -1.988552137288116470e-13 -2.883105076275219255e-14 1.649832497235624419e-13 5.361416000475461641e-14 1.146311735983756564e-13 -5.529211672629024377e-16 -4.214644377939644202e-16 -3.741808239288350114e-16 -2.928707125069024679e-16
6.947058719774863080e-11 1.437325410931943756e-11 2.252587823247643069e-12 -1.746522214390449375e-12 -3.371567930639893571e-13 3.292091178116808402e-13 2.458380314073625439e-13 6.273120824534436057e-14 9.527643936948472968e-14 -1.244165955876324366e-13 -2.051799534323504774e-14 2.330104081138599422e-15 1.359915771741559139e-15 9.766054603038500280e-16 7.458173679266708417e-16
3.000935429238251225e-10 5.049649005314541428e-14 5.198993104278821956e-12 2.756524716383817293e-12 1.918616512491486425e-12 -2.549361497241304908e-13 -4.088239366871600657e-13 2.758994549635370508e-13 9.041789347632344298e-14 5.209381471527859478e-14 -1.539252552346121330e-14 1.359093451167558841e-15 9.031456837214776305e-16 6.248058990546172964e-16 6.084404296983010381e-16
3.539934154372265245e-10 6.849458331814711341e-12 2.939688664386998505e-12 4.069944870312694534e-12 5.814237476438695316e-13 1.275682948771758322e-12 -1.662341214545912809e-13 1.921194972311644882e-14 9.313067136006639891e-14 1.242965207502134417e-13 1.660017850251145796e-14 4.165697204903785333e-15 2.527217899717283746e-15 2.041341381807861629e-15 1.689996767947995527e-15
5.226387281607510686e-11 8.158204852068502533e-12 -5.119458791944131022e-12 7.612940983824733380e-12 2.524840644443119739e-12 -2.095662030914116547e-13 7.265394835634474235e-13 -7.274586058868748201e-14 -9.058338138472298998e-15 -3.820711991215974014e-15 -8.886322054137835170e-14 -1.516660929717306278e-15 -5.189861739182552323e-16 -1.341359087402243060e-16 -6.414179950134721852e-17
1.239910550800001507e-10 1.133066291214142748e-11 6.727609381105529850e-13 -6.407852251585057677e-13 1.694036170182068481e-12 -1.408648954437406418e-12 -4.456648456136419697e-13 1.125588228227762660e-14 2.825865084906698757e-13 1.435255214798115633e-14 3.428827020068028257e-14 5.993552571273078981e-16 3.269260505649339519e-16 2.387365520686899447e-16 6.431318255510760188e-17
1.133498532544299003e-10 8.802246030420170139e-12 3.666698913605197203e-12 7.530880121368772418e-13 1.817503474234186725e-12 4.922845937822977324e-13 -2.221190869835839290e-13 -4.465781352010856836e-13 2.087019250768861045e-13 2.639040658501473616e-14 -2.169805880346759354e-14 -8.985110779799832891e-16 -3.389095358603248044e-16 -1.037294990452766054e-16 -1.867781177496957633e-17
2.992863566754985887e-10 6.999176355611580738e-12 -8.915038571431251358e-13 4.884066764166196368e-13 2.809155425848066016e-12 -2.564307741670447155e-13 1.771223351761606388e-13 -4.012711420072798099e-13 1.575796316245216584e-13 1.657097252132956262e-14 -7.423918141903671253e-14 -5.940640264147908135e-18 -6.139468012122159846e-17 -1.931355558506693950e-16 -8.872589879106196088e-17
2.292690237603710554e-10 1.467779362987612942e-11 -1.100404487840598081e-12 -1.765319515463685258e-12 1.667379890376475995e-12 6.284330251041725621e-13 7.947071332575407029e-14 2.583635751142732200e-13 2.408072750754057654e-13 -2.994551255493421673e-13 7.504232179792877928e-15 -1.422135786783685347e-15 -6.899050985379190822e-16 -3.836410796066365910e-16 -3.082108350109284653e-16
1.257357160922926306e-10 8.317476738076718918e-12 1.497325341378980660e-12 -3.901322236691724443e-12 -1.095159809395148736e-12 1.589938879195440827e-13 1.107683693739617694e-14 -1.071139175941201327e-13 1.395663963145268175e-13 -1.035883105402247764e-13 -8.425907755212639284e-14 1.610357932709663430e-15 1.277807148199035159e-15 8.393257846627354797e-16 7.358396913403544499e-16
2.357467530556073393e-10 -1.235082699792464269e-12 -1.465648612019804617e-12 4.166049846702759749e-13 -2.303112718575123217e-12 7.055067302358237051e-14 -7.118244411600320008e-13 -7.838310630854251997e-14 7.783294811749388423e-14 -1.658872698428080795e-13 4.329568903262896795e-14 1.124928930816198599e-15 5.497096172642380543e-16 3.164699503089028950e-16 3.476385334161231834e-16
8.657027729386852998e-11 -4.131057356116412611e-12 4.355522818669263270e-12 -2.488933253663461598e-13 2.055549868791344274e-12 1.977397657801311904e-12 1.878506265366752037e-13 3.874188034811975779e-13 -1.542593518771963824e-14 -7.080756701920055207e-14 2.554791687309146402e-14 -1.405001705395516755e-15 -8.993788480294024267e-16 -5.387229074273406594e-16 -4.405703804448996618e-16
3.532734982893443161e-10 1.418235263097173829e-11 -1.366777354812173744e-12 2.052382421862546721e-12 -1.189813566962058998e-12 8.848868173767997674e-13 1.353631983005989826e-12 9.245330713925970220e-14 7.889849024759327593e-14 2.532869527935306703e-14 5.093217913660595375e-14 -5.881865343807381066e-16 -2.269645057611331065e-16 -8.242561942950971187e-17 1.612476351216006051e-17
1.702130263753205382e-10 5.369343202592950757e-12 3.980868608693891370e-12 1.011154378628138859e-12 8.118023527498861933e-13 -5.428313147422927532e-14 -3.885170962420593937e-13 2.694865959740743983e-13 3.183713746946300216e-13 -9.326383645059692192e-14 2.854956203257329626e-14 -5.370878578961556991e-16 -4.967503925018104128e-17 1.929284499634607461e-16 1.069406211760239940e-16
3.358649254662379583e-10 9.138861629542639872e-12 2.263937213491461742e-12 -2.013281725623420962e-13 9.293501847872492464e-13 4.013429514853871393e-13 5.645901682077256713e-13 -1.752398949774587411e-13 1.083463400834200494e-13 2.381673640142664209e-13 -4.942345436820609290e-14 -1.710430898266727346e-15 -4.353962809564989398e-16 -1.295051744563050233e-16 2.872436108993294737e-17
1.563913500232055501e-10 1.448857823158664760e-11 -2.909713672610266152e-12 2.509643919460019282e-12 -1.289856495412535404e-12 1.360384962552821361e-12 -1.565270111385826709e-13 4.758864677966784824e-14 -9.131819755432346928e-14 -5.440762331469846083e-14 3.230095709953511472e-14 4.554857746789641709e-17 7.345223669164694020e-17 1.414930274638684250e-16 1.048851495907731299e-16
2.065672208512001685e-10 -1.025449310032280484e-11 -1.154027981665710893e-12 -1.258143432191701598e-12 -2.837170841103396047e-12 2.165631592076391521e-13 7.461271399958098307e-13 -3.556385374416851816e-13 1.593399756844262139e-13 1.709193436906693220e-13 3.873975824634398166e-14 -1.647668170534798729e-15 -8.147953040194474766e-16 -4.560809733504456294e-16 -3.846325679777409498e-16
2.788954616976558365e-10 8.047411240371694261e-12 -6.051394186184779313e-13 -1.912940426713239247e-12 -2.505214369573206453e-13 -6.693884601980851572e-13 5.885498015255602948e-13 5.039076247686365757e-13 9.790164938485768646e-14 1.805099694423788130e-15 -4.754391542828662144e-14 -1.206730801731104416e-15 -7.931187081199084881e-16 -6.121286968951214624e-16 -4.986664264032361598e-16
1.337236281083227960e-10 7.348712044278802535e-12 5.420521745579493503e-13 -9.482046159801663108e-13 9.698275202569398078e-13 7.284456239621289425e-13 2.683297988309013877e-13 3.934606267218600809e-13 2.272134801243244814e-14 4.585450215262750037e-14 9.903248464254789711e-14 1.658966834728883883e-15 1.088937749000134295e-15 8.365895821605451931e-16 6.387749750583380545e-16
2.829711766093836600e-10 8.619169304650841085e-12 -2.081353493360603120e-12 5.490269667500316090e-12 -8.947099119471881702e-13 1.624573512568199407e-12 -4.209827827263323375e-13 -1.314928871733105645e-13 7.093948974486263227e-14 1.175350729743010264e-13 6.840796785980029547e-15 -6.109462893735124797e-16 -6.283448078214576068e-17 5.201042000288423232e-18 1.259609659043474828e-16
-2.339166973110462490e-11 3.648921901487662978e-12 5.476267556910413905e-13 -1.000035625927441271e-12 1.680618268100017966e-12 -8.068725909096399524e-13 8.498726576637056993e-13 -1.356415624188992262e-13 -9.895452671552734452e-15 -1.527564285842776643e-14 -5.011019512125541546e-14 -1.053893108008774249e-16 7.561643266392284126e-17 1.065200015933885913e-16 1.998843446742635673e-16
2.197403798768345080e-10 6.079965884437535076e-12 9.928877786736706500e-12 7.523654114120455814e-13 2.807542953991726610e-13 4.563459782048277455e-13 1.701875219370667941e-14 1.617041070863456669e-13 1.119875101833359489e-13 1.395345081287001534e-13 1.858882623747793226e-14 1.636526530343248589e-15 9.517444537779903097e-16 6.763822732727380112e-16 4.612025686650163214e-16
2.216011057861602096e-10 7.464506182049459646e-12 2.277184392831010527e-12 2.234784133104467098e-12 9.197697587193391952e-13 -5.372066607909642589e-13 1.074115158144285610e-13 3.156925195671969210e-13 1.508424109311851947e-13 2.597894763911923264e-13 8.583509605216933388e-15 8.699471492468446020e-16 6.154295038663597585e-16 5.081549397412629728e-16 4.099388149912928271e-16
1.030566191027817638e-10 2.034081313563191824e-11 2.268256705495974977e-12 2.276913781188530949e-13 2.489818127836920636e-12 7.605603072668457131e-13 3.614512595360902534e-13 7.473297531583812272e-13 1.786789255277304139e-13 1.236088583460991603e-13 6.953760479387041356e-14 2.287319976102949291e-15 1.467589757747702023e-15 1.054871723955806125e-15 8.228712605684531366e-16
5.761664516867403621e-11 1.807609603685159645e-11 2.050905161682843931e-12 -1.637484455533623147e-14 -4.162439503534137848e-13 -9.385435032947265768e-13 -4.849498115210271622e-13 -8.074088237808820564e-14 -7.692409670366026368e-14 1.447981159649993245e-13 6.409294589712961546e-15 -8.063186758206313879e-16 -3.348791179547220972e-16 -1.178902228448608867e-16 3.111232088953316086e-19
3.743303086668890218e-10 1.063285221343425359e-12 3.164157970378316707e-12 -3.197564996375161691e-12 1.521799289182497211e-13 9.378930123017735953e-13 5.730177310380403387e-13 -1.720952890139908861e-13 5.549958515774502761e-14 1.984405121109034119e-13 -3.189363903503339315e-14 -1.029987889769735825e-15 -5.544704975992631804e-16 -4.140660366760875542e-16 -3.385782131669378649e-16
4.089180998355531178e-10 4.691237376971251988e-12 3.111419873065591500e-13 -2.842744443569860447e-14 7.011612822943181948e-13 1.144230025580901193e-12 3.919645523138269085e-13 2.485054124211244064e-13 -3.778837914825328181e-13 2.820208882487050781e-14 -3.935996678230219773e-14 3.019553304111091244e-16 1.913901138009828481e-17 1.334497559901646485e-16 1.183485756607350789e-16
2.050623770369134869e-10 -7.229974875235086231e-12 5.225928001126173471e-12 1.793057108575319591e-12 -1.994894001708517808e-12 7.155263334793078764e-13 4.717319093759252689e-13 -1.781577859449279440e-13 1.000958796930782641e-15 -1.044271561306552079e-14 6.225624937237637995e-14 -1.803824361090342832e-15 -1.176170604224680513e-15 -9.502365662764951377e-16 -7.249195116964138649e-16
1.614803660515604543e-10 1.566936950893140231e-11 3.424934228367662344e-12 2.146907220923526513e-12 1.799233031747212421e-12 1.349723164740216657e-14 1.624726000942679187e-13 1.549286362859096679e-13 2.749969751064472095e-13 1.066703873264549564e-14 5.488180493524758203e-14 1.383304260083805661e-15 9.360591229725515742e-16 6.590572129154134757e-16 5.506630507856354515e-16
1.277165103234930324e-10 1.771529293364980889e-11 4.776298783492602213e-12 4.378974973612521566e-12 3.289393862745153827e-12 1.124363563719337029e-12 3.786744006195273873e-13 2.485472006248217460e-13 4.719573095092135528e-14 -4.313081261276144109e-14 -4.172793622887519486e-14 -6.705047331529907421e-16 -5.667042243424311352e-16 -3.495953923244253407e-16 -4.921396212225166925e-16
2.217573608420490222e-10 2.046068832460577934e-11 3.112106255760319391e-12 2.314569126195500351e-12 2.654964043482964490e-13 -6.972844269739642079e-14 1.399270831153906018e-13 -1.748795261877440033e-13 1.533626515366937781e-13 4.811718543042295374e-14 8.723861487758351011e-14 1.438444104966223747e-15 8.088346237396964179e-16 6.476275299330779565e-16 5.757326671350784695e-16
2.149100172324255652e-10 5.495260608739746091e-12 -1.088551745738311808e-12 3.856469758039531833e-12 1.434769709069401281e-12 3.859454396362841806e-13 5.300404619983088957e-13 8.253000126290372695e-15 -1.086249756086178406e-13 1.239739664571154164e-13 1.343575410160826326e-14 1.460886890484382711e-16 2.327322884476051793e-16 2.313613351853042971e-16 3.722658250350063878e-16
8.381699076228583324e-11 5.685762026424482317e-12 1.167602753231514112e-12 -1.965572989558318777e-12 1.680053724040329757e-12 -5.061450438107693868e-14 -4.609007023164463367e-14 -1.920810167924625228e-13 3.353397522355608912e-13 1.120957723148600987e-13 2.315173054001175276e-14 1.115844752787220840e-15 1.127726594299381576e-15 1.053606846283101148e-15 9.005811694291933824e-16
1.384870893241529773e-10 1.203848610145200540e-11 6.955340167085972337e-12 1.567492551426007552e-12 1.224136338554277616e-12 8.428855530319535041e-13 -3.678332246577508939e-13 2.073057562224981894e-13 1.614173185221427908e-13 -1.163995491942176184e-13 -1.558330762924027412e-14 -1.836109499512583616e-15 -1.056223647481094324e-15 -7.915526776200421718e-16 -6.434607352020876979e-16
3.386966250996521941e-10 7.740198835337062661e-12 5.283242928926586468e-12 6.862165139526987766e-13 8.969730718310400963e-13 1.459604327453163023e-13 5.861781638370058978e-14 9.764233366830746313e-14 -2.465489804700022181e-13 -1.733726133297530473e-13 -1.124162916046624717e-13 -5.432171226043992376e-16 -8.261308567420873595e-17 -1.057238554177863967e-16 -2.137899181622776556e-17
9.547549963968992820e-12 2.382813833661018483e-11 -2.543760944301494802e-12 1.309785196500647226e-12 8.562426294510177750e-13 1.761079791578587517e-13 -4.530476491357925837e-13 3.796670718226502440e-13 -1.316271655275511870e-13 -7.112473199983681070e-14 -3.367966917339282391e-14 -1.201916715012990679e-16 -1.264210545423037643e-16 -2.364722832198578199e-16 -3.792996089519738245e-16
2.525108289607479755e-10 -1.721775700474726650e-12 6.270906151735818506e-12 2.059976445573147712e-12 -2.436834282928667103e-13 1.692269405966281572e-12 -6.466910703172751767e-13 3.146292949466833024e-13 8.570680619360642350e-14 -3.267205085725768330e-13 1.995205547788639418e-14 3.118940352009842152e-15 1.972789124243921802e-15 1.333152873043512990e-15 1.025277941178291896e-15
1.540061265058543609e-10 1.140526983096332904e-11 3.154251214569245725e-12 3.304986715231044387e-12 1.519392620602280795e-13 -2.240435924890440134e-13 3.527392887684599741e-13 -3.488627462624058587e-14 3.637805328081154434e-14 1.088752661753138279e-13 -1.183462934612138016e-13 -1.182050070820118469e-15 -5.305146540344747465e-16 -3.211699008728674611e-16 -1.833951489047044913e-16
2.329561041534285773e-10 7.747137792506447630e-12 -4.822761650788222429e-13 5.820454185397721379e-13 8.715425798347437682e-13 5.455722959648758305e-13 -1.781196564571958499e-13 -3.860789760099664453e-13 -1.358862601564526220e-14 -1.087984572506579977e-13 4.824472264803577881e-14 1.575482237422137166e-15 5.370641090396629638e-16 2.841238368805266307e-16 1.751952249163238858e-16
2.602566635143784713e-10 9.272939117352463374e-12 2.828340320994194745e-12 -2.141758604884264383e-12 -2.776861471889462418e-13 -8.112959065856941122e-13 1.745816798001588385e-13 8.399000304791855096e-14 -1.931572191029146766e-13 1.866536868565684430e-14 1.231845311880458765e-14 -1.698138961285799158e-16 1.602136530686479698e-16 2.653585914957437739e-16 2.488892133534398507e-16
3.636591693899265231e-10 2.392776173908273095e-12 2.371824249519188258e-12 1.110205917569041476e-14 -5.697661926882401025e-13 6.889792604056622320e-13 4.197354627763164854e-13 -1.450163909233733301e-14 1.744744433504739636e-13 -4.276808637379285526e-14 8.074938406041087379e-14 -1.396324096849857159e-15 -9.034155198130017188e-16 -5.582243053407577773e-16 -3.364988919310812039e-16
2.416389673067562435e-10 -5.986626542332877781e-12 4.307601577930963587e-13 1.713244034841036389e-12 -8.391448342451296759e-13 -3.325060517242541555e-13 2.917270180925089021e-13 5.294381743331573561e-14 2.768804654413555479e-13 -1.178191981535662295e-13 3.834408761697930316e-14 -1.033872694082840145e-16 -3.837403970887481013e-16 -3.983862024420644718e-16 -5.399442089168508707e-16
1.505777892553295573e-10 1.702782132717768220e-11 -1.108260282556020773e-12 1.297316295176757159e-13 1.050162358992472476e-12 1.258750608836952850e-12 4.236225914073304470e-13 3.130845826021495932e-14 -7.917095935218994834e-15 4.271898269743434993e-14 7.741193835334468318e-14 2.627665073981944688e-15 1.407815735714169036e-15 9.156116735914675509e-16 6.317281563867541150e-16
2.530973713697166447e-10 1.769499457483035459e-11 -9.107283676341109023e-13 3.785507473843706768e-12 -3.098455599499447476e-13 -5.982356743755145953e-13 -5.077481307001406381e-13 2.667688098599242995e-14 4.536229107841396885e-13 7.878604510308576518e-14 -7.928786656428336457e-14 1.411737768611430613e-15 8.631548331133824960e-16 6.632400869566301329e-16 5.400198051129527356e-16
4.263888129900102628e-10 6.653954721494246437e-12 -1.091141579089276041e-12 1.881483886090292384e-12 -2.528906139062085115e-12 1.184971095306127947e-13 -4.293856853994943733e-13 -7.467798975183396363e-14 2.124452686044220067e-13 8.599150006158044134e-14 -3.690693716744244180e-15 -6.976247314680195790e-16 -3.563335120787896648e-16 -3.689246814593492211e-16 -2.554637016462810590e-16
2.198130305445710403e-10 1.759956233362850304e-11 5.664398701834686431e-13 2.176633228263125764e-12 6.033308267568542613e-13 3.533256861914325999e-14 -6.416134482393321336e-13 6.762275896034503813e-13 -1.921769057755372496e-14 1.962694195851643377e-13 -8.534274691486555992e-15 -8.779986803962147666e-16 -7.753524588736823635e-16 -4.141793822156865129e-16 -3.021898371627323959e-16
3.160678234570440852e-10 1.076288840798540966e-11 1.021356833398418020e-11 3.689007143310576876e-12 -7.995022860097094071e-13 4.149894337638257686e-13 2.662433906655168280e-13 2.624917273992363181e-13 2.612694382664019821e-14 -1.116854638591908381e-13 -8.096264824014472698e-14 2.968042887357950486e-15 2.039054992737683554e-15 1.385017145253689673e-15 1.192462108137133242e-15
2.472467791727838461e-10 8.602955253731277258e-12 1.189882676388575517e-11 1.846457627541413258e-13 -2.720946570109614994e-13 -3.608158486707108590e-13 1.880066957011810923e-13 -1.645638333072255705e-13 -3.618378798552982007e-14 5.706838292215092481e-14 -8.417045073717344977e-16 1.059600845245611001e-15 3.276700971072189962e-16 2.143762685202583386e-16 1.370069341091955776e-16
1.004646188445023673e-10 1.776258723599489294e-11 1.146920398953819234e-11 -2.618829948489464028e-12 -1.428818352273842987e-12 5.402324353929457112e-13 1.679118429405059695e-13 1.122738067025468945e-13 -5.418988030012259534e-14 -1.356936600076707550e-13 -2.887353670366941332e-14 1.370449754593120788e-15 6.236294978422519683e-16 3.609097758375819136e-16 2.034228918098168002e-16
2.122300535481442595e-10 1.783898748154263459e-11 3.229372764812729118e-12 3.165041630418582757e-13 -8.973039651622405015e-13 1.196036213243023977e-13 4.959351129897577787e-13 4.862094391725138447e-13 5.217954820366414921e-14 -2.702785746764085203e-13 1.009804263504491235e-13 -9.375013032317603042e-16 -5.317357330177135536e-16 -5.650488318062166486e-16 -5.039301161303146791e-16
2.732864548725357807e-10 1.267718699407439627e-11 1.530580435535733799e-12 1.620215575763889792e-12 8.294555486670031762e-14 -4.840056877100710334e-15 4.662834253405321095e-13 -2.773596866081868274e-13 -1.348079055316624631e-13 -6.227459514455815066e-14 4.710477668712415946e-14 -1.248016987571782067e-15 -3.737960303415008487e-16 -1.496694035899516676e-16 -9.887408365987022237e-17
1.562595749886115118e-10 1.011530876655522280e-11 2.296852773140945742e-12 1.547668039057799285e-12 1.482696653934810950e-12 1.358670738956922671e-12 -3.839552691313773233e-13 -9.311178648330665303e-14 2.264014932355763605e-13 -1.114051988436012338e-13 -5.070324386666039128e-14 -1.407157207882835264e-15 -4.748333334306897717e-16 -1.849082240497858601e-16 -1.376428128943488209e-16
1.529596455180722677e-10 2.115215884339051990e-11 8.690490798367048654e-12 3.291181775765428361e-12 7.886458708467214427e-14 -2.645436797081122214e-13 1.562221198552676132e-13 -3.571137309252694732e-13 4.558038264912357281e-15 -7.145790305599031591e-14 5.624002682140232359e-14 -2.117906478257930042e-15 -1.168468567851616501e-15 -5.725063105617549326e-16 -4.721770986592796575e-16
2.749275748945224811e-10 4.690562349609047605e-12 -1.273980598739231680e-12 -3.982640742775670809e-13 1.599411867810591634e-12 9.625174701141557065e-13 -9.529493672975121759e-13 2.492591619248293833e-13 1.652455260348715778e-13 -7.893800971822397851e-14 -6.838103564168974413e-14 2.405506740313532874e-15 1.893579399412139281e-15 1.436283397741693886e-15 1.182065556679145961e-15
2.972874928649876148e-10 2.635695482419804420e-11 4.970168376227568630e-12 8.200730163001326409e-13 4.243923766534546206e-14 6.599285587079227320e-13 1.874753653379983487e-14 -2.837517758926375817e-13 1.584753136114189525e-13 -1.021947730314723285e-13 5.426011473290211553e-14 -4.209981606594051931e-17 7.704252368145983724e-17 2.299695301291103040e-16 2.320159086715158523e-16
2.327016736929792028e-10 2.093795761953251590e-12 6.144483419767429166e-12 3.779384953419079196e-13 -1.362683087956330028e-12 6.497553032093779911e-15 -5.193423481057122008e-13 3.039615620088698847e-13 -1.730196208940749284e-13 -9.015981528809054429e-14 -1.296716049783600838e-14 -4.521015730351238966e-16 -7.755482947750978873e-16 -6.635924551306187534e-16 -5.628538707637734112e-16
2.589676422786790686e-10 1.455520979486813273e-11 8.390143242742683125e-13 -7.728337733242259929e-13 1.549051175319486011e-12 -9.856958285241926435e-13 1.046632620211804899e-12 2.545265443841248173e-13 -1.657870558063063935e-13 -6.532064477295419127e-14 8.427963466331380384e-14 7.880037710180587190e-16 7.746082239056136633e-16 6.722043933735379793e-16 5.885862186557418263e-16
2.686867299911049045e-10 3.112214469591138557e-12 1.286714127002193940e-12 -1.738382107372030631e-12 -2.329878512461230063e-12 -7.163069739287255400e-15 -4.754837905673285833e-15 5.007768678015280829e-14 7.673148431529244672e-14 3.864777027400190882e-13 -5.927026000885519719e-14 2.137673824950091518e-15 1.510377152369450444e-15 9.960133343478518235e-16 7.526077144512114906e-16
1.477681544176611509e-10 9.342786824660273330e-12 -4.271556007589077218e-13 1.503063820705677356e-12 2.649969511510652797e-12 1.568998583516651046e-12 1.449542016388233787e-16 -2.427407668983093449e-14 -1.155164544624033442e-13 -1.945965368304057702e-13 4.162536108230013282e-14 1.319441871593322577e-16 4.376264228208437096e-16 3.150468029931920371e-16 3.417319091408845572e-16
2.274771710005293450e-10 1.285466725892536264e-12 2.253375754109818002e-12 7.199026474949794475e-13 -3.629549680187956878e-13 -2.510209922019129161e-14 1.072203049840121355e-14 5.256341602322928654e-13 4.270358043798340915e-14 6.899428688721752445e-14 1.695050131850642537e-14 -1.797670054504368427e-15 -1.022360123697531765e-15 -7.713913500767472432e-16 -5.527002536706396478e-16
1.509670553833710295e-10 3.138742372183870643e-12 -3.569320950760643590e-12 -1.186227665560238231e-12 8.252089155897862132e-13 5.241702246803333721e-13 7.438489572488018179e-13 1.170464036374182802e-13 8.895272404333315586e-14 -8.790490125824850238e-14 1.104980497195113608e-13 -1.840366588511422812e-15 -9.384374608507902177e-16 -5.633507139458013342e-16 -6.338307471538268809e-16
2.812685216128122793e-10 8.780220358551721664e-12 -2.115144389226434506e-12 3.493169432756406990e-12 -1.927221127746788804e-14 -4.570417067113072363e-15 4.315648249911962510e-13 6.516346241648863652e-14 1.605265934288997865e-13 9.867641837591557176e-15 -5.621946907938942814e-14 -1.877886424383328186e-15 -9.933796273679025294e-16 -6.356251171881136134e-16 -5.403841189992316936e-16
1.818296778933697131e-10 2.615165362489720546e-11 -6.603087273469724279e-12 1.868703744436104156e-12 1.036351808105681915e-12 8.611343129660955275e-13 -2.270754922760215033e-13 1.637747012002866578e-13 1.189371366556186953e-13 -2.052997349065994213e-13 2.985001850131948042e-14 2.737501929982896764e-15 1.674932351613943299e-15 1.211953077754837117e-15 8.685976294507985741e-16
1.451741383889209358e-10 8.798728992404726883e-12 -2.503120919733762375e-12 1.985584305200034737e-12 -1.347491613095021921e-13 -7.669729066446961904e-13 -2.867691971977070320e-14 3.845127943469354056e-13 -7.148025851010051459e-14 -4.988691890149970533e-14 3.239590913011886797e-14 6.007182015080953256e-16 7.457835640022805878e-16 6.530100144680673762e-16 7.065092727211381721e-16
1.439478547570885779e-10 1.360188538256825395e-11 5.186023215030449685e-12 1.652377458567242906e-12 1.523717547476972402e-12 -8.317529329551766314e-13 3.246867542768344088e-13 1.195625857361177967e-13 2.016418016470904177e-13 -1.060967453671921926e-13 1.493826271884073201e-14 3.441883952292433941e-16 2.363341548114033037e-16 1.075952445692507180e-16 6.076941900353778034e-17
7.382275916601696465e-11 2.091431266244857575e-11 -1.775411018681219192e-12 5.437776313327114142e-12 8.427188985093065756e-13 1.119379800644054728e-12 -3.472220642029496425e-13 2.902345859587228454e-13 -2.194727540348110755e-13 -5.992388079368905639e-14 -4.221896430382663413e-14 -1.162548218622585506e-16 -2.299352749891983326e-16 -2.540679759838618724e-16 -8.553141974153637762e-17
6.071480962104272559e-11 6.588589794649193371e-12 9.910015691451654386e-12 -4.751739769270266892e-12 -2.813399868266209941e-13 7.861073876407117588e-13 1.007002253182912956e-13 3.341379741738587858e-13 -3.029622785313296507e-15 -1.538455632360056306e-14 -5.156333863338352231e-14 3.670026481153372272e-15 2.142178369540624138e-15 1.505251406996910168e-15 1.075864044443508679e-15
1.859215778666084238e-10 2.288170833984593965e-11 6.333216762855463195e-12 3.076854586929809201e-12 2.370927742266464482e-12 4.410363767100109665e-13 -3.483267515626435691e-13 -2.021283339144066443e-14 -8.874488447082787018e-14 7.977458025573683418e-14 2.802519639874664060e-14 2.210956009790261870e-15 1.195467425664197165e-15 7.042855452880498629e-16 5.435396825097843511e-16
1.683678562921249976e-10 1.235190460602002555e-11 8.196828393217425339e-12 -2.482611413657378823e-12 6.084550751729534482e-13 -6.434526269246890902e-13 -3.415819864013164161e-13 -9.781600887641485346e-14 -6.726170200251640476e-15 -4.975839076560728663e-14 1.212455063289606700e-14 1.163091464340513925e-15 5.440342636854572826e-16 3.986542473211263851e-16 3.481025874666912395e-16
3.075235607991336983e-11 2.321042279450945456e-12 7.511310480432537452e-12 2.798873392703749718e-12 1.810101932964487154e-12 -4.208308993668248962e-13 -1.490619752264644490e-13 6.525686657498371270e-14 8.122939449851503869e-14 2.061327502141331734e-13 1.098951283687920541e-13 1.059021163177268234e-15 2.869314036178421858e-16 1.473602748400168066e-16 -1.061271017189662737e-16
3.958441585940526132e-10 2.149883512114045818e-11 3.477498192897814988e-12 3.058946835382968344e-12 2.471538487037484993e-12 3.228287051433901722e-14 -2.288837249568845835e-13 1.104390255700005469e-13 1.690493767190903944e-13 -5.351458111869114027e-14 3.881082402648600242e-14 2.280717584595553531e-15 1.805771971026488485e-15 1.411340093963645183e-15 1.263169389204488884e-15
1.692944422582756010e-10 5.193956194394602947e-12 8.173307490549121226e-12 -1.103355543489561809e-12 -1.122054447573454560e-12 1.241789111342365171e-12 -5.571950813037909500e-13 -1.859123075752963232e-13 -1.594111707235677875e-13 -1.464693280971761784e-13 -9.728946059572788009e-14 1.628222710583770840e-15 9.574644413441438150e-16 5.739515143011745621e-16 2.909947211850825744e-16
1.344293270734515969e-10 2.424533569523765879e-11 3.764191446326737446e-13 5.747669753418963595e-13 -1.380334650098849643e-13 -4.253363792897045706e-14 -4.544610089048224329e-13 3.304743625854105366e-13 2.813896167688866886e-13 1.557882662154743217e-13 8.088380612585452911e-14 3.169081165709829173e-16 2.357456925187122948e-16 1.495723911480907536e-16 8.626039979872417128e-17
2.922313960145595548e-10 9.798245349828808670e-12 2.892376233982792280e-13 1.588837266557315208e-12 -4.214360115672785729e-13 1.143589659280945346e-13 -4.064069468547763696e-13 -4.357761079864385152e-13 -5.492140943131521540e-14 5.467207586710779835e-14 -6.478492110780320084e-14 -3.774705031040313439e-16 -1.801477071666380037e-16 1.072122983117318576e-16 7.825473970813476380e-17
2.754888634333380733e-10 1.283716850216501586e-11 4.134262120418115937e-12 -4.481920595899528170e-13 3.117351533632386909e-12 1.113601936368319511e-12 -3.391269149053143218e-13 -2.332962402653316574e-13 -6.902305246516122033e-15 -5.757538384852164516e-14 6.943879092014693190e-14 -8.166686624382830332e-16 -5.825748261674061024e-16 -5.143077772331432209e-16 -3.192150662573904327e-16
2.521443115044074304e-10 6.686551911890856111e-12 1.456964724390101302e-12 -1.474102467010382890e-13 -7.763523875575241752e-13 -1.022058898064813340e-12 4.468475914473552394e-13 2.218813833314549803e-14 9.957530383183919292e-14 1.011057077136900916e-13 6.811278577326018673e-14 7.731070014943934486e-16 1.014246030880539104e-16 1.130515489881670452e-17 -6.760120155049431068e-17
2.056248394949068569e-10 1.257783692911164289e-11 1.170175368547745374e-12 -1.665561787393287284e-12 2.270267284946935542e-12 1.789295329116928180e-13 5.525002156407301053e-13 2.342524036447369158e-13 2.159790405482122604e-13 2.066129235750161378e-13 -1.289854635758839895e-13 1.676547348386988577e-15 1.090223700148213473e-15 9.971779858285941845e-16 7.976490548076765267e-16
2.411535735672967008e-10 1.804174336808151200e-11 5.272851393557635969e-12 -1.219034326764694496e-12 1.741341600706747118e-12 1.419205413857598412e-12 -3.349801561308149986e-13 -2.244614303290111188e-14 -3.624816765464934643e-13 1.392412345895157927e-13 -7.502101016880648323e-15 2.216181282407652213e-16 2.465297740635104083e-16 1.875294792796970557e-16 1.879851608791321149e-16
1.766190621442709953e-10 4.197118247892527564e-12 2.024497408107923613e-12 -4.274401584034863522e-13 8.548371197740203143e-14 1.001702448644094530e-12 -1.231458149778644244e-13 -2.141158212504619635e-13 -1.946810642144416271e-14 -1.017829987165432234e-14 -5.273286597392693031e-14 -1.013272709243614823e-15 -6.754806767832811734e-16 -3.686399347743682513e-16 -4.463464840137180617e-16
1.983912553670017688e-10 -2.558252372900691222e-12 6.020508864413536854e-12 -9.329168503531712111e-13 -6.495447648148587845e-13 1.149015112917733369e-12 4.414235051055030855e-13 5.602954072856615494e-13 4.443025647988067150e-14 3.483044024646530635e-14 2.299052174197405104e-14 7.272822208381878366e-16 5.597762997668900958e-16 3.573858868626642629e-16 3.035657985309004780e-16
