# Cls sims
1.313355035501288265e-10 -1.490410385117408966e-12 7.329438791226766956e-12 -3.948200748292123368e-12 -2.193794801991110602e-12 1.209133089156944230e-12 -1.807242364585561262e-12 -3.946368992338427140e-14 2.567222719677695775e-13 3.793911640910199874e-13 2.555227704499378354e-13 -6.273550092693515206e-16 3.942124145811433660e-15 3.270003198481814066e-17 2.022681569247373524e-16
1.520850472726674538e-10 -6.860350782852414234e-12 4.915908157314834841e-12 -1.467132716715982447e-13 3.121271885658613528e-12 6.983118249053419658e-13 -1.814008157190052000e-12 -8.686102240025340803e-14 6.319633123262928377e-13 -2.769644655734885352e-13 -6.717434179092659774e-14 6.351212971257609522e-15 4.825250168146853748e-15 -1.296808732500882829e-15 -3.307937798150950535e-17
8.916986361085560769e-11 -2.143304195572876417e-12 -9.920465432465881207e-13 6.435157149075027279e-13 1.440741363412811736e-12 3.711876651253689373e-12 6.994128669826038026e-13 -6.077868579849487115e-13 -1.330887638384386479e-13 1.404693826124764424e-12 -4.862649400026812024e-13 -2.014966935780635297e-15 -2.334759841508974286e-15 1.477525391758237652e-15 1.425197864050136484e-15
2.414385542651463614e-10 2.673511288038834822e-11 1.041696713315569483e-11 2.406639051180438624e-13 4.809681097346041884e-13 1.158235136091478772e-12 4.840949919881207091e-14 -3.024130549110394690e-14 -6.943698523905157337e-13 -2.068605541242220684e-13 2.357395378183898137e-13 -4.845560248681679861e-15 -2.586667290361699014e-15 3.335207993235688506e-15 1.850460887262159951e-15
4.346643694034599383e-10 6.480810105956881996e-12 -4.539990629622739528e-13 2.289257718748383582e-12 5.549028086652061053e-12 -7.530734041989635533e-13 -3.836037947957514472e-13 1.656218418815882109e-12 2.692941887891895105e-13 -5.741459997134511056e-14 -2.729222623268121448e-13 -6.929237553348725793e-17 3.659377378429469833e-15 -3.624228384768810329e-16 1.150294366672253778e-15
4.555250661479123121e-10 -4.053424654437501846e-13 2.600109239207585813e-12 -5.111711726767862100e-13 1.268249719775660351e-12 8.107260809500491632e-13 -7.288507902478832104e-14 1.610849958433147965e-13 3.753162071387407845e-13 -9.847987620553370021e-13 -5.657946292590777478e-13 2.883532253492216751e-16 -3.101940322127356715e-15 1.348877676962272928e-16 -9.499007748884090890e-16
2.173563479522738998e-10 1.452273917438642333e-11 8.712848749050977928e-12 5.466746403864897861e-12 3.029559187755361523e-12 8.589550569197323375e-13 2.243333203644180664e-12 -4.347698559021957880e-13 -1.009362233135460391e-12 -2.025210777649613794e-13 9.573579116969570454e-14 9.274061422208729292e-16 -3.948495358419986759e-15 -2.033319133164254639e-15 -1.394613260743052147e-15
1.996124392261807143e-10 1.189185956620654213e-11 5.571124573993155203e-12 -1.211302823084845968e-12 2.112716484416279058e-12 2.286604427124004832e-13 7.698905110010024761e-13 -3.858532520047702350e-13 -5.269100681377958363e-13 -9.313561441217640450e-14 -1.345929195047525829e-13 2.427784087019576444e-16 9.030458281564589968e-17 -1.789783205296412000e-15 1.547848174647239576e-15
3.607069203184432553e-10 -3.711293772096406006e-12 -5.271609869780343639e-12 1.696561105559295530e-12 -2.657798267830605162e-12 -8.452900264939263951e-13 5.837155027342373239e-13 8.124420950533721097e-13 -5.944389185402099738e-13 -1.922449312117705040e-13 -3.594776650975795788e-13 -1.266306688017285546e-15 1.231304548836351160e-15 -2.606801746601423292e-15 6.357469356092746356e-16
1.640154027344950649e-10 -1.980898144347321771e-11 -1.182027446069541566e-12 3.494799539593242889e-12 -9.603057239718164480e-13 -1.485990137341628730e-12 -2.972190929317379350e-13 1.464458247286487973e-13 4.151894947845680617e-13 2.970650175361255955e-13 3.213307080143903918e-13 -3.550219765835534624e-15 2.556565397101358300e-15 -1.223991069858492751e-15 2.215518296583854877e-15
2.378272259398723276e-10 2.476460715139026181e-12 5.550490877222665215e-12 1.896995390868633932e-12 -1.069827320485671265e-13 1.006814915213968116e-12 2.108362139533559858e-12 -5.313794271746525544e-13 7.487852629240703926e-15 -1.785963936571767084e-12 -1.253075123467271040e-13 -6.301089588063927942e-16 -4.795944682411239671e-15 2.297101755596368464e-15 2.470202158738316567e-15
2.450609947853198162e-10 -5.917186474537834782e-12 -1.191582036488675193e-12 4.801794256095699830e-12 4.165758084419002149e-12 3.012099420106295826e-12 5.994129530553556291e-13 -1.946042492477990171e-13 1.543666597476483675e-13 -1.285985501819122521e-12 1.898474130273942982e-14 6.089774397874490758e-16 1.595896795444338471e-15 -8.113081742104770399e-16 6.060969158828393752e-16
3.067251525742676876e-10 1.411286415015153327e-11 -5.888063156688304608e-13 6.586268254274469714e-13 2.695638549747151307e-12 2.319804834756760750e-12 7.071832780878246290e-13 6.688332232974111082e-13 -5.270802191382223943e-13 -4.622636988526794944e-13 1.519241529525621472e-13 -2.011226407501724845e-15 2.452516698623431474e-15 1.442694089601982827e-16 4.846923714132767145e-16
2.183862641486492383e-10 -3.574211335172893286e-12 1.120189447250800834e-11 6.652235189775930895e-13 2.421967694711939270e-13 -8.937540569883556545e-13 9.307973554964509027e-13 7.821983881470688169e-13 1.648759377227364318e-12 -4.352643605951834894e-13 2.883972450301289814e-13 2.847976119978278411e-15 -1.656226632853700094e-15 1.985387396457814340e-15 -5.009419481149925650e-16
1.758496780277267585e-10 1.297383503062990226e-11 1.339928674247632754e-12 6.244911240566646309e-12 1.612719910729979870e-12 8.563558700398866220e-13 2.164292867300082542e-13 -2.612596489330106598e-13 -9.001521455939765094e-13 3.268932149223727462e-13 -1.015189139682799022e-15 -5.786753380415705037e-15 -1.660813440458346561e-15 -9.864236942019692655e-16 1.523194214791159564e-16
2.594195260069164888e-10 -5.853838692812771932e-12 5.038246179180211426e-12 9.713902387902241416e-13 1.557870399694461710e-12 -3.839805543611850362e-13 1.418152093804104163e-12 6.099350093966353078e-13 6.596196326559097326e-13 4.699112997146187580e-13 -2.074015781493340057e-14 1.890122137004588296e-16 9.038398966535630254e-17 -2.135006731145114980e-15 -1.918547423999470808e-16
3.481521861010941269e-10 9.811483028610076547e-12 1.618829255820714724e-12 -1.070032626460601776e-12 -2.791978116840966816e-12 3.087026230529470423e-12 -5.144865096177745475e-13 -3.112375290262754587e-13 -4.212292725561470323e-13 3.328183545740447866e-13 -2.929261081627716294e-13 -7.266788006394121000e-15 3.896583489109091324e-15 -3.466235339714426777e-16 -5.986823798639840732e-16
4.692797940565835785e-11 1.132041065906956912e-11 4.605216726617519950e-12 -3.679513523187076930e-12 2.258468394207942061e-12 -2.015524667403336178e-12 -1.211111414700704613e-12 -3.814493740017541534e-13 -3.687973995805471999e-13 -1.252037410439856859e-13 -3.246460636436282736e-13 -1.939338803216747474e-15 -1.532568479970374773e-15 1.203389536900889035e-15 -3.980265556383005991e-16
6.576322565987386775e-11 -7.918754021419614008e-12 1.157999907669912975e-11 3.733102522588139809e-12 -1.416613115987080178e-12 5.142892159647895532e-13 -1.287920346730237261e-12 1.089590560653120946e-13 6.373270793069193216e-14 -6.122267264131819704e-13 -2.508149899747956708e-13 -1.229665700489976759e-14 3.190330053215152410e-15 2.698358338278824458e-15 1.220004913464473380e-15
3.588627491083589469e-10 5.877488747596829805e-12 2.284129472923129602e-12 2.796734386138213171e-12 4.884111654332707849e-12 2.095024324915586951e-12 8.628823801415108476e-13 -7.038782746904735379e-13 5.448050834675786955e-13 -3.090030148833348076e-13 3.628993177766681339e-13 5.502118858482430179e-15 -2.732755416384494960e-18 9.167318337879079947e-16 1.866047787422486946e-16
1.692344412074735622e-10 1.163142096529903892e-11 -2.016472547412136421e-12 2.498916589194458551e-12 1.708237447495615519e-12 -4.651284147594740856e-14 2.123907047967226160e-12 -1.382523336994212132e-13 -2.162252882204406481e-13 1.483662363524618398e-13 -1.017165217228762587e-13 -1.888925609171881936e-15 3.737467633660397430e-15 -6.707599878465153169e-16 1.676840421936155131e-15
3.757203889696216960e-10 8.274598767516887568e-13 1.112238507924623536e-11 -3.323951514722033159e-12 6.096162045632244551e-13 8.475539578461669891e-13 1.434213968183826651e-12 4.927567521060932763e-13 1.636060425008733249e-13 2.361375245488536811e-13 -2.669730777319622665e-13 -2.974983991330621927e-15 -1.035354559060265225e-15 -7.313143212369736938e-16 -1.931594474607849631e-15
1.832967202946666495e-10 2.945853455790823752e-11 7.141058374458882655e-12 -2.282485731151349887e-12 1.858268050955805585e-12 -1.221812379761186153e-12 2.178175953589946086e-12 -2.185107932527536818e-13 2.665290197593617558e-13 -5.047582636016592424e-13 -1.249800318732455095e-13 1.008257954353144424e-15 1.134308449337668409e-15 -2.346899230858909066e-15 3.136509590628224996e-16
3.921562834861064640e-10 5.031810101033607210e-12 8.113403979972417341e-13 7.956507006015054533e-12 -3.014491207470831041e-12 -1.121530313066522337e-12 6.580760736428240239e-13 -1.054484234992682872e-12 2.137482732728528756e-13 4.463893745171016337e-13 -2.506915795643349254e-13 1.212403805316864367e-16 -2.458108984714070468e-15 -1.121216348121335022e-15 1.508053071548833488e-15
3.548958053151829153e-10 -1.558949525726777592e-12 1.390033579299531029e-11 7.135806034884090789e-12 -1.321558795334343280e-12 1.463047723233587720e-12 -1.145745670109102542e-12 -9.627651652905693056e-13 1.634043178650419369e-13 5.942911644131445078e-16 -2.400094801448122408e-13 6.249591817929484197e-15 -1.885359569186244628e-15 -3.993982299317443671e-16 4.860919036199822418e-16
3.509093095893496056e-10 7.395439064287046270e-12 -5.408761066561602084e-13 -5.175249381494181891e-13 1.429194739295972890e-12 -2.127158616211172478e-12 1.348358097544376053e-12 8.499643242314899571e-13 9.151941111790661841e-14 -1.333826117346178942e-12 -4.720443497407941530e-13 1.990359353199457308e-15 1.986334427565598188e-15 2.779514541383882562e-15 6.564434295633857499e-16
7.212330928050978903e-11 -2.620709187646833832e-12 -3.972544006593506989e-12 -1.112499447144119597e-12 1.676590384664160762e-12 -2.431968031834439111e-12 5.470736766233128831e-13 -4.980498721408394204e-14 -5.485112080618821237e-13 4.458429990228373269e-13 -1.258366155658979726e-14 7.725126379197435816e-15 1.318581154996482084e-16 -5.383760174234343547e-16 4.211935013412687489e-16
2.391087107895069887e-10 -6.157304946010871874e-13 8.784810005991689639e-12 -3.213991837761436704e-12 4.176908169666720666e-12 -2.838992918218643157e-12 -3.464630731119241818e-13 -1.202378426814742652e-13 4.235584008003802938e-14 -5.446753120187581716e-13 -2.209640923161362677e-13 1.288587041511072176e-15 1.036031064116082539e-15 -2.711548905315078395e-15 2.891756971447024549e-16
5.930260437465039974e-12 9.502913733875795471e-12 1.014615288889074546e-11 -2.416947230722391987e-12 2.922246742312858839e-12 2.806892841610295593e-12 5.085380635794517812e-13 -6.649936645204252701e-13 -1.786880024702779142e-13 -1.736156894333685348e-13 1.882021417280370867e-13 -3.333049175692191667e-15 -1.046369085609267893e-15 1.728479652465423141e-16 1.286033615486616989e-16
2.217849770709215152e-10 -2.012509931087448948e-12 3.637192693878454843e-12 -6.995875216004773885e-12 -5.700978191145926961e-13 2.684838237674020030e-12 3.369042618643342621e-13 9.912351047956162789e-13 -2.607118513159232506e-13 1.441362694057136765e-14 2.687852484390763509e-13 -1.156649740953535242e-16 4.028768993438432060e-15 -1.954376190586817765e-16 2.145463500781046173e-15
2.670764197354628304e-10 8.272359119354400234e-12 1.589640640165092453e-11 2.605119997712155458e-12 -2.227760378888931090e-12 3.149116405356791917e-13 6.485535835999664480e-13 -3.641991587876320147e-13 -4.389512237576734353e-14 1.774542624824370563e-13 3.325254570287786824e-13 5.706373495178171172e-15 6.383561410920841358e-16 4.368386771646523756e-16 -3.129086814285312344e-16
2.434206439154350591e-10 3.166034082756731906e-11 3.044424415754525752e-12 -4.374363543007520358e-12 -1.417426211363258134e-12 -1.606165958768185878e-12 3.745496898896207618e-13 -5.040046091442359036e-13 -2.475228304364391486e-13 7.376719626981377751e-15 -1.526942904230068834e-13 1.770305878232957014e-15 -2.247943788807632509e-15 2.823910943846948043e-15 -1.031293234619355730e-15
-3.163619888777263538e-11 2.285206415530691762e-11 -2.752208645321610718e-12 -2.755438374949158373e-12 -3.988841339854867043e-12 2.063787307892005108e-12 2.172764097350081335e-12 3.738610696284591415e-13 3.789018585935116692e-13 -3.460722685974357203e-13 -1.191003594470905502e-13 1.968381468217789252e-15 7.933577014541936450e-16 -1.646103838087539821e-15 -8.440004109011435536e-17
2.724985595730175734e-10 8.420100617322194368e-12 5.032948629400543799e-13 -1.458155049211948392e-12 1.358594784178294396e-12 -1.604931728274910326e-12 3.414603532366379221e-13 -6.187674294350110732e-13 4.472495135492633689e-13 3.727806459896577182e-13 -2.791268818678652042e-13 1.397843399349230015e-15 -1.787610534958140056e-15 -2.421284373989901450e-17 -3.144093216417373200e-17
1.716558259591423565e-10 1.896555529891081632e-11 -1.020547720702455291e-11 1.259847193781220943e-12 -1.941799975222353713e-12 1.401702525671497000e-12 2.404453093488501760e-12 2.679724253926825434e-13 6.918707940320471956e-13 2.837964578979482393e-14 -5.823067903072352506e-14 5.221523833106050469e-15 -1.493458108841508023e-15 -1.063751036272571667e-15 -3.229470902942931427e-15
2.017363902883304653e-10 9.883184600950232341e-12 1.260814409081811464e-11 -6.438374773081305788e-12 -3.326346886977892300e-13 -4.137523901450534868e-12 1.528959451018210933e-12 -8.266121045544161129e-13 -2.111459366223332906e-13 -2.303759726258823604e-13 5.861880503414156015e-14 -5.889573126675662245e-15 9.343058001638230964e-16 5.328604987649075520e-16 7.734422793970641291e-16
3.695794273090768021e-10 1.506111577752464523e-11 6.975580063802930316e-12 -1.030815897754100735e-12 -6.022018757928578988e-12 1.854546819694681447e-12 -2.342569493341294920e-12 2.825923419044116722e-13 -7.577788094481249548e-13 2.334458777512326275e-13 6.825993736461401852e-14 -2.985226728856569381e-15 -9.845848826303482454e-16 -9.743172345380991897e-16 -1.610965849740871008e-15
3.743000170885480231e-10 3.693593076497163521e-11 6.446067179046721645e-12 5.308897542315837771e-12 -5.430710121751411784e-13 -4.273644915158716778e-13 -2.065229502703922348e-13 -2.162321093532910875e-13 9.584119693048555066e-13 6.283868218788846735e-13 -1.861138152058299940e-13 1.469137589033241973e-15 -9.023686473550641192e-16 8.980193489131497129e-16 -2.147813583052639893e-15
6.321293370302497793e-11 1.097227751553226757e-12 -2.501908515998487436e-13 -7.327975848178532206e-12 9.125615544564001962e-13 1.484602669396596221e-12 -2.778702670758006372e-13 -5.181741978880387679e-13 -6.951437098304275761e-13 -2.125907974737287526e-13 1.799398651915152143e-13 -1.412428308522709911e-15 6.554674204160168921e-16 2.009556183078868258e-15 2.033939710496912680e-15
4.505948705380223347e-10 2.721797353590344874e-11 7.765882757223295727e-12 1.980688042974291990e-12 2.104275257833016376e-12 -9.989049154493457180e-13 -1.242219725336179423e-12 -1.271170422809012388e-12 -9.276604260074255605e-13 6.506706111704467555e-13 -1.533345635093826141e-13 8.018265201025397797e-15 2.845495168779399340e-16 -2.924302877720935962e-15 3.244614763514590309e-16
1.941765660126578184e-10 3.622132016462628502e-13 5.803103250018013836e-12 -9.751681673429263243e-13 -1.065402163222798861e-12 2.801011002734078876e-12 1.513472948329873874e-13 4.486032261620517595e-13 9.364173939627741103e-13 7.491970291561800471e-14 -2.986803867437491830e-13 -1.643546227446191741e-15 -1.555079712557390489e-15 2.309906462612966996e-16 7.969301465134715430e-16
2.511267018926422048e-10 1.070149422998403934e-11 -2.447009362720070560e-12 -7.211032413268817124e-13 4.537879191208281768e-13 -1.309488352015385944e-12 1.398698818859573777e-12 -2.402297828532660931e-12 -2.243823435207716511e-13 3.638668206473848845e-13 -2.598493114040977247e-13 -4.769583363293556477e-15 -1.097825130029916388e-16 2.552064407721776898e-16 1.573775644500319431e-15
4.416141270897246413e-10 -5.665838681296439108e-12 9.805374054941497580e-12 6.065720141740161551e-12 -1.158229002169792724e-13 1.016424416148156850e-12 -1.786053832695250570e-13 -2.045947683735254513e-13 1.767698177203464190e-13 4.447862889651794489e-13 7.364612747463543377e-14 6.131701829701490585e-15 8.554711337415535362e-16 1.557162980859880573e-15 7.531250966061001627e-16
1.609002492079992338e-10 1.027000695494875466e-11 8.056557140314101682e-12 8.692201818055427688e-13 -1.756936859510390128e-12 5.923700816453879664e-13 -1.687232942591268751e-12 6.665515812626265467e-13 -1.013969244630620335e-12 1.886146293344161207e-13 1.530867355807489934e-13 3.685449344186077853e-15 -3.156226205227908134e-15 2.106915621871251359e-15 8.877628427124638427e-16
3.107643111883200568e-10 -4.551155494930649863e-12 -4.396743490386587402e-12 -1.572841419335417491e-12 -9.011962222282491134e-15 2.650813784381637594e-12 1.592962364542651700e-15 -9.119862106160061558e-14 1.000556872914282203e-13 -9.629680354093898221e-13 3.828511654754247989e-13 -6.405678163144197547e-15 4.090330138396349732e-16 -6.838447054512230398e-16 -1.453157963748404432e-15
3.120307888053794629e-10 1.799579470370195463e-11 1.349283867846436623e-11 6.070266279066079824e-12 7.374199141465759653e-12 1.552791843410792481e-12 -9.818176279888065042e-13 -1.006757740791483075e-12 -9.883056077863812021e-15 5.218224323653877074e-13 9.577402884849299540e-14 -8.523587456911510740e-15 1.419717811573024660e-15 -2.461760175990143852e-15 6.482858940661699079e-16
3.103971685950760614e-10 -3.958680439351776785e-13 -9.021408173289787306e-13 1.343335291577531814e-12 -7.573399262085018269e-13 -1.891036854400432219e-12 8.534091130115552573e-13 1.101964464364512794e-12 -7.416035563136236627e-14 -2.387494966929148026e-14 -4.194059626204052348e-13 -3.166549542961966644e-16 -4.964144645797696336e-15 -6.405862413054249811e-16 -1.417208925785527578e-15
3.811875794890426545e-10 -2.749966735245629887e-12 9.666496376962219417e-12 2.106071754338745209e-12 -6.265600009249541364e-13 -5.351710344773346434e-13 -9.707018817772573314e-13 -8.639054722847135158e-13 9.266851116207671574e-13 -4.249236060788007072e-13 3.036206053524329204e-13 -4.314235112112671822e-15 2.134796568665540928e-15 -1.300001784201210587e-15 1.025277847350479659e-15
2.368160843297581917e-10 1.829512264243313716e-11 8.163690952215989059e-13 -9.427861582686658921e-14 -2.471752822194697186e-12 1.179158087644213470e-12 8.235585503717734058e-13 -2.377738269161351036e-13 -9.726522825308861540e-15 3.044670319531638194e-13 -9.197566884814949494e-14 3.493591973409133475e-15 -1.651767185612838162e-15 1.522647148632964914e-16 2.460049207287847252e-15
1.249914694500046978e-10 -5.257855234759451728e-12 1.197730786619076999e-11 2.349129662666419121e-12 -3.322452186514739331e-12 3.618910970404502114e-12 -9.647362251942388389e-13 4.141961873463135505e-13 2.368622450420221342e-13 -2.800238057146243408e-13 8.005652331204693438e-14 -1.792588305143566882e-15 -1.457523012647649435e-15 -7.459342512570007440e-17 1.243987643136640782e-16
3.973639147096214284e-10 3.270663269279916729e-11 -2.191926289472131269e-12 -6.029064718103628485e-12 -1.940161625140551046e-12 3.188401995270896123e-12 -1.463785988203764570e-13 5.473289330408385443e-14 -4.169587889254378085e-13 1.375094257352207446e-12 -5.081884585223218861e-13 -2.459768652488914905e-15 1.931238713709561644e-15 -1.663414088800671394e-16 -1.397944252773103464e-15
-1.376276622686507516e-11 5.923384032183232452e-12 1.301247256460091522e-12 2.812429986282520956e-12 -1.358954625612491321e-12 -3.389749837012216356e-12 9.582180311755903024e-13 1.321003987828145745e-13 -4.739531100361784212e-13 6.725299522056067591e-13 -2.247343128996716274e-13 4.913307229243931121e-15 -2.346884014743676267e-15 1.379516563773060187e-15 4.350946321155332944e-16
1.454627448456325710e-10 -4.912076713297882271e-12 -4.170566819696157751e-12 -1.072308089706363090e-11 6.932095253369136929e-14 -1.087988061739632179e-12 -2.096861531982257082e-12 2.890142426229888554e-13 3.568965833135533170e-13 -7.510869640520220065e-13 3.575441943529569161e-13 -1.836953246410603016e-15 -3.771840675912393415e-15 -7.020526506148324260e-16 -3.741044703634516764e-16
3.532840919071422075e-10 -3.133825818952704886e-12 9.327166985647677659e-12 4.813862996265754076e-12 9.938260518245947921e-13 1.528664654894547369e-12 9.708104221062421383e-13 7.497823111507496592e-13 9.425041363379243690e-13 -2.037577353038775937e-13 5.307650530144725760e-13 2.881817490865790241e-15 2.582865548532378434e-15 -1.897439962291260236e-15 6.759374422002565826e-16
1.030297405184082008e-10 1.375430474785831588e-11 8.045289710876454664e-12 -4.132559546944700623e-12 3.168946532568306943e-12 -1.608334651903721376e-12 8.151311450853781212e-14 3.926387204149648774e-13 8.490657571501340751e-14 2.722630193006967236e-13 -1.917178502989583263e-13 9.154568300537067040e-16 -3.266960030877399729e-16 -1.256017274086781625e-15 -6.067016023189397429e-16
3.502306137084730088e-10 6.099299226138438447e-12 7.937326548276721154e-12 -1.623145634948380769e-12 1.999581759221246343e-12 4.368671148782631932e-13 1.359117528198649827e-12 8.914481869322656841e-13 -2.758853030868251539e-13 -1.312977743016217323e-12 -9.690234305437817348e-14 -1.666040772956361565e-15 -2.512103587055702574e-15 -1.381834437217395317e-16 -1.653203501003237291e-15
3.591339077008151173e-10 1.975979001141959647e-11 2.083387773513191720e-12 2.101256076177677426e-12 -1.688781306054940619e-12 -2.152947325794983274e-12 -2.833086575402890313e-13 3.265750774249198427e-13 3.077555162897308318e-13 4.077988389814531378e-13 -2.171654761326977176e-13 3.251439460144845842e-15 3.698304294704081491e-16 -7.072333451603264590e-16 1.746031274804937833e-15
2.302562183875512965e-10 4.905270442402582774e-12 -5.064354490933509683e-12 2.182503261728872693e-13 5.775082165673539915e-12 -1.883887428546368139e-14 -2.324122973530091466e-13 -4.150684378326245251e-13 -7.402176113127653831e-13 -9.187328954304197554e-14 -2.123362560727687703e-13 3.973700515028185771e-15 -1.009092993027379398e-15 -1.072564194399838915e-16 2.521620452830984794e-16
2.874630214374055220e-10 -8.928626156392014244e-12 1.085566629205317348e-11 -4.071314854541434739e-12 -1.156671480423102120e-12 2.896250859637588742e-12 1.140419621980841087e-13 -9.535093371039843177e-13 3.459542958692557224e-13 1.535657020567078150e-13 1.956450996606521355e-13 -3.949874893989071134e-15 -3.023240908702942701e-15 -5.794410820918972141e-16 9.648922425963563785e-16
4.720880115799966508e-10 2.116685037726770094e-11 6.565480673218218221e-12 8.485371693912941040e-12 1.048601899842948251e-12 4.178932633722637883e-13 -2.322073923539223135e-12 -3.369043175877288215e-13 6.334683263043834184e-14 -1.291982175161052487e-13 1.207470481872539117e-14 -3.695523900486179545e-15 2.250423602446925571e-15 -1.036630162511856594e-15 5.829299791702961090e-16
4.233461675482108567e-10 2.058883315346659462e-11 8.110530763469207495e-12 2.738308777488925042e-12 -1.119713790923700199e-13 1.376700556278883364e-12 2.356678451184072620e-13 4.612109076213761226e-13 8.762665616142252692e-13 -7.107188515560292890e-13 3.229346209655859625e-14 -6.798921776713327909e-16 2.125550907784546695e-15 -3.430809534964670780e-16 1.793947321334331776e-15
2.082919486167436664e-10 -5.838075118153447590e-13 5.989964605783469820e-12 -1.668470595858869706e-12 6.408711572940616496e-12 -7.483947386483747972e-13 -5.622933823087316630e-14 -4.656612734090264228e-13 -4.750423233605251911e-13 1.447199512163041742e-13 -8.310121022275426725e-15 -8.565066033381867295e-15 1.229889438992195341e-15 3.106114968745357545e-15 1.264061455253496122e-15
5.450699081096760679e-10 -4.843670599311036544e-12 -1.589555985891399523e-12 2.734050694374247363e-12 4.016118222578415268e-12 4.400409402009364167e-12 -1.748593733415186105e-12 -1.458228874201526648e-13 -3.481582120869495834e-13 4.114581292852442758e-13 5.089484977781560289e-13 -9.838928939151259138e-16 -8.638876230289167968e-16 1.771765558565124141e-15 3.615356070602920432e-16
1.923288913146745067e-10 3.844237011424952049e-12 -2.369695114088473034e-12 8.350195554342860137e-12 5.937146802739445253e-13 3.115028118817782999e-12 7.458381664993635641e-13 1.105577134070377898e-12 -6.115210332378844396e-13 -1.784699997871693020e-12 -1.560495411434100174e-13 1.515339779775845102e-15 2.027274746268751656e-15 1.968468194292777270e-15 -1.705625202215864475e-15
3.206660990039889166e-10 1.031908622597263318e-11 1.532154580322855851e-12 1.326014080373513137e-12 4.937268697069722051e-12 5.759659499313795552e-13 1.035187810642966705e-12 1.086707377277730493e-12 -8.941560485878588471e-13 -8.014990016289486413e-14 3.241973095083062684e-13 -3.466984132685836528e-15 1.137286970030688997e-15 3.699515537215028166e-15 -6.852417938664537575e-16
7.012699668445114603e-11 2.199928898528464581e-11 5.646247419638669882e-12 6.023572355747143958e-14 -2.348709303467148536e-12 -2.541208368027630906e-14 1.912048068785536871e-12 -1.039490425095762806e-12 -6.411143434910875860e-13 7.263730414654301457e-13 -4.521163246679704848e-13 -1.069981558921866561e-15 6.519321416841467732e-16 -1.430199412797788242e-15 -2.530558060531170122e-16
3.194544069976427780e-10 7.475174203917591142e-12 -2.967640821708375042e-12 -1.719441664385726977e-12 -1.302471868679972447e-12 1.013111452890250184e-12 -8.657005865447598457e-13 -1.142100926247542934e-12 2.343136929966216796e-13 8.887904518097487487e-15 -1.549453010849142174e-13 2.714354056372487891e-15 -1.073756213861177727e-15 1.741693944844460282e-15 8.858891500832362044e-16
3.946516156395969720e-10 -7.546593664975023096e-12 1.208008809430739249e-11 5.076026357964662457e-13 2.283160772578211238e-12 -4.493999783353986910e-14 -1.296025183059691928e-13 -1.456444157285010527e-12 5.255651972293539005e-14 -4.757362180557641228e-13 -5.018375055250195965e-13 -3.574575069402378598e-15 -9.358369594810269414e-16 -2.388880780028463418e-16 -8.529074962331443559e-16
3.386733211676724340e-10 1.246938114599747313e-11 9.526620047596262093e-12 -3.103916724394183596e-12 6.330556706131961523e-12 -2.132487174796061123e-12 -7.959246338920873285e-14 5.774267194599011221e-13 -8.820208836338966760e-13 -9.267126729718582781e-13 -3.736948875943361928e-13 -2.258415757155207534e-15 2.106840831970425429e-15 -2.374820377132253293e-15 -9.174111472286267627e-16
1.473493592792241849e-10 1.071122387914537271e-11 7.131003239282926477e-12 2.970501198139706144e-12 8.538749250889365080e-12 6.387748468956226511e-13 1.693601079689709154e-12 -1.321941107622345599e-14 9.553088424723529359e-13 7.307843109080881925e-13 -1.706433777295711137e-13 3.324694946179111864e-15 -2.215859212347541017e-15 -6.205319354935578209e-16 -4.122397626149781657e-16
1.436958257378601693e-10 -3.187513881306728146e-12 1.781749284861508869e-12 -5.681809499482353881e-12 -4.502827562012879392e-12 -3.163911041565836451e-12 5.674945079229132287e-14 1.755266052054053285e-13 6.789070752757863883e-13 2.822642256613006239e-13 -2.787792160247461898e-13 -4.269719972555617744e-15 1.817930940562131797e-15 -2.517745813912064476e-15 -1.095478872502414713e-16
2.756296530683039567e-10 1.162808131780557342e-11 3.794945840907838439e-13 2.704721768423484813e-12 -4.789049549826273713e-13 3.654730834807024050e-12 -2.389235570517425760e-13 -2.071165853420023354e-13 -9.103224919767510783e-13 -7.866571138251787344e-13 -6.506943573919265894e-14 -9.780255876183240520e-16 4.774513123075760566e-15 -3.576223045931836525e-16 2.537589744910289090e-16
3.109722390783965789e-10 4.683752646379040320e-12 -2.316432255430944120e-12 -1.327293780633676989e-12 4.090970528947668770e-12 2.158773342609935706e-12 2.455759588030296881e-13 1.559107825414086053e-12 -2.546855553982482840e-13 -1.013348797960155275e-12 3.334736474516463425e-13 -6.408831690704581514e-15 7.873158780391353646e-15 -2.035159006642261186e-15 1.782813155030469453e-15
1.095629350277139776e-10 1.423558867789005554e-11 1.483580955686014175e-11 -7.084883455895376377e-12 -3.014746518711722361e-12 -4.640128081551662473e-13 6.355515563859870414e-13 5.215216284145753277e-13 3.133065015670010811e-13 5.079422617912753953e-13 -5.978757709175042166e-15 7.927721902803253337e-16 2.027012693174865461e-15 -5.199921210559245461e-16 -7.007227943706690203e-16
3.478564714394898609e-10 2.550083175235970021e-11 4.795331254673370370e-12 1.782133712001197088e-12 3.470458605679206947e-12 -6.208323914420948634e-13 1.138395058602742031e-12 5.220999660389077158e-13 2.627314196593515385e-13 -4.021604808647894508e-13 5.185076486736956932e-13 -2.922295860526947776e-15 -1.714685414623815801e-15 -3.222407482179837543e-15 4.306928070288660286e-16
1.591765944599530799e-10 1.176268958144722906e-11 5.616861721383951826e-12 7.200182745540015504e-12 1.664283884678313331e-12 -6.122329053125494757e-13 1.231529559789948361e-12 -6.888293769855387625e-14 -1.145516263741895987e-12 5.830434951343614810e-14 -2.286109265060671395e-13 2.459316829575538080e-15 -2.029010139399822183e-15 -1.796122594926522352e-15 -1.023296461088594058e-15
2.282953598835621403e-10 2.389227659081047264e-11 -7.109345998580093494e-12 3.329044983004423389e-12 -4.335795864307052584e-12 3.396046925919830088e-13 -5.282921863278477259e-13 -6.256313050136904015e-13 -5.521493851037323599e-13 -3.874618094467636296e-14 1.888350201248975833e-14 8.704891845008697778e-16 2.068450590522603397e-16 4.389975167370127537e-15 -7.676850378082255696e-16
1.719539189067488327e-10 3.320146628251370778e-11 7.410507594605062536e-15 2.762959668635904594e-12 -1.034489481669299257e-12 1.675728207821706317e-12 2.190080023918798308e-13 7.159991486585788030e-13 3.296824731074730391e-13 -1.212723710560143757e-12 -1.734500131552292969e-13 9.077026927122154620e-17 3.981872223261514400e-15 -9.538500570138138793e-16 -9.136815003601197507e-16
2.557517788720988473e-10 2.152731152971703658e-11 8.780389166456591300e-13 4.830967088944687800e-12 6.435466373897655181e-12 7.441371387618515656e-13 6.036014959971319856e-13 -1.087406822358558700e-13 1.889094312086150944e-13 4.810639929918262184e-13 2.482667985735050535e-13 2.348625542261147984e-15 5.575028445555531701e-16 -8.275547771113924598e-16 -4.036385847839061942e-16
-1.952925185114927908e-11 2.054355400866744234e-12 1.171603422177272346e-12 4.195627627415018632e-13 -4.819704138000198819e-12 3.417053110928302759e-12 -6.559764453364204998e-14 7.354619975212164965e-13 8.849526545881504772e-14 -1.453621814646243849e-13 -6.024799296526617399e-14 -2.825845464833843001e-15 -8.043720609116990880e-16 1.595440531247977410e-16 1.267728617801023647e-15
2.186287313149536935e-10 1.370762625112750380e-11 3.350128395186248142e-12 -1.064273779231311789e-12 1.238226219897657467e-12 -2.170157201559028774e-12 1.364718792882851756e-12 -1.729735185979755789e-13 -2.748805621068823206e-13 -6.603926839445081389e-13 2.389758291907579719e-13 2.331757475736587737e-15 5.185261035190685807e-15 2.009158686256915680e-15 -2.620909372823023886e-15
1.703087894593250674e-10 2.328237652778177973e-11 4.350584133647262300e-12 5.453186378257695381e-12 7.841761124014707674e-13 -1.022230569698295831e-12 -1.427864148642144159e-12 -1.628785069375617286e-13 -8.137559272766203903e-13 3.866522363787581464e-13 -2.490906041907362364e-13 8.530961381939315565e-16 2.813498266728148099e-15 -2.024010765283877698e-15 -2.200540688407557978e-15
1.134171043760225963e-10 6.843434000186990417e-12 1.779442374858352284e-12 -1.388174004726421585e-13 4.975199971968536567e-12 1.296559518990703707e-12 -1.213393156056033565e-12 1.040272895129474349e-12 -4.083199643063954965e-13 1.191504798735020988e-12 8.807995076035143245e-14 3.328204302373644145e-15 -4.791717321206550309e-15 2.154674625888652914e-15 2.293166367220841068e-16
5.968375154630977614e-12 1.131760317624701473e-11 5.444792674175565275e-12 -3.706282186254955738e-13 2.689634302116557863e-12 2.059730127858063528e-12 1.655123930163884761e-12 -4.013428970808825893e-13 -5.783530433130650599e-13 2.328978828398025005e-13 -1.888859432447397873e-13 -1.305012147383967521e-15 -3.124721097714555000e-16 -3.046790659342283900e-15 -4.186137917064985907e-16
1.795112468940821705e-10 3.379988597621249509e-12 -1.570156600723116912e-12 -5.129624284980735978e-12 -4.222810378205286576e-12 2.092358536341939162e-13 1.530683452963515978e-12 7.093363458969200112e-13 4.442136398283637927e-13 -3.400199985698358201e-13 -4.964517314415430612e-13 9.327335722123298605e-16 -2.267577871275455602e-15 -2.663315803720059004e-15 -6.059576520337616278e-16
2.746526606793405219e-10 -4.803108873790252671e-12 1.227404489300788153e-11 -6.226987851844743100e-12 1.335775901505733515e-12 1.648680084535994214e-12 -2.172623781701007352e-12 -1.444642171838655685e-12 -2.884950846443597972e-13 5.016617651762343374e-13 3.645504490367656491e-13 -1.342649296799243581e-15 -3.810840238121670288e-15 -1.752482419810170867e-15 7.563196021561873042e-16
1.372238820022481968e-10 -3.708431446689044213e-12 -1.843224477621796262e-12 3.475633947260144826e-12 4.412890564348022576e-12 1.904537065643120126e-12 1.466207080702965631e-12 -1.804002319715330794e-13 -8.468115297873703743e-13 1.468157546896812016e-12 -2.072448064367263360e-13 -3.570271439356463119e-16 -2.403799549555905048e-15 -3.572625975565268310e-15 2.113041128945030979e-15
1.856713379384503182e-10 4.389678585662912159e-12 5.162385212833297081e-12 -4.341894769408449416e-12 2.694019124256602287e-12 -1.868035365541578588e-12 2.204623758771697153e-12 -5.913782507546696793e-13 -1.493482345927773645e-12 7.674191407204669463e-13 -1.830987741017050758e-13 -2.983608951868268523e-15 1.529216019112004280e-15 2.415800361508381986e-15 -2.180649554485473882e-15
-6.483561109930756790e-11 8.152636525370029127e-12 -4.480617177854831657e-12 6.925557346033689068e-12 -4.413136121219211976e-12 -3.270953540501026544e-12 -9.382791813473145360e-13 -4.094966903007368493e-13 -3.523730214110869511e-13 5.224039584316086288e-13 4.578261513957592190e-13 -4.569326063972749626e-15 3.034973344119940739e-15 3.229747755766893971e-15 -2.825874408276631096e-15
2.327550711251890398e-10 2.823341705453453201e-11 2.631241538384269488e-12 -2.194262949389260877e-12 6.264139507151153825e-12 -1.607810706369986017e-12 -2.675184435537724077e-12 -3.457682712971576572e-13 2.221509997190825818e-13 -3.210442199069088453e-13 3.986863903736558668e-13 -6.485321241072436691e-16 3.024773484013829014e-15 1.420368934598474965e-15 -2.347193165079147210e-15
1.691425749822722952e-10 7.775275680708113593e-12 -2.616603687184284473e-12 8.294138090348740503e-13 1.854278203570507971e-12 -2.661055427867050167e-12 -4.881214122097543710e-13 -9.052316903130521747e-13 -1.708471699750437389e-13 -2.848741671685699224e-13 8.593997836982984599e-14 3.895338837762674627e-15 3.950698817942622654e-15 -3.409443552191116968e-15 5.323520331983405870e-16
2.417418142842474445e-10 1.300494634193379122e-11 -5.993985111199670052e-12 -1.544889557633548472e-13 -7.296469215011630793e-12 -1.661775724841550049e-12 3.669373817597271843e-13 6.903862070733189360e-13 -5.485671941052637230e-13 -5.576286895757519571e-13 1.724346603157499177e-13 2.005142554009796165e-15 -4.067039004628526679e-16 -2.652362025358934475e-15 2.729061512566515114e-16
3.831860676549321745e-10 1.264614357435651378e-11 9.258612034252152299e-12 -3.746193567195362561e-12 2.488315621505222842e-12 2.735820316558725383e-12 -1.296120246377513845e-12 5.857307834967665490e-15 -9.449503731576166350e-14 1.079444256637977723e-13 -2.115454844870848014e-14 1.143440467005865628e-16 -3.089581912666280889e-15 1.148144418345142925e-15 -1.167822408144348759e-15
2.950392391882046080e-10 1.340223800622516713e-11 1.199814722262168745e-11 1.221894625682064538e-12 2.970845190590627130e-12 -2.915172338285456584e-12 -3.668408363776214861e-13 -1.092181140506842671e-12 -9.411597162330209044e-13 -1.962486554659214888e-13 2.479083041626426747e-13 -2.601351993022434566e-15 -3.667184000412531490e-15 1.757224185833994616e-16 -2.057248380989413750e-15
3.151958650701279510e-10 3.170543830928628143e-12 1.106021985300374909e-11 4.961572149590421460e-12 4.116508409671303715e-12 -7.557330048248295710e-13 7.082346181145345926e-13 6.612102148087611432e-13 -1.065384028476771736e-12 4.637007338775873313e-13 4.819970065508813483e-13 2.046855398942270384e-15 -1.715319633215724725e-15 2.393127347997387827e-15 8.877743560718999897e-16
2.626599291502115582e-10 -1.570089584871861393e-12 -1.179698319850250008e-11 7.206868902087680817e-12 4.322498629454606123e-14 -1.582393239216563285e-12 1.363505334048614590e-13 4.235275257073315615e-13 3.105070911395704530e-13 -2.316607697015983751e-14 -2.524462899288628194e-13 3.348555284683813293e-15 -6.932084435120942055e-16 1.803237725153507704e-15 -8.319465783934774340e-16
9.629221078134292288e-11 1.718694793692276405e-11 1.204881626211060575e-11 3.027974351909120089e-15 -2.002011511955733265e-12 -1.975858600728509460e-12 8.705699559499909928e-13 4.590702184379145159e-13 -4.789289277838162167e-13 -4.505985272383499048e-13 5.906221196098731016e-13 9.551616785488443123e-15 -4.875136558884084858e-15 -1.316910431685036729e-15 1.457703188075721554e-15
3.482278269836986111e-10 1.888660765001338705e-11 5.401551812517727814e-12 -2.285355411341990809e-12 2.127441073701983866e-12 2.603607174816127236e-12 2.703019185665658999e-12 8.111007671756152723e-13 9.938616399332831434e-13 -8.909915652485241914e-13 4.998813004600610846e-14 -1.299892633727209834e-15 -2.444083976449248458e-16 1.220502945659743184e-15 -6.546071777621511169e-16
9.052231167708991583e-11 -2.417718761076389060e-12 6.155964381150781401e-12 1.409182768815056909e-12 7.618056917195083810e-13 -6.599837859782837759e-13 -1.059079026688364295e-12 3.518168541250189618e-13 5.479593541787093041e-13 -1.370602805096839888e-13 2.904594532718857427e-13 7.202235124541950430e-15 -9.397487826516716813e-16 1.644315111562946798e-16 1.127763656485689492e-15
2.140157197760494691e-10 -5.895533415425542314e-12 4.925872752261052831e-12 -2.492762863131442547e-12 2.796452653024586495e-12 2.540689721911431987e-13 8.966069525055310445e-14 7.287925803819985930e-13 1.854012991539958191e-14 1.127682495130542958e-13 1.669671104739740843e-13 -2.720913634794398795e-15 5.859298459543631991e-16 -3.268620349752588555e-15 3.500607395916140827e-15
1.559182318352483986e-10 6.993293022271191048e-12 -2.607705476900238053e-12 -2.099704927258975772e-12 5.204783401241784605e-12 -1.805138014910916834e-13 -1.032161207749430666e-12 -9.501291486858864998e-13 -4.452212329836558563e-13 2.631139547476118448e-13 -1.793884092618519730e-14 2.359282000869573194e-15 1.238211849948469161e-15 4.023051414636457304e-16 1.055487407221052268e-15
1.441111173091059168e-10 1.581755809399428022e-11 -2.696724533858902039e-12 3.433611300180516306e-12 4.990329553021793312e-12 -4.946998936449011513e-13 -4.019726268273697089e-13 4.161599135605386090e-13 8.104000644956905557e-13 -8.799864633641556941e-13 4.171062258527382606e-13 -4.607601368964225550e-15 -3.512987590594924536e-16 -1.154182722486022622e-15 -1.893763856835511227e-16
1.530348014497739646e-10 6.090521416898810980e-12 -2.730624078737102508e-12 4.771089787804067532e-12 2.551861973624569411e-12 -3.102833537441241540e-12 1.699452059686628250e-12 -9.649921156779741129e-13 -8.812879595292536417e-14 2.676183487267462694e-13 2.376808116523372944e-13 -7.267529824864463652e-16 1.707941970553513268e-15 -2.652168741895383567e-15 -1.325530444749163318e-15
1.927238697808204336e-10 1.341624308676748346e-12 5.244234193754157268e-12 -4.777533155926234869e-12 -3.993131186817523336e-12 1.860232296881970707e-12 1.459074219991699451e-12 -2.649968250611996186e-13 -8.095279078312768977e-13 9.899349905276545206e-14 -1.846747225857341247e-13 3.804871765219954453e-15 2.959844377386639102e-15 -1.132446347898329554e-15 -6.144229732582288349e-16
1.774972500833346307e-10 1.647314215788482964e-12 -4.296237810891930423e-13 2.981246905080251580e-13 3.559862611927846716e-12 6.650251548525824347e-13 3.273168144141444964e-13 -1.346893866100406951e-12 8.186979486746528556e-14 5.716018265233132294e-13 5.774618020739734044e-13 1.082861168420374466e-15 1.355395756718168112e-15 5.468844035458153058e-16 -3.992692776094300052e-16
3.684178655950295378e-10 2.320491778441381698e-12 4.547396252952002474e-12 -2.995056206725102973e-12 3.670551741873880803e-12 -1.249858393175196887e-12 -9.572008774738079220e-13 9.347831363808950860e-14 -3.184729294754153944e-13 -6.768363226493835976e-13 -6.886414608882073432e-15 -2.924078193913677305e-15 1.283442315121319099e-15 -1.640727941898287780e-15 1.743580920021108198e-15
1.332520105165582552e-10 1.245959881006771627e-11 2.140143178068577562e-12 6.948792706143302654e-12 5.842619224852831680e-13 -1.294553015524497956e-12 9.771319041786795528e-13 -1.024414247716078501e-12 -4.641076409152643409e-13 3.565932662776456701e-13 -1.563751189932261841e-13 -8.111546837981385817e-17 7.167954066280540658e-16 6.830286814203891418e-16 1.592295439974590684e-15
9.742108221341302685e-11 -9.556937504488727945e-13 5.777081468870007930e-12 6.617563752782309707e-12 5.259903586548964726e-12 -7.718209012844934035e-13 1.694074204338785336e-12 -1.235444141693270340e-13 3.894615627975090901e-13 -5.991424508212370799e-14 -1.616674732365407387e-14 2.957893722745102780e-15 3.054502485996335051e-15 -1.280064888556921013e-15 5.739774616294627774e-16
5.160614034256176561e-11 -1.602042064340864085e-12 4.575570626187323679e-13 8.894158781344454537e-12 -2.141123438814601669e-12 -2.925764766134888256e-13 -4.721371630314577107e-13 1.466464074976333389e-12 -7.907841443404714075e-13 6.412285029607715585e-14 1.016245319538530932e-13 -1.847214344450576820e-15 2.717265358905685173e-15 -1.176341400837451823e-15 7.331009847056334380e-16
3.318187802266141464e-11 3.658171902104967377e-11 -4.088658741554393205e-12 -5.740464391653763041e-12 6.176115869644390632e-13 -8.665071452172639944e-14 -2.399612925027682866e-12 -3.730003168846913692e-13 1.175560792087269776e-12 -4.363195296681492636e-14 8.882803158127982546e-14 1.155969030378959612e-16 4.508246166844242156e-15 3.813066074656062334e-15 -6.559985199794881179e-16
1.800047154462488056e-10 1.515080389642309277e-11 5.837206689995380584e-12 -2.893193420572977094e-12 3.783674952915519846e-12 1.692176108715946514e-12 1.402406051018716566e-13 1.115115775090219366e-13 2.604159087429668404e-13 1.978484866136967697e-13 -2.451758773069550429e-13 4.929155805267382606e-15 -1.488211901646113912e-15 -9.791099702702213981e-17 5.936735281673280050e-16
4.230766040457502017e-10 1.190234314691291445e-12 3.118607141141009687e-12 -2.164087062967629516e-12 -6.419929315073707546e-13 -2.109053023178498929e-12 -1.980451304216308866e-12 -5.772644952443112430e-13 9.931470619435128137e-13 3.811772537111247401e-13 -1.395365541422859010e-13 -1.299388826092774118e-15 -2.541613872355539442e-15 2.949690204755005023e-15 2.228439857838824835e-15
4.041998006165325022e-10 -2.265194304114988502e-12 8.610293557465674682e-12 1.805017913878149062e-12 7.699079852211257605e-12 3.144061637892244735e-13 -1.685068628307848642e-12 3.326237930005716582e-13 1.003554739354347091e-12 3.575858654202557644e-14 2.611651304944933995e-13 -3.632459735271733306e-15 4.737876030770123991e-16 3.268335460488149597e-17 -1.301730915098362263e-15
1.821500049813350140e-10 -3.833686057948383087e-12 3.605586254292000328e-12 -3.612787170254110187e-12 -3.374408942593105067e-12 -1.266109724979588457e-12 4.562121368989110667e-13 -6.425252267368848704e-13 -5.778794164664061837e-13 3.426966172286811746e-13 -1.829130985899682302e-13 3.391389959881051687e-15 8.384826609644335191e-16 6.610277939355923645e-16 7.506819362340705798e-16
2.132128669180192284e-10 -1.890086712448814764e-12 2.759340264788151599e-12 1.893932997536058675e-12 3.360590847530134018e-12 -1.140299140886072324e-12 -1.628505891826783212e-12 -8.581073102445901056e-13 3.760937083526374650e-13 -1.941257673578740958e-13 -8.163337507125040265e-14 -3.261720508271474396e-15 -3.295919921685853475e-15 -8.297203062653726753e-16 1.920486158389816637e-15
1.684108825341549002e-10 9.211352326136926686e-12 1.157578984757635980e-12 5.473777265024128474e-12 -5.211241375262615408e-13 2.496454169382670902e-12 -1.193613151583679289e-12 4.755183762362892280e-13 7.506738545492781650e-13 5.631026203651745441e-13 4.746654760796373563e-14 4.111451614183348202e-15 -9.601344319604176366e-16 3.000515127910409996e-16 2.397218233909413262e-16
5.453421602195884387e-10 8.430137912486571512e-12 8.431965045941149576e-12 1.678996079059600267e-12 -9.479597321412392261e-13 9.082939021023041541e-13 -1.459027150279895488e-12 4.832928991414151115e-14 1.125792045103512406e-12 8.742144334399259883e-14 -3.665040514804524777e-13 4.808299261405238350e-16 1.665140131020574450e-15 2.235342894634587030e-15 -1.669721041580230835e-15
3.547600346862123940e-11 -1.526583193090956539e-13 6.147648526467720440e-12 1.069906425966025169e-12 -3.180177710269861068e-14 -1.152961479517676814e-12 -2.990840153937181698e-13 -7.613316885324268346e-13 -1.751145450486053998e-13 -5.959729605922324463e-13 -9.969852601143158618e-14 1.482806746013556814e-15 -2.834339061013997858e-15 2.370089714081027409e-15 -8.472286624083224387e-16
2.262026187674806392e-10 2.072529202893406250e-11 1.457405509046975106e-11 5.359527973501885767e-12 -8.560933125090997280e-13 1.748261289967807328e-12 -1.993021910312448388e-12 -1.341591315006722875e-12 -6.645065469710386667e-13 -8.921851595087442510e-13 4.482139103115093130e-13 8.987365447958441358e-15 -3.703105011076919428e-15 3.388540134183870156e-15 -1.817781355637168751e-15
3.375542142131912784e-10 2.029821119967673887e-11 -1.510314617041209053e-11 -1.154418795008396886e-11 -1.887042818960934506e-12 -1.846305156146591787e-12 5.241932258853426124e-15 1.011388459865472275e-12 1.863893075138400186e-13 -1.469259063689103842e-12 -2.562074117375898373e-13 -2.583781847711965754e-15 -2.226886761148866823e-16 -5.313620008722034238e-16 -9.461889543954912428e-16
2.964483266116307068e-10 3.484333829899279842e-12 -4.248845631645002893e-13 4.303058449078969484e-12 1.464410362301001695e-13 -1.579082732519886156e-12 3.415659483701817772e-13 3.372330925411201518e-13 -3.111178555856427678e-13 5.572051392105048225e-14 -2.161229599244363283e-14 -3.396028262790044829e-15 9.221913318335439389e-16 1.859864342789168620e-15 5.477567976990938346e-16
8.875739956910206126e-11 7.681226567935626364e-12 -4.343532949750940540e-12 5.666824517322672251e-13 3.736638892332712542e-12 -4.796119042650780382e-13 -1.937774898527796763e-12 -3.813329519855540009e-13 -2.711541030731222415e-13 -3.974857081708993272e-14 3.058330724226049520e-14 1.174215525531230564e-15 -2.945408565576492186e-15 8.976386864793620654e-16 1.448145023719705752e-15
2.455132143698794150e-10 1.612919779056462451e-11 1.724945091635012458e-11 1.859073868694765586e-12 -3.053913747117127743e-12 8.789126730207989983e-13 4.459015506902920505e-13 8.319620928305968454e-15 1.034093462394809999e-12 1.350897661640489765e-14 8.438671319780437208e-14 8.937611829159173830e-17 -3.092945124317999759e-15 3.982949698384697368e-16 -2.105887713307977378e-15
3.846575876782162176e-10 4.874615680102493104e-12 4.074975790358943458e-12 1.226633843050030549e-11 1.668299310607009363e-12 1.236573524890902497e-12 1.604425747821828904e-12 1.494458078196598154e-13 2.410658461859239432e-13 -1.657783322253096795e-13 -4.025499457417244995e-13 6.728339172296796276e-15 -1.257567074800577122e-15 -6.643557547404646507e-16 -2.484666536017950091e-17
2.274554774190779795e-11 1.275315271575311554e-11 1.748223645753601363e-12 7.712626286059217275e-12 -7.650861933278265118e-12 7.465472943940422367e-13 2.746453623190581939e-12 -1.064095897729295449e-12 1.127605566438891644e-13 5.857213209732195587e-13 -1.734692066091698728e-13 -4.392051322813603768e-16 -4.233252649856590831e-15 7.147424354058407433e-16 1.782436570812815904e-15
3.938393107721174056e-10 -4.851720969220284292e-12 2.634002436741985175e-12 9.681827992310964640e-12 5.817397484880735412e-12 -3.407907203103446520e-12 1.487431811603111337e-13 1.096778196454534529e-12 4.390722924537856421e-13 2.226967872275335661e-13 4.591783000120385944e-14 -5.034344532006332471e-15 1.985725043136611174e-16 1.197779119781956154e-15 -1.384836291612859760e-15
1.678158181312496636e-11 -2.073077994214002825e-13 8.377147070669009572e-12 3.692970156970116516e-12 1.183286479266160063e-12 -3.456723970111069057e-13 1.815073457105631744e-12 -6.257528616112715467e-13 1.166508867485141684e-12 -5.078094543470139739e-13 -2.904985476944882402e-13 -2.960038056707482950e-16 -2.721918578983619108e-15 -1.000388404540219484e-15 6.458203583661532453e-16
2.936720125029810562e-10 -3.276733031878623183e-12 2.658780118720222280e-13 1.072363705095207403e-12 -1.238891812177668174e-12 -1.051260025594278702e-12 1.344062357105161145e-12 -5.215016016602374831e-13 -9.813218051700721253e-14 1.018015763979176716e-13 -2.332013633658305407e-13 2.874193499990164118e-15 3.706230651738392422e-15 2.564239892577239493e-16 1.596007658247106204e-16
3.693476983037691281e-10 2.244309003921342009e-11 6.903763672844340424e-12 1.612850057367394357e-12 1.237993426042148634e-12 4.845472060969659251e-13 -7.668938996673946403e-13 1.158296229968146384e-13 -1.217400916714587219e-13 -1.177195918494007229e-13 3.574845954134565098e-13 2.641854850875413184e-15 -3.485228251881403434e-16 -1.380904560604976820e-15 2.182237441628809827e-15
2.854740025475959120e-10 8.167912152717555801e-12 -5.694480138155418926e-12 -5.579327407949651114e-13 1.120624021900383827e-12 1.374379921663899006e-12 -1.709424960383185679e-12 -1.168044141876006073e-12 1.183964453676535782e-12 1.406700671672756600e-13 5.172469271553510434e-15 -6.607465598039844797e-15 3.330070429107769932e-15 1.436510573811178570e-16 -6.051292894627142956e-16
2.222655955646530237e-10 1.240791162693724520e-11 3.352462123339988713e-12 4.283726963869613819e-13 -1.498484299926018782e-12 3.199026221212899769e-13 -5.248599554412916292e-13 3.728383692206692744e-13 -1.611963491281239907e-14 5.603335128968244544e-14 1.417280774938993298e-13 -2.515834707242428277e-15 1.537304786274069802e-15 -1.510244231577313861e-15 2.333412046799477526e-15
9.984654981746069865e-11 1.324409689233518683e-11 2.296698630270195593e-12 2.761654872288150600e-12 1.980624885863943468e-12 2.386946006726447106e-12 -2.415104642301884157e-13 6.798020330792871071e-14 -1.124778984283057844e-12 2.432192944548770253e-13 2.634466010109665328e-13 -7.526323988227153114e-15 9.487706728205446652e-16 -1.544242715014536466e-15 9.301093970644027928e-16
3.985810869933224252e-10 4.144239228591754006e-12 -1.332071166810397320e-11 1.191969741650963232e-12 -2.471915426059351406e-12 3.631520043535124573e-12 8.470204267923592281e-13 -2.991985149844143788e-13 4.246205664942849191e-13 2.825988459012679318e-14 -2.999263371807702529e-13 -1.570134345134579219e-15 2.995663759055327985e-15 3.759153640105257012e-16 -1.694389755221187873e-15
4.828118013068518219e-11 -4.669367314980320038e-12 3.651202953150848607e-12 -5.706554145855397128e-13 -3.788054725381340866e-13 -5.676690524101781232e-13 -5.124731359670558330e-13 -1.067574583985149116e-12 3.987286411574861913e-13 -7.675843474420769728e-13 -9.899171968673402834e-14 -3.060494368727653899e-15 -1.579139148951650610e-15 9.784804218480135606e-16 -3.740077976903918352e-15
1.801064355822446808e-10 1.477506776683116806e-11 7.756801096576788216e-13 -4.032968216617372388e-13 6.855303648521671703e-12 2.172610040626873164e-12 8.955396521185343920e-13 1.171893644521375861e-12 1.402994551651233311e-12 -1.509873574439555298e-13 1.762039156177235066e-13 5.328845527028939027e-15 4.174775809370041252e-17 8.315706012016799143e-16 1.023186870477531563e-15
3.354295453820669582e-10 1.459604273598404334e-11 -6.930132420186956975e-12 -1.077213685588648864e-13 2.701738706416724975e-12 -2.248220693835850365e-12 -9.508087587122712694e-13 -1.483452208193454353e-12 -1.834883626444172557e-13 4.275042664741133536e-13 -1.640306451914272214e-13 1.908411552108261830e-16 1.928439053533450786e-15 -9.464393241397335508e-16 1.858262788141491667e-15
2.409291503688588627e-10 -6.215458130150638782e-12 7.388401092514140796e-12 1.596886418260935952e-12 -2.961885092498451307e-12 1.725146826215746039e-12 -7.110283487416312551e-14 -7.703547773436648791e-14 9.995328147248867282e-13 4.691587638798277192e-14 -1.689087492997354391e-13 -6.762620210431907449e-17 7.937861107484902946e-16 9.805196439533786664e-16 -8.109076080112544750e-16
1.252039618647042621e-10 1.855336238449726428e-12 2.963044753983775117e-12 -3.768884150195582134e-12 -3.363009890776529212e-12 -3.314208605641584905e-12 -7.347189817628656528e-13 6.193304011923093392e-13 -2.446694776619053859e-13 -8.110974746083047401e-13 -3.984301312565351254e-13 -1.173396735709904106e-15 5.959036393271511638e-16 1.095997535574468342e-15 1.701675548737782010e-15
2.628964427985657913e-10 -5.737126408092740660e-13 7.536729587923991558e-12 6.900777266242669195e-12 6.781888244503585661e-13 2.313161764433837623e-12 1.322267561862932983e-12 -6.972544906890379864e-13 1.502258732212697149e-13 3.848010160919008112e-13 3.905861359511492835e-14 -1.180572156445486417e-14 -1.620425096825841127e-15 1.516418636339331344e-15 -2.471470363676245093e-16
4.740393777267962944e-10 1.804462262451654384e-11 6.560006408886913842e-13 -8.591780623955988133e-13 1.295891567725871784e-12 3.841298043481825947e-12 6.848059481226322871e-13 5.323738776187434523e-13 8.285977756689692456e-14 -2.839200382093506804e-13 3.129186416952777096e-14 -3.481235674072631816e-15 6.594359467869717638e-16 1.141494279580665953e-15 7.325653794331261642e-16
1.624621191368441746e-10 9.692913658929354361e-12 1.327648204111538710e-11 -5.830311117071146942e-13 1.273848451833943210e-12 1.165393725632757499e-12 6.461102386026182222e-13 -2.141475962322117769e-13 5.499746054233050850e-14 -4.928418158625927739e-13 -1.829695712596766114e-13 1.059913435350152156e-15 3.321819217439943773e-15 -3.420877032333112359e-15 2.272761691130292889e-15
1.961899837247111001e-10 -3.836396207383006533e-12 1.203649012527997823e-11 -4.822114598560381171e-12 5.224140083350929137e-12 -1.887164915468601188e-12 1.539231849633414750e-12 -5.505153285216128987e-13 -2.194397073983445461e-13 1.218240138868510694e-13 1.827223089188426312e-13 -1.640891686401400175e-15 -1.985640295385198022e-15 6.099159098760618714e-16 1.561366424094936945e-15
3.515429707921229441e-10 1.570521210334643216e-11 -3.160796890737632822e-12 5.752659500061120852e-13 -3.977956162395924232e-12 3.284838955595109204e-12 -5.120742298248668371e-13 1.720211049667198944e-12 4.282571423629321650e-13 3.544215787643632774e-13 -4.357477935216361779e-13 -1.247060460226712225e-15 -1.382032827194197261e-15 -3.258848538854434691e-17 -1.713045296406354754e-15
6.127962774378590964e-11 9.701430101052948665e-12 1.079800229061713153e-11 -6.957392530840408020e-12 8.212941814372948323e-13 -2.301924283564871606e-12 4.551444054560176193e-13 1.659238934881555226e-12 6.866737549382533988e-13 1.042653428465652671e-12 1.753700454110128134e-13 -1.519096003383057704e-15 3.391231311694610335e-15 -2.161609788663357310e-15 1.041968366775174234e-15
1.072607357192160207e-10 2.323040107336749753e-11 -1.758442701307049443e-12 3.230838909360291968e-12 -3.768262948804007731e-13 -2.618542064931714553e-12 1.450298785986446581e-12 2.283491324731387388e-13 6.665308483357903317e-13 -3.951964800372658396e-13 -1.279403647597074013e-13 -1.634589299457665553e-15 -2.793421331852003321e-15 3.415514902160870731e-16 -1.123441093030138756e-15
1.520462808716223440e-10 5.336166174456723772e-12 -7.010735379604624300e-12 -1.391793051717190413e-12 -1.592512002364370765e-12 4.239688019019242795e-13 -2.907337558781933830e-14 1.638995767777711758e-14 -4.067315739325010285e-13 -1.531791085586303921e-13 -3.035884345143138727e-13 1.464193347096844768e-15 -3.661165118036650913e-16 1.589610649777776789e-15 -9.700894390140732138e-16
5.585126706649946593e-10 -6.308367512418047208e-12 1.091079499004476607e-11 2.184472214141966386e-13 -2.362026432659649396e-12 2.029152568678471657e-12 -7.680905172243609911e-13 -8.224112963014428061e-13 4.893386293685242112e-13 1.177236922379114158e-12 -2.494841688015130427e-13 -3.623519095197727517e-15 7.474194217773489104e-16 7.412170543983787609e-17 1.142393202495867184e-15
1.671941196049167937e-10 8.106214051298058391e-12 8.935262910113138537e-12 -1.822943914245033369e-12 -6.644245034542970724e-12 1.403895360468869976e-12 -7.757600785459059504e-13 -1.822166036670931003e-12 -3.351149289170045250e-13 -9.049018367743739445e-13 4.097936063223680804e-13 2.943112986413616327e-16 -1.356114670759685090e-15 1.329200271136587769e-15 1.642225412074836218e-16
1.866571476373527877e-10 1.835224306412989994e-11 6.560606331441201864e-12 3.101405427558176399e-12 5.105159743409177437e-12 -9.916020731509350008e-13 -1.405421349188838191e-13 4.548318130302055342e-13 1.451519926515730940e-12 1.036304010200712982e-12 9.478588699172507136e-14 -8.623299921482602872e-16 -1.575879180059890350e-16 -3.942380632579831404e-15 -1.921617651667424252e-15
2.046984487846354151e-10 2.026323651582058571e-11 -4.850668691660464853e-13 -2.507474208483208144e-12 1.515249817548714159e-12 1.924912902735609658e-12 1.474991242240074254e-13 -6.880948625221546768e-13 -4.285814059048988564e-13 1.648634217165944811e-13 2.880289347917543593e-13 -3.115346130774311089e-16 3.791658484703676276e-15 -3.677246438391429978e-16 2.893736868576719142e-16
1.071729376418530313e-10 3.125625857182108021e-11 -2.790882609322553104e-12 -2.618915585868558493e-12 2.413973865189765847e-13 5.440287042987048816e-13 1.007792652431118965e-12 4.680519560618019999e-14 -1.142897840541617097e-12 2.741838609467254632e-13 2.747459819719284612e-13 -3.281012818629857003e-15 -4.805270159636553690e-15 1.298584966709329235e-15 -1.479498173914622466e-15
2.982823571530311663e-10 -2.442169603623270454e-12 -2.637774809956456299e-12 4.380134688289234628e-12 -2.997299986912896599e-12 7.030851870425998525e-13 1.092221437877378523e-12 -5.680378355401076549e-13 1.733422164595624454e-13 -1.417412955327935103e-13 3.027766759184359890e-13 -3.360906613627936038e-15 1.968476208945442737e-15 -1.423490733891330199e-16 -1.291201108792973745e-15
1.046230763487662699e-10 -6.341067201620713149e-12 8.690761227860232552e-12 -7.288660081538194098e-13 5.747519817756024785e-12 -2.774588439902977957e-12 -1.228147224280296711e-12 -1.747309787949103367e-13 5.393970236000075195e-13 7.550660417345881406e-13 -2.340528746860955507e-13 -3.312742727148479013e-15 -8.993488522049474041e-16 2.896565655309670152e-15 2.724027245258758125e-15
-2.055327662456493199e-11 1.397600061184325512e-11 1.148245306528489656e-11 1.264106591285594700e-12 4.590789612620680773e-13 -1.006002751976629183e-12 -1.617116673536865099e-12 4.087968940841082247e-13 5.028078750948704474e-13 3.053802201154544944e-13 -3.256888940577428596e-13 4.612306144544968566e-16 2.491402752032155502e-15 6.888241341485343675e-17 4.543160583282229685e-16
3.034527674216583909e-10 3.410118816677984316e-11 2.853126347205272855e-12 -9.906263464852208249e-13 -1.582447056574602661e-12 -5.093597287707505885e-13 1.958162649070101694e-12 7.096455626183850487e-14 1.186714118563864828e-13 -4.744190255938273825e-13 2.808634134897203182e-13 2.896995935659282890e-15 -2.866907884184527132e-15 1.295517930804514839e-15 1.437055823151162954e-15
1.681880147227315023e-10 1.842804012958406045e-11 4.136995467996624913e-12 1.623519159035576000e-12 2.087386927254197119e-12 -1.359575163364230249e-12 6.609384038491297773e-13 4.356306130728453770e-15 1.678956351141917242e-13 -2.609924420704399360e-13 -1.015894039934407850e-13 1.098310360689388727e-15 -1.377216896449465639e-16 1.532730680788359225e-15 1.633899738637395068e-15
2.313263404929779037e-10 1.543681409051671020e-11 9.960074077451375916e-12 -5.962539242116123132e-12 2.636104149659590155e-12 4.439957986476558716e-12 1.423241796469031054e-13 -7.250170096264424738e-13 4.576858938518352473e-14 -9.009992816495565964e-13 4.393141278430288847e-13 1.039426795379785443e-16 4.591458329906515023e-16 -5.246584257763663517e-17 2.218750255860057146e-15
2.067592934318462253e-10 1.802585956935016240e-11 1.611810803181329399e-12 -7.477069252643885058e-13 1.919667150420546226e-12 2.180062655041527112e-12 1.436793269895285325e-12 2.859187943478476835e-13 -4.124150285248219508e-13 -3.394993933802645245e-13 2.221953117163840707e-13 -3.625493874342001418e-15 -1.675639707905283603e-15 -1.925189941791884177e-15 -1.370338702136615301e-15
2.379093358902499738e-10 7.451611606316432448e-13 -3.628683748887319682e-12 -2.140295079525988659e-12 -9.510521018196764534e-13 -2.819634138558240408e-13 -8.164817449796069769e-13 -5.371769040470246334e-13 -4.866686555810886817e-13 -2.358837133039753520e-13 4.444238621522329007e-14 9.946498246964505959e-16 8.022378250925832728e-17 -3.631530227091553485e-15 1.579428600656393178e-15
4.021868132025873094e-10 2.695933586868454888e-11 3.785716623110306516e-12 2.718586622205762587e-12 -2.258999543270169315e-12 -7.626693791788916789e-13 1.945942025745767182e-12 1.017917764699421337e-13 -7.479898375447253423e-13 3.522535359610400234e-13 1.180733820107444675e-13 1.821469845319420057e-15 -5.365640341270420348e-16 3.797610701444270671e-15 -2.106976494147278056e-16
1.730082624681737033e-10 1.591232201111018203e-11 -4.452764494079199780e-12 -1.788117747372411682e-12 1.346277665275985075e-12 2.398764337138164673e-13 -6.177602303611285131e-13 3.170152308903022675e-13 -3.256786079947864800e-13 -3.081460197114854601e-13 1.142503005339780175e-13 -4.730951075132422820e-15 4.181299789736001743e-15 -8.326006381452867846e-16 2.135893680985331260e-15
3.736974355655824160e-11 -1.008880092964919056e-12 -6.707149648430581047e-12 -3.522523805201501111e-12 -3.314728315108525157e-12 2.939933608789623646e-12 5.850018559672046923e-13 5.982729154548142545e-13 1.023315067162112619e-12 -1.682711834468285571e-14 3.114371148446534760e-13 -9.344358726225623686e-16 -2.001946874692964578e-15 -1.187889054330538945e-15 1.858031487840211124e-16
8.749753921499290339e-11 8.059837534167670094e-12 2.039923761499117322e-12 4.144091415959149741e-12 6.004980527390032181e-12 3.395979037194256683e-12 9.831678721814926550e-13 4.809697748176747222e-13 -6.428481976128678270e-13 3.309412758519118996e-14 4.914252258621734497e-13 -9.245943346783296504e-16 1.457926182043275868e-15 -1.749763614276611195e-15 8.127876336507945997e-16
2.613079087296379830e-10 1.281712072122632150e-11 -1.195117775018269654e-12 4.515687997464667768e-12 -1.796938656950867999e-12 -7.142211600075824585e-13 6.352096370622402772e-14 1.301308283957080278e-12 8.330201240683000786e-13 6.192325291519223377e-13 -3.435098808245271508e-13 1.599136550685828983e-15 1.673925133845983719e-15 1.298608602155688118e-16 -1.441874443147060680e-15
3.645542964642327807e-10 1.709870017373740768e-12 -6.249758306134625521e-12 -1.175229987146076986e-12 -3.509612497816287870e-12 -3.111620551376761691e-12 3.699369802935805059e-16 -1.595434351158557108e-13 1.702729784645037243e-12 -1.091910917467023346e-13 -1.222588718826212103e-13 -1.704976961162177992e-15 -7.126540485256152350e-16 -2.272029564145941754e-15 2.172502774160176307e-15
2.071635071931067361e-10 1.700218654516966256e-11 -2.403729553207436083e-12 6.040749260706069679e-13 1.280161855426666233e-13 -6.124596060004533542e-13 1.700296542266298251e-14 -6.430572989171759928e-14 -4.838559082249253979e-14 4.675265744131149212e-13 -2.876658043808119096e-13 -2.807036496608254467e-17 1.428959868233438374e-15 -1.520528254725522945e-15 -3.768595422226466699e-16
4.100563708660291390e-10 1.919762287396033170e-11 1.585037218325032011e-11 8.835470566899947390e-12 2.076553334892084089e-12 1.720300022775091215e-12 9.497824860166614363e-13 -7.425242196929695026e-13 2.315277842219734621e-14 -3.002457547164248974e-13 1.030758153576140526e-13 3.303345429216571546e-16 -6.264275704334744807e-16 -1.047249294519650699e-15 1.848044762123589576e-16
1.772025537783082873e-10 2.707830701202443724e-11 1.379746366285833576e-12 -8.511112519540969762e-12 4.057148182100405379e-12 6.745667745409080742e-13 1.437550733135873636e-13 -5.358718380597306317e-14 6.903723771218669289e-14 5.511908277080577245e-13 -4.828932547307393705e-14 5.509100304346779258e-15 1.381401916375561584e-15 -1.491918703413527976e-15 1.465199210690030408e-15
1.968557510064240548e-10 3.719689490166488097e-11 1.608165634740074232e-11 -1.935927586292912894e-12 -3.135211196088718290e-12 1.771923462176796913e-12 5.751423023158873341e-13 -5.945067040836576725e-13 3.798126631629439084e-13 6.617926839703269117e-14 5.425669610013128564e-13 -5.638842516142060239e-15 -1.709902524449480180e-15 -1.172260902171495912e-16 -7.091486494632692385e-16
2.366313368663812028e-10 1.235387432558322798e-11 -2.741983904425189110e-12 -7.955341038157862335e-12 -2.156482669563523491e-12 -1.241038074810753991e-12 -9.091815537627687299e-16 9.110824455925577274e-13 8.530165685096468531e-14 -8.058009175399728812e-13 1.679455650432456737e-13 -5.244163472254896349e-16 4.224277429907662009e-16 6.689764211553050673e-16 9.975344761914359947e-16
3.042435703962571569e-10 2.208617296662085092e-11 -5.882793960269981535e-13 3.235573255304815870e-12 -1.002056733891835349e-12 -1.520924938114906770e-12 -3.871122832946385662e-13 -1.047891507091329069e-12 1.116838150153218707e-12 -4.317430402447479142e-13 -1.613247748692396968e-13 4.892169836320068603e-16 -2.405099522927286569e-15 -8.936767183479566037e-16 -4.882723080520732829e-16
6.781513338468643762e-11 5.737156737725785468e-12 -6.471539269140946934e-13 3.112543002450841339e-12 5.210878482764852285e-12 2.507187515470343502e-12 -3.529071499431721753e-12 -1.188833035810791803e-12 1.085838900741047823e-13 7.503978330712201483e-13 1.734058656351695673e-14 7.861065042946330661e-15 2.072191051185728999e-15 -2.351687443905610728e-15 -8.345911530918776125e-16
6.881477845287803605e-11 2.200252073629780916e-11 1.456672136381210064e-11 4.482736619714112536e-13 8.431143320092557812e-13 -6.887630755178899292e-13 -1.217074079687082740e-12 -9.336305408874643884e-13 2.775538812095145806e-14 6.243408243273604094e-13 3.806464959415217269e-13 -1.717607404500610413e-15 -4.418967480689726094e-15 1.912080439662588828e-15 -8.361441255520267782e-16
2.751362430606317980e-10 -3.917381555562397134e-12 3.778859182201762623e-12 1.592847255320187654e-12 6.628007628097154842e-12 -1.937819597478739445e-12 -2.833065774620703508e-13 -4.950590851302205334e-13 4.149332108361365140e-13 -7.336390529346792421e-13 -7.057543470159783364e-14 2.059962318162367480e-15 -4.745333081520401182e-15 -3.854989087958882872e-16 4.925139397702056768e-17
3.201548842507742551e-10 2.052541159676225675e-11 5.314534933999776349e-12 -2.060804842759279189e-12 -1.549858731561292638e-12 -1.246981424467299137e-12 1.542513239108268432e-12 8.831727748660831227e-13 1.616972050269422881e-13 -3.493316305384610641e-13 -2.153620269143592387e-13 -6.650652122884196676e-16 -7.141748090352351908e-15 1.759476431180632303e-15 -7.099115689993211122e-16
1.223728081709669416e-11 4.249358040051212072e-12 9.310184089025629379e-13 4.282594664680952255e-12 4.694856070509695893e-12 -1.094335475672647253e-12 -5.556127361983713854e-13 1.347975781347257402e-12 -2.632963479944876420e-13 -4.658287357868845393e-13 1.688896349118799421e-13 4.595902370285752204e-15 1.996033187288459486e-15 -1.701824105599206085e-15 -4.296726144663649442e-16
2.307526134528562411e-10 1.705573201212889319e-11 -4.253903462492869463e-12 -1.945519805616007726e-12 2.744344010201245581e-12 4.477245294009199994e-12 9.588493077611989016e-13 -1.072689800743321373e-12 8.526857282989771587e-13 -2.577112109871150462e-13 2.016830183740945821e-13 -8.189840539671713637e-15 2.260268383240351324e-15 -3.055155600416521450e-16 -1.073401778387005185e-15
2.703739203157441007e-10 -2.141452783003540219e-12 3.006999756705776993e-12 2.348282863425357624e-13 -2.555344172650271777e-12 1.967180370406674459e-12 -1.094727997163728722e-12 1.277615194688336052e-12 3.130738673316293138e-14 1.057900581123547488e-12 -2.086987261759658116e-13 5.425385325059328299e-15 -1.474906196770885480e-15 9.362766813007571908e-16 9.502898006077553449e-16
1.833529753690356286e-10 -5.872552373137222189e-12 -2.681625490028037602e-12 -2.084440576793458714e-12 5.345479634871760984e-12 1.004206597957201621e-12 3.019875414823212107e-13 -6.960512187405337141e-13 7.311514982272301998e-13 8.810007203663846212e-13 5.878791073076144351e-14 -5.349951294000668988e-17 8.894327278010417862e-16 2.593971660519434456e-15 -3.625186721049794442e-16
2.539621220031638542e-10 3.555353690474474739e-12 9.594145244980527035e-12 -9.964667768947426680e-13 1.756905231657599009e-12 2.252080214943562569e-12 5.762953921180187408e-13 8.475717669367766819e-13 -1.000245609321827285e-12 3.673486042039603720e-13 3.033580350652366900e-13 -2.304461516421480120e-15 1.964292855353962770e-15 -4.629087534295271700e-17 -2.634076585170207609e-15
9.813020644937476387e-11 1.177853573402719244e-11 1.428747569657074179e-13 -4.551457574363079298e-12 2.239354045642872229e-12 1.270198834849236432e-12 3.110571836325247013e-13 -1.401854927883467751e-12 -4.012755266261739999e-13 6.637432994979877452e-15 3.211275614934692453e-13 3.235738162428076329e-15 -1.762748218751674577e-16 5.943865844807852657e-16 2.318863748062235852e-16
2.718572537779489061e-10 1.301134981211964452e-11 2.999235125465896216e-12 3.324389903479677900e-12 -4.203985346935466158e-12 2.919387386701734207e-12 3.672114665399868598e-13 7.045435000075709905e-13 1.337282566083772926e-13 6.988710214559493263e-13 -3.403156979675176992e-14 3.276789689302276195e-16 9.737878884345299667e-16 -2.004298146324156462e-15 -1.650720994780087222e-16
2.022003912462648094e-10 2.961239890366755757e-11 -5.585434096698579504e-12 8.560226161574315398e-12 -8.189084570160265084e-15 3.498019383910617069e-12 1.678473904396726525e-12 6.217535090222878014e-13 -6.596722100950525628e-13 1.449946312098085530e-13 -2.678861750508211163e-13 -4.698940026220031553e-17 -1.979977914209226364e-15 -8.661308824209927934e-16 -7.783977735420330863e-16
4.396449628845210843e-10 5.999536446998815941e-12 1.960355257076655776e-12 1.218669456633322913e-11 5.650845720200879693e-13 -7.218823725222214782e-13 2.874772097530909168e-13 3.786479682816306834e-13 -1.181606440943228575e-12 4.250813939616830504e-13 2.328362875722565520e-13 -3.162670336743064802e-16 -5.022252931063885403e-16 -2.016934167830258055e-15 -6.831862952739137470e-16
2.806407778789707032e-10 2.511408490608997545e-13 4.801861785386622723e-12 -2.722871863642858618e-12 5.592769617385917566e-12 -3.108247134172452498e-12 1.406532281991466818e-12 4.319702450406624108e-14 5.011473146029347522e-13 6.228299083416268038e-14 -3.171377964907715663e-14 -6.394937967596994894e-15 9.603390113798710798e-16 -4.559452829887114643e-17 3.854199230976170339e-16
2.380457043599188696e-10 2.044769479476723447e-11 1.954632920164497014e-13 4.489314631210181058e-12 5.470551861024580009e-13 7.558279571713037628e-14 2.667938545092605725e-13 1.027598045093650311e-13 3.932902311020257648e-13 7.301763349600891508e-13 -4.380638912220739282e-13 7.175268450805280868e-15 3.575873261336805829e-17 1.167408233255025176e-15 -1.196220513875428535e-15
1.478170348126304476e-10 1.663746930240676256e-11 1.411253030675917109e-11 -3.390310615581636200e-13 -3.906979477453880238e-12 1.019440592391405004e-12 -5.796016333819236390e-13 2.075707438013014733e-13 -1.375831148575822644e-13 3.170649241566832865e-13 6.928382136932334108e-14 4.055840703976327470e-15 4.832230257501464110e-16 1.822516355099462193e-16 -1.111054606415261960e-15
3.562325149580891930e-10 1.109180949508293702e-12 -4.533359202535308501e-14 1.362753109250070991e-12 3.828577434253305963e-12 -2.256217219821372228e-12 -1.956272904058664832e-12 -1.245991405223167178e-12 2.858717473347932421e-13 3.643642134751113766e-13 9.033084858272937077e-14 1.763070346393669131e-15 3.341494684969896411e-15 1.233228819944929758e-15 2.473060233792165359e-16
1.405339471448441999e-10 1.191605727802085760e-11 -5.492554250636466697e-12 1.598609045033005642e-12 1.393817768530684790e-12 -7.790469595180851401e-13 -2.278832128617173485e-12 -5.637806683319462599e-15 -4.527904273317547720e-13 1.301807610465481599e-13 2.349680263176763786e-13 6.670927357166665043e-15 -4.712052331700793473e-16 3.887532699023599830e-16 -7.449547876745237723e-16
2.068181675513170913e-10 -2.635028211243871824e-12 1.375680957716288301e-12 1.183762382937709526e-12 4.135822686293594212e-12 2.174925266123741741e-12 6.998496996501629029e-13 -6.789061957857573288e-13 -4.285551451764994895e-13 6.278450925961167614e-13 1.866950961905845806e-13 3.427304414812689999e-15 -1.794029249682583101e-15 -2.469399705969450401e-15 2.304476151491815874e-15
3.770919363140848921e-10 2.237540475984313877e-11 -5.604855101050588857e-12 8.739826908247702128e-12 -1.801998652159404894e-12 2.041669630861865806e-12 -4.048399459141065191e-13 5.260733489780176607e-14 5.481221649668760701e-13 -5.456710247495365589e-13 -1.638382889055548062e-13 -1.524038322564123068e-15 -4.417250300068939823e-15 1.234285556641481688e-15 1.533482720720335443e-15
2.502928954335743112e-10 1.199442144392197069e-11 3.400166745134384881e-12 6.700787621414636534e-13 -1.452250844621663663e-12 2.122356316471468753e-12 -7.913003176583086492e-13 -1.399231431296686131e-12 1.120103671335003170e-12 7.011979647732438009e-14 6.775176003141818444e-14 -1.395842947227626524e-15 -2.995133250648806170e-15 -6.844284075117305109e-16 1.206154215581711077e-15
2.578136763124402200e-10 3.566493317047617325e-11 9.334358563413686620e-13 -4.808143877240665433e-12 4.145834394257483614e-13 -1.494119397394829149e-12 1.138799521563044242e-12 7.521161924020843058e-14 -5.591941353376717537e-13 2.611870346826548194e-13 -1.649731520715463174e-13 -5.656752187651161790e-16 -3.728773746757161792e-15 -1.857445190788605676e-16 -4.922639032103916521e-16
3.696588637065368009e-10 2.176373627097663569e-11 -4.844915110569715400e-12 -4.025299770972587748e-13 2.577854451459453674e-12 1.455885947483346864e-12 -1.540900822055269431e-12 4.100492857867002855e-13 -2.803021218441589871e-13 -8.745683759127072200e-13 -2.949820012875032051e-13 1.069711527303295465e-15 -1.224074665745455547e-15 1.124527690690115216e-15 -2.018653799869958924e-15
9.422999239910700947e-11 8.222186813906845505e-12 7.404715105678447458e-12 5.749310040232557112e-12 2.864116495679239152e-12 1.114531835269291947e-12 7.566413875800348621e-13 -1.896438623989217966e-14 -3.850600561402072825e-13 -1.072697614992667072e-12 -3.411285022035237518e-13 -8.926077960139018251e-15 1.609188703446934885e-15 1.268347966459140597e-15 -8.008729698674127882e-16
4.895431870708178869e-11 7.277790951828595002e-12 3.341828438514554808e-12 -4.172174430571166552e-12 -2.627570258542333994e-14 1.237823575650406011e-12 9.693764993328675818e-13 6.686270504972581944e-14 9.364451136851163342e-14 -4.653023551113866881e-14 -4.272157204929833598e-14 3.805086517229149248e-15 -1.517743877182976700e-15 -1.830009619388579353e-16 1.081072550777252785e-15
3.741277092564888755e-10 2.144931881660289324e-11 1.392039051298150728e-11 -7.245715996612115053e-12 3.430662327141713559e-12 -2.286384368902898455e-12 -1.398388048017613141e-12 -1.427690348531893705e-12 2.050290910618711854e-13 3.635466323331609275e-13 -2.508097493216180681e-13 -2.407843196612720720e-15 1.540938260749284608e-15 -2.184199401088301838e-16 3.877567516543626127e-17
3.298606066488410796e-10 9.733962343057626195e-13 -3.491804147688823540e-12 -9.221753954584063115e-12 1.817149257696319608e-12 -1.415467438425466230e-12 -1.491961968806040842e-12 4.567358185209413899e-13 -5.389917755861966299e-13 1.245544653081206807e-12 3.487560984860468179e-13 1.135283588459316712e-15 -1.688476082764510476e-16 -2.907689099490935126e-16 -1.877654221360580826e-15
7.182126018884916689e-11 5.511162677691319814e-12 5.621530155719090671e-12 1.051373783122876003e-12 9.158311536574021851e-12 3.427467906823851237e-12 1.278635868940293678e-12 1.045055133386383166e-12 6.443195887202697130e-13 8.782950591153684622e-13 -1.418708235781428186e-13 -4.255561565892053166e-15 4.147425951571587200e-15 -1.055595834248915667e-15 -5.117099377050322440e-16
8.915708677756022242e-11 -1.658632515180686386e-11 1.935469869179630013e-12 4.781820759892606299e-13 1.050106206930432276e-12 4.617767119071933176e-13 1.305802619953371739e-12 1.089675946811757176e-13 4.259182173120862517e-13 -7.452979740852754737e-13 -2.213413581558713058e-13 -7.075453983803970409e-16 4.363629949620956554e-15 2.097269387554941766e-15 8.492207589454312998e-16
