# Cls sims
1.347785908222428346e-10 5.435945469106568244e-13 3.123786918243660451e-12 -1.819273031238440994e-12 1.838022365838458168e-12 5.431597594059163220e-13 1.475428299822335178e-13 4.624837555323294489e-13 1.115668219821419838e-13 2.183387497279378196e-13 5.695411474101896885e-14 -1.176290721163606941e-17 -4.835810141233510792e-17 -1.334178219050366289e-17 -1.346200684161472857e-17
1.693484747916435375e-10 7.969151916859187422e-12 -1.398700964755824764e-12 1.720979656959302334e-12 1.446903268929879363e-12 -6.787572836293031151e-13 2.175869846024100811e-13 3.081089850176511972e-14 3.220022092981311763e-13 -1.475437090411676874e-13 -5.009589010754779036e-14 9.332647772782951102e-17 4.867902044465588353e-17 3.849897341923423080e-17 1.207012858872436406e-17
2.628635245943162964e-10 4.909072715044104393e-12 -6.837641807462404406e-13 2.075427592191997841e-12 1.128595653633038411e-12 8.685463340494720911e-13 3.544364633579623235e-13 -1.594861140574599370e-13 1.036992903992983721e-13 -6.855790941483840213e-15 2.231638795558333513e-14 -9.641887102220608741e-17 -4.686656284581762704e-17 -2.782792921141760932e-17 -1.148458071355741905e-17
3.038304178973355072e-10 2.941572441136430557e-11 4.744218413481765287e-12 8.142835050694910309e-13 -1.112615052135851558e-12 6.498773843966233799e-13 1.027612039147568328e-13 3.666605988992352869e-14 -7.365877040876515888e-14 1.809513220836119385e-13 7.711671073608861248e-14 1.406400182205741967e-16 5.755941794690784550e-17 3.871021513472095309e-17 2.932662445510992603e-17
3.275329308706513613e-10 6.175263048141606101e-12 -1.783416569204601508e-12 2.085718002130954764e-12 1.153248912557312688e-12 -3.030054370145145819e-13 -1.632185647323780265e-13 1.634547384814476094e-13 6.326876118565027974e-15 1.950783812381798469e-13 6.220399750763256916e-14 -4.704506714617499982e-17 2.453911717514590114e-17 5.839399265144900530e-18 1.731042811193847669e-18
4.053792034982395617e-10 9.958879275391728641e-12 2.451667344230674810e-12 -8.408498599705534977e-13 -5.550517097692871904e-13 7.402914620346716317e-13 3.210227106780267898e-13 -1.859417113000628363e-13 3.197692905605447165e-15 -6.854934409849088718e-14 4.523983032623950212e-14 -4.065428611747008333e-17 2.756915600032868030e-18 1.506432137123997711e-17 8.729000766318484100e-18
2.335358530002676503e-10 1.788050203647959513e-11 6.389200507974777769e-12 7.599880387787900805e-13 1.097005923128520079e-12 -2.763334174967597771e-13 1.204013687100821281e-13 -8.935662353046424566e-14 7.079099239343668214e-14 -9.301258191408831590e-14 6.577887691106442603e-15 -2.158007061278398077e-16 -6.668251667064370528e-17 -3.753912571196363103e-17 -3.314105302499494670e-17
1.904527262612981699e-10 1.853992215767336686e-12 3.954512610814519510e-12 -1.067908677433072692e-12 8.858734058419060100e-13 5.819544804348742132e-13 5.072148415929968875e-15 1.831765858433476018e-13 -2.092826604663524221e-13 -7.951718563345224647e-14 -7.458881460149048601e-14 1.199332902945153100e-16 4.355958677443914234e-17 3.793555229132043023e-17 2.450545625944878303e-17
3.651397011341925226e-10 4.285628411206470547e-13 2.128882339121849401e-12 1.721384991150479646e-12 2.879707302844855992e-13 -1.068335619406923543e-12 4.045198188954207380e-13 -2.725987448465341409e-14 6.679666878917669921e-15 -1.786121249584516282e-14 1.826008841610404551e-14 9.197746678399442268e-17 1.185259551427705994e-17 1.617857948127290851e-17 5.914615798009468136e-18
2.312582366609456154e-10 -2.184394685147538349e-12 4.669568136814671168e-12 5.106944972006779595e-12 -1.231326289928869701e-12 1.098828653878550435e-12 -2.676084052200002918e-13 2.672627758905057219e-13 2.227381033985974432e-13 1.165201732237565766e-13 7.235587690221494592e-14 9.057940334884240637e-17 3.985946681357254090e-17 1.648140795184439427e-17 1.328127087013080819e-17
2.390196910509119601e-10 7.377302027719469795e-12 -2.480372931789756491e-12 4.223449652957938439e-12 -1.830603851769601354e-13 4.490113194944836308e-13 3.635642705515989281e-13 -1.083496096614879159e-14 1.869382142019465137e-13 -5.273922504022739881e-14 9.512019411794640812e-15 4.895691474847781313e-18 -3.991294830798631747e-18 -1.673745868554558686e-17 -1.118824273503052677e-17
2.241902848063261608e-10 -9.300354818899158479e-15 -1.653796817522907513e-12 3.598401820062548360e-13 3.127686255230829913e-13 6.835933429861139816e-14 -3.074930382358313497e-13 -2.204753854062271944e-13 1.780639565287647509e-13 6.858021519381334457e-14 -6.597317043300748550e-14 -6.704590400337018908e-17 -3.888754477097326754e-17 -1.571051157887708591e-17 -1.505495355027977772e-17
1.425268549141018929e-10 2.486653390150048432e-12 5.042290657059854743e-13 -1.905051983228229878e-12 2.162463926065812829e-12 3.612129116434399332e-13 3.676251533288861862e-13 1.936555186822788715e-13 2.779431479305874992e-13 5.304394791782658369e-14 1.176618456041770717e-14 2.614716231282029137e-16 1.067333333470070067e-16 6.386834040753655672e-17 3.842112468177976449e-17
1.574994237361449226e-10 4.024416291402949745e-12 3.226422592383932606e-12 2.130039547675890487e-12 -7.021855372042761744e-14 3.803673764125454170e-13 -4.414477505801584665e-13 -6.377596836630700677e-14 2.209708777963515789e-13 -1.655997842577078419e-14 2.076029459380831153e-14 3.137684478760586237e-17 2.886956808660465333e-17 1.316419885204657972e-18 4.637633486490427755e-18
2.543644262617407256e-10 1.518630459510723380e-11 7.885968975365066131e-12 3.986406647424581503e-13 8.038151104651576124e-13 3.268938948934734556e-13 7.421115744954991474e-13 -2.471201639464691429e-13 -3.731455385232275968e-14 -6.555105653678423502e-14 1.122417397536053664e-14 -3.630974124014307412e-17 -2.653574150260594987e-17 -7.439182511644927151e-18 -1.051705051999042055e-17
2.870032545943628440e-10 7.914283609015822105e-12 1.819170945676748965e-12 2.209140623441004837e-12 6.541625110309970536e-13 -3.058007931541462450e-13 4.319414265320720226e-13 -3.825167296651522397e-14 -7.250648446570859229e-14 1.172246590988671218e-13 1.447176279194223569e-14 -1.032785347474437322e-16 -1.686321664457860584e-17 -2.494955378772316591e-17 -1.573869462939813432e-17
4.072546663900109619e-10 3.253040140607101335e-12 3.290696840261673232e-12 1.967744980904264053e-12 1.127148464495913329e-12 -2.765739816764217819e-13 3.845439168445127041e-13 -3.122253819642797818e-13 1.216404441473662808e-13 2.092033441468742996e-13 -4.829592864803038401e-14 1.359097494361170178e-16 6.983753869354090825e-17 4.734249203711681141e-17 2.656528272575075807e-17
1.406984988215653632e-10 6.754593127133298381e-12 2.974038394289013384e-12 -2.007270504642223299e-12 -1.434022909564952401e-12 -1.618221159784951305e-13 1.451937172554729866e-13 -5.074993529161736889e-14 -1.354422579064045302e-13 1.708296714292571142e-13 2.392024810334253941e-14 1.145480108487668258e-16 1.494965262782222856e-17 1.342386911831623629e-17 9.693414197130012837e-18
1.163504176532162507e-10 7.732127167761382523e-12 4.536083431744148687e-12 3.807193688606353428e-12 -1.016841931397081479e-14 4.776787568604062091e-13 2.430326331495043883e-13 2.213558346872191772e-13 2.218790747138741476e-13 -6.989402374223711233e-14 1.900246214495360112e-14 2.633890614217759144e-17 3.995328452059521432e-17 1.090992814830876317e-17 7.382592183274991349e-18
2.874041611422176042e-10 3.806597076835796794e-12 2.319092666566641922e-12 -1.679085606393086651e-12 5.260483945229916459e-13 -6.340068694010864127e-13 1.552953701817477644e-13 4.638207803369154725e-13 1.908930842218537708e-13 3.646113889657615126e-16 2.050766908558334841e-14 -4.290050637005649416e-17 1.097310225464461565e-17 -2.116290554968491237e-18 4.749221223634698676e-18
2.627841882774077979e-10 2.562129832014830473e-12 -3.112195325367891136e-12 2.627038560723159156e-12 -9.637952481619567942e-14 3.263789507229889430e-13 3.765656638762855095e-13 -1.482044423894184066e-13 1.130712015102414777e-13 -7.927853491176167583e-14 6.607266771446543597e-14 1.460157647157088057e-16 4.222003184925363150e-17 1.706375729158756646e-17 9.237464313010537208e-18
3.502528081679294754e-10 -1.869079784531958254e-12 3.580012752892126932e-12 -2.711061635345808526e-13 -5.983500627052094602e-13 -4.846009310715045893e-13 3.878869399972954029e-14 2.800516446922859381e-13 1.251924579085168171e-13 1.748061637267657680e-13 -5.737396965419338518e-14 2.234220238490047752e-16 5.785344831946776057e-17 3.870388094176929957e-17 3.283785645961786245e-17
1.981095028114607541e-10 1.843949484896073863e-11 3.419169223671565119e-12 2.175804866559369932e-12 1.354808151057437425e-12 -4.128312761680108296e-13 7.185509745279641734e-13 6.050717246186989715e-14 -1.243495230529849083e-13 7.237738177248887468e-14 -1.361408708389047033e-15 1.142077473921019200e-16 4.429948078988196975e-17 1.382669252354568646e-17 1.449316302736375170e-17
3.748190335462002398e-10 1.614540003871809279e-11 -3.686327036549829193e-13 5.143218776685733574e-13 1.060113225645161959e-12 -6.361048670783244964e-13 -1.306345448928978095e-13 7.543218728910388165e-14 6.437372859693865048e-14 -5.662101374457623254e-14 7.524143602303389600e-15 7.164010392609389228e-17 -6.027437460255093896e-18 -3.214024103091556155e-18 2.835662607558492815e-18
3.507784276917755981e-10 2.081675477837160318e-12 3.213055031460940954e-12 2.814501610437460579e-12 -2.067598199037822205e-13 8.504869578618245364e-13 1.254875982649655233e-13 1.284215466191471966e-13 -6.244216609873867594e-15 -1.119065214693847355e-13 -8.700817708878031834e-14 -1.137112959028903461e-17 -4.968313698684872645e-17 -3.452659198476899733e-17 -2.047672685562819504e-17
2.988336571059391163e-10 1.636203662429153363e-11 7.961991731864341622e-12 -1.269882719100859877e-12 1.048097196838312687e-12 -2.994597087159848446e-13 1.009663620400988515e-12 4.980095929994011289e-13 -1.284454959279483490e-13 -1.078550919624970042e-13 -6.697205129507513255e-14 -2.924683549126554203e-17 -3.341374097086122501e-18 -5.928975855651229390e-19 1.457638064116291498e-18
1.866552860593123244e-10 1.118886150610564800e-12 1.237350623645224701e-12 1.169188237367418035e-12 3.125928588399902614e-13 -1.002612525041533867e-12 8.350396475793742227e-14 1.306537231118876850e-13 6.988839656218834203e-14 -3.683695940540421059e-14 9.196784890467693928e-14 -7.041288840993302580e-17 -2.045450184545410968e-17 -1.328847537143285813e-17 -1.292159820316527447e-17
2.389345747635901591e-10 7.866393596659877024e-12 1.020064832524420125e-12 -6.032756829829633370e-13 1.327156334915321380e-12 7.013242619279296041e-13 -3.324650341375892255e-14 1.868510682309462533e-13 2.307977364004250278e-13 1.963444379077450730e-14 -7.475583183177930673e-14 2.184806328435329368e-16 1.022603476687531822e-16 5.715509941300394919e-17 4.282302345223008817e-17
9.664042906912908387e-11 4.323754699272039375e-12 4.859993059281711176e-12 -6.755833270525284661e-14 5.933588705299802549e-13 1.469064132673503885e-12 3.618819600089935388e-13 -2.116424730601892770e-13 -1.395699127294345322e-13 2.163216984545453047e-13 5.077683418581415535e-14 -1.249391200549553299e-16 -3.749173253421389829e-17 -9.433485968931186844e-18 -7.459887474829214796e-18
2.907960152229830780e-10 -8.265912550604635225e-13 2.652273152210641972e-12 -1.695859143721817209e-12 3.524916251087510008e-13 -1.601408625086860581e-14 -1.431287089118309891e-13 8.784010176273950736e-14 4.934191754201675737e-14 7.464228128652668552e-14 -3.896454994912292716e-14 -6.397723453369083301e-17 5.953504134790859738e-18 -2.167246525897783921e-17 -9.188917707824560006e-18
2.586297483518289688e-10 8.818071695961523283e-12 5.349431850225332011e-12 1.750630892845594822e-12 -8.852642885226879183e-13 -1.346713109364855326e-13 6.922000843043394363e-14 -2.297227270603174404e-13 1.584277379958132850e-13 2.563995894090890307e-14 2.044714400283877952e-14 -3.582392583777050728e-17 -3.364810783492754109e-17 -2.099468212823199716e-17 -1.333415454996626731e-17
2.303336747263143725e-10 2.088884030628593717e-11 5.935744091818107613e-12 -4.943083390046419286e-14 -4.405173774553606669e-13 2.227484835838350338e-13 1.194204065635916143e-13 -1.577390507307704243e-13 1.260270126480357051e-13 -5.282593804930507490e-14 -1.236916727124568423e-14 -4.864091501021278602e-17 -1.707354516382244421e-17 -1.927349887768794291e-17 -1.085784548807195111e-17
8.336280726898248352e-12 7.826088184440592928e-12 -3.268388528609528949e-12 2.243280117548780247e-12 9.734723851269757930e-13 -2.750911716663427434e-13 5.091458027280343954e-13 1.274892653920238789e-13 -1.320544379748952390e-14 4.692864524054702091e-14 -1.416750099486793453e-13 3.563761110326942808e-17 4.148496241052753612e-17 1.514813750519094791e-17 3.033795270632178957e-18
2.180535399629736775e-10 3.893542490619209848e-12 7.086819944856709959e-12 4.167902824826943412e-13 1.673645064499277587e-12 -5.099864591564551428e-14 6.819143088252653100e-14 2.104730946775491193e-13 -1.677352358088640257e-14 1.566394241960920951e-13 1.920309608103198222e-14 -2.821427359470006816e-16 -1.362560499416765211e-16 -7.890149115543829459e-17 -5.546708145998006810e-17
2.019721338600848348e-10 1.147208337442501744e-11 -5.736467030396577602e-12 -4.797282706999857278e-13 6.732234215766700110e-13 2.099502611706881956e-13 -7.067385389464472673e-14 2.031706847027917221e-13 -7.706971620055144596e-14 -7.055080166264157076e-14 7.667928702000030309e-14 3.058434973991683092e-16 1.199223601969908972e-16 6.739526466541104196e-17 5.291216681249038233e-17
2.343302835407643579e-10 2.145350193846726830e-11 5.171814278551611028e-12 -3.442443548287757186e-13 1.631505362217564704e-13 -6.594250503139418192e-13 5.214241784238463626e-13 1.461552102653293359e-13 1.771745938770146005e-13 8.549437388671710503e-16 -4.245233772814474301e-14 -1.408547136629653218e-16 -5.178272765515861932e-17 -2.453728202555885522e-17 -2.558171995472210757e-17
2.331424015907284160e-10 1.383106915659805207e-11 5.061840491596522769e-12 2.940904714073517259e-13 1.991040878673905390e-13 1.382705453051962307e-12 -1.355401651568363122e-13 -1.539974569259539534e-13 -2.203449748394941116e-13 1.008793135588329392e-13 7.502362926056968221e-14 1.025325953343978298e-16 2.567626588109539087e-17 2.042163944824464561e-17 1.573518366239738387e-17
3.159412390070344937e-10 2.337745982792415529e-11 3.581400441479242726e-12 -3.557453520376709002e-13 -7.544470034229739109e-14 -1.948033151535780190e-13 1.728954781239312540e-14 -1.774981322109940985e-13 7.481869171484534837e-14 -2.215509437743228053e-13 2.707405502594372347e-14 -1.928432234697320482e-16 -4.304893697651591999e-17 -3.373205657153880630e-17 -2.541093138310886535e-17
1.706968565329089741e-10 1.225390346294041602e-11 2.501797014276365513e-12 -7.379230050679328217e-13 1.157961458071839327e-12 9.311723192601461593e-13 2.175110221740851474e-13 -4.020194985940805853e-13 -4.654075705955851153e-14 -5.605114160647408166e-14 8.182136397241940884e-14 -5.223991075441546960e-19 3.159294464980887815e-17 2.560960295686703296e-17 2.048307777780938196e-17
4.280498805725814701e-10 1.246587336909700974e-11 3.935492143052240489e-12 -1.956165209667889282e-12 8.321909817235282580e-13 3.534768289868589490e-13 9.094150462535025568e-14 -2.215126205987232027e-13 -1.038189111737543705e-13 2.292048233540774724e-15 8.613738237578602241e-15 -5.592696615912775481e-17 -3.613496715962348646e-17 -1.502211221413010191e-17 -1.546071153419248209e-17
2.280831606518176160e-10 9.582218992791195850e-13 2.059736058824697209e-12 2.057272155934506539e-12 2.989934660394230633e-12 4.784882130368775698e-13 1.175434444182701148e-13 -2.310942987468134567e-14 1.394648183178061557e-13 1.486609367113417809e-13 -1.546755905189618674e-14 1.221829119868599475e-17 -2.459952500620831768e-17 -1.811336581181495912e-17 -8.343350019018249649e-18
1.144609704132994642e-10 4.938861992977789296e-12 2.417993660042979113e-12 1.245301622839737742e-12 1.532723963426365365e-12 -1.983847361146118358e-13 -2.734853755580982997e-13 -2.817465963592693625e-14 -5.594147789288939869e-14 -1.148377515661906654e-13 -8.837619453364129360e-14 1.482330042756345835e-17 4.247816586420019040e-18 1.164107786582826808e-17 -2.961063539827002204e-18
2.278089535766657033e-10 -2.553673553148018778e-13 -1.177974280384087630e-13 3.379244169137933804e-12 7.835894775083286724e-13 7.467434392804324281e-13 1.635981598864292305e-13 -6.947982673527189647e-14 9.231896218564073295e-14 -5.515952523837337399e-14 9.538382020272817116e-15 -8.220918863006366548e-17 -6.426266741775939768e-17 -2.073585815402229650e-17 -2.225288009657346462e-17
1.213570807720545849e-10 1.417705601756251771e-11 4.766998168992267122e-12 -3.244347690889946782e-12 -1.018248156095102528e-12 -1.040688672897784868e-13 3.450368740329540969e-13 -2.204284160379339185e-14 7.173365343907746126e-14 2.330042623170340287e-15 1.305537562391499632e-14 -1.413321224801163501e-16 -3.532799833147047126e-17 -1.984749692152919087e-17 -1.427791254321780727e-17
3.308516653607049515e-10 6.095013399788794941e-13 -4.723328149587092654e-12 -1.358368289618789634e-12 -1.221060389334648704e-12 7.992324544374874585e-13 3.016720827207621226e-13 5.536335766139519361e-14 3.496579924917043526e-13 -8.310634767520020423e-14 5.671842722834386329e-14 -1.275758236364630531e-16 -5.662191933043952341e-17 -2.780273169351963792e-17 -2.173073422504933884e-17
3.143103787432888046e-10 1.945241088965103392e-11 6.239559655811139614e-12 -1.800455224870311827e-12 1.685695578309207779e-12 -6.841294929947722308e-14 1.872789711126306322e-13 7.780558040406759319e-14 -7.043353347942103669e-14 -1.722956744395911281e-13 8.952535538761301081e-14 2.730516197633480134e-16 1.200997265225471228e-16 7.519749883824508788e-17 4.933390114668453162e-17
2.284047287616864129e-10 4.908862754847423913e-13 3.425098375050062489e-12 9.572722831485510848e-13 -1.393396130605759274e-12 6.201013702445099205e-13 4.887690233494796203e-13 4.472782691369596735e-13 -2.118539183538484082e-13 -8.426679141508740707e-14 -2.845667124255638814e-14 -4.853275412887748688e-17 -1.455081722103324257e-17 -5.246404316503288422e-18 3.843792881723890327e-18
3.559787671163237346e-10 9.530917092889732650e-12 1.077452027267629110e-11 2.028339551839844725e-12 -1.960429615135725534e-12 1.234515837749876899e-12 -1.932602074087693143e-13 -2.175229823146706040e-13 2.022816461097426601e-13 -8.082266808041871698e-14 2.229494052796394769e-14 -3.555184779053529068e-16 -9.115054681339833232e-17 -5.040847440854553297e-17 -4.244824831334205661e-17
1.868222681480875067e-10 9.157664177526880427e-12 1.096956075301328770e-12 -1.281852770518051928e-12 1.112442260692347775e-12 9.608421941258197244e-13 5.139995367106207605e-13 -2.759829308192056872e-13 4.178463353705627568e-14 -3.145853999460220683e-14 4.208883968640507827e-15 -5.784300250043333947e-17 -5.339248768084318773e-17 -3.757299599636990626e-17 -2.184783894336286812e-17
2.348715790254453158e-10 1.023191099972814146e-12 1.357783511049628970e-12 1.384864032826359590e-13 8.314763515887878962e-14 1.121844659291835186e-12 -3.869100136577556617e-15 3.194794116424945841e-14 5.189096435027168233e-14 2.851865115108549352e-13 -4.151822301657040261e-14 -2.762375598600620645e-16 -1.062372016459573917e-16 -5.680459432025104862e-17 -4.369151028660871015e-17
4.358096921570461542e-10 1.482172074237853233e-11 1.097913977756677525e-12 -3.037878720444799617e-12 -8.602092407018125782e-13 -3.572704654975265578e-13 -2.115606620341193107e-13 -2.981377754739098249e-13 -4.309388185714322632e-14 1.601376471226778046e-13 -1.869835523028305558e-14 -3.392631339496710907e-16 -1.506445585950880669e-16 -9.641466472399616515e-17 -6.434811353293711448e-17
1.166353706961763225e-10 1.067173045133788635e-11 2.193489329574844547e-12 7.755551592485798139e-13 -1.464136191916087958e-12 -7.277027249621372787e-13 3.550168544821564395e-13 2.906773607278298799e-13 1.867487515700544584e-13 2.549070068242411958e-14 -9.745056201850012973e-14 -1.152625304836894097e-16 -3.482989046620388828e-17 -1.135210194150705515e-17 -8.436063472036063655e-18
2.057392752346103744e-10 -2.248454354586539856e-12 3.900273635215424871e-12 -1.689643950410627841e-12 8.894072132928845756e-13 -1.481122056549696290e-12 -1.213228922973903037e-13 8.564287945090764985e-14 1.167486442171571747e-13 -4.083118779133765286e-14 8.714555297213832787e-14 -1.124023765940478574e-16 -1.693995208561232798e-17 -1.223056817256174266e-17 -6.554279077639742775e-18
2.319017515123681095e-10 8.894962745549493522e-12 2.420659177936237361e-12 5.942499219606102375e-12 9.594912968635751993e-13 3.701441604101119313e-13 5.927817085214548247e-13 1.223463710092503289e-13 1.123621081067279953e-13 8.851520712856902624e-14 -4.562818663925612489e-14 -6.495772481719569935e-17 -3.277839361389393840e-17 -3.249286268613648964e-17 -1.582973417963251530e-17
2.363306406920739016e-10 5.077900229223470036e-12 2.878851557666404916e-12 7.214319808733303221e-13 -3.259191033978429562e-13 -1.171799385333764594e-13 1.549723801428643969e-13 -1.699576142895942489e-13 6.975041836748562085e-14 5.733551098854233702e-14 4.229676971459538264e-14 -2.869735553804613114e-16 -7.844767468184729129e-17 -5.211474727131801163e-17 -3.661072006682346270e-17
3.685321279780766700e-10 -3.459304560625228484e-12 2.988982933763624903e-12 -5.754075275247687434e-13 1.803261205769323672e-12 5.819550595544652265e-13 1.908656353706889535e-13 2.958124941062815475e-13 -1.132571455592998492e-15 -2.550920391734523571e-13 -2.500035069804135692e-15 1.039525734579125383e-16 6.308092597527863496e-17 4.608060374882921072e-17 2.750490077242079350e-17
3.323679531951977313e-10 2.065605549659059150e-11 2.975171224251635840e-12 -1.591717388652154867e-12 -1.112032281456516426e-12 5.770570180430693175e-13 5.965893181503013220e-13 4.132326328321094942e-13 -7.271320629365670670e-14 1.164283026191639543e-13 2.633674839574477358e-14 1.781037101978718519e-17 1.712691064416553184e-17 -5.479966441708439495e-18 -5.637489010777897076e-18
3.231433829813642182e-10 5.875017861823242788e-12 3.624539665777790045e-12 2.163360382954657483e-12 1.667382016942765724e-12 4.352529262873621904e-13 4.570858975533794621e-13 -2.687208409994195587e-13 -1.870926255807857165e-13 1.640756397402114391e-14 -7.970762917713588863e-15 2.156307998534248310e-16 9.667191169521092253e-17 5.848735615436624213e-17 3.728800536595917423e-17
2.897947404724713079e-10 6.862997703291276153e-12 1.247805543456143849e-12 3.049369773985270554e-12 -7.834880043577336607e-13 5.733505508249368548e-13 4.923873571401021513e-13 -2.588592651758031123e-13 9.359284874028768507e-14 -3.107418191346227270e-14 -6.307888275857943217e-14 8.917434828108459410e-17 6.053391244783094472e-17 3.097455872387239039e-17 2.576276329769898268e-17
3.231271977149711364e-10 1.033075414503224299e-11 6.390780530896385601e-12 5.053674638177887501e-12 2.715794693358685274e-13 -5.713289181620792914e-13 -3.129194668261432301e-13 -3.739538321642231232e-14 1.451627632466777118e-13 -6.684979408889490488e-14 5.740756894801409860e-14 9.776769957381186026e-17 6.715652378774242180e-17 2.638715696242990647e-17 2.036588583630771474e-17
2.683475471906345467e-10 9.458893995253082069e-12 6.176330879510257924e-12 -1.452838853058633439e-12 6.662336360149130872e-13 -7.800003715830478761e-13 7.198700839894322943e-14 -3.326471006919810169e-14 -7.968644109554648200e-14 6.424314386855830599e-14 -2.638049805530738101e-14 1.554422066293543984e-16 7.767149067722425913e-17 4.603809320091131118e-17 3.508042023082785573e-17
3.474434392582852002e-10 9.987370731614297027e-12 3.396006772114110168e-12 1.076194710622683687e-12 8.497739501999527188e-13 1.120456878170184306e-13 5.396281494446450894e-13 8.855433036118948406e-14 4.199435691632194948e-14 -1.325408198938560136e-13 -5.815566514569230303e-14 -2.976008723903301261e-16 -6.473522814136791627e-17 -6.080363628794680587e-17 -3.232090669888167286e-17
5.764018386227336531e-10 7.460353635471115276e-12 -1.026927664627326187e-12 2.270376279540768124e-12 6.937069048362354550e-13 9.236806939928717740e-13 2.234585819964267296e-14 6.146442727511009307e-14 5.386682180515076907e-14 -1.054059814418030899e-13 6.557496242622669178e-14 -9.640305577706339499e-17 -2.371276699677338461e-17 -1.222789585306181572e-17 -8.804841081328404996e-18
3.558187678500363217e-10 2.842403222959530746e-12 3.588403349063034034e-13 3.557897789240770854e-12 1.171369109000483352e-12 -4.481975101892701273e-14 -4.986841917119512186e-13 1.934118122824024679e-13 2.289876614386989310e-13 -5.977773940814682083e-14 -1.719284042880548340e-14 3.424333977957790868e-17 1.040386415020243321e-17 -4.882155158911161110e-18 -4.723832499019390210e-18
2.190516453760692599e-10 3.891360339041124202e-12 1.487025543128359460e-12 6.416139494280333716e-13 -1.507746157478750057e-12 1.407747078262721547e-13 4.000208026568950937e-13 5.279436090309019111e-14 -2.645160371167003141e-14 1.318938962894771785e-13 1.516419689869467534e-14 -8.001377572878784391e-17 -2.450432234151455510e-17 -1.489684086936819550e-17 -1.762364126434067567e-17
4.371188437723681576e-11 1.676702678979285626e-11 5.806392153817206175e-12 -3.708225996193471892e-12 -6.925009709783014640e-13 -2.148339857493774830e-13 1.308430748976304254e-13 6.334905987497811304e-14 -2.600894729402903917e-13 -5.311990682988474857e-14 3.163036423928763091e-14 4.896531664675704022e-17 5.393184258073302952e-18 1.056427717657347794e-17 4.649022880423825359e-18
2.531881587154896875e-10 9.160132516924326465e-12 4.330527891684850626e-12 1.354218509137551007e-12 -3.023432987038204391e-13 3.644153673672182941e-13 5.205116246459383236e-13 -9.000229849471643155e-14 1.886294942723423027e-13 8.349672684015158752e-14 -5.878010183662100940e-14 3.410390161338773038e-17 -1.430896765768096551e-17 -1.109842391789953244e-17 -3.528109892081565833e-18
3.176184215239464595e-10 7.981472820102642380e-12 5.048546480380326739e-12 2.149742874175523608e-12 1.848376869767443721e-12 -9.611637280504906838e-13 5.030818103823549766e-13 -1.858877780156189029e-13 -8.241390431154684733e-14 5.141626523233935957e-14 3.906557760726963613e-14 -2.680455517592949107e-16 -8.104409002690817828e-17 -4.914468664134350690e-17 -4.214959469159803733e-17
2.607881879886241980e-10 1.165980081287850230e-11 2.744036367621281976e-12 1.622672040773535120e-12 2.013370918461123991e-12 4.967873691998784555e-13 4.782941101825058147e-13 -1.362243150585291737e-13 -2.718215305202488058e-13 -1.982312459106994762e-13 -1.553164753316183606e-15 -9.073649493468227883e-17 -3.299137804817164010e-17 -3.148060489139852773e-17 -1.933883420557104695e-17
1.783985336068385146e-10 2.673320295055955549e-12 -3.524341176869291846e-12 1.536377596618358419e-12 2.787479025832993087e-12 6.079097106546084375e-13 3.806579500069308119e-13 2.979356706897991357e-13 -6.610224126780131137e-14 3.141227265453231656e-14 -5.643088615793230455e-14 -1.366225319661126231e-17 -3.106971799393815021e-17 -5.534819370972907051e-18 -1.263184121036668168e-17
1.961619893324570735e-10 2.062563898841759611e-12 1.445735491727807431e-12 1.058225112752012035e-12 3.307911620728358454e-13 7.091026314646981833e-15 1.846072653355086412e-13 9.137697986306157121e-14 5.441988885601737051e-14 -1.814721168124031081e-14 -8.085585459009945856e-14 8.203614123592261934e-17 1.599043386387702453e-17 2.976313800535835147e-17 2.121039128865294333e-17
2.579442365886845694e-10 1.641365662294727844e-11 2.222804604452945892e-12 3.557356786131762350e-12 1.837931281129347708e-12 1.044379883671043523e-12 2.265591177932119057e-13 1.119311619145163580e-13 -2.332859112273082000e-14 -9.836196531148306917e-14 -6.324034231547700488e-14 1.827430298273996342e-16 8.484076456935108141e-17 5.489991797780128369e-17 3.774926196676772747e-17
3.479272175148926313e-10 5.549847234397444084e-12 -2.981712827655017767e-12 6.244448272345141941e-13 1.386958786317157660e-12 3.003709726963808739e-13 6.781605607402001380e-13 1.943742913103459580e-13 7.183660724429844479e-14 -6.374159556896501748e-14 1.884179850072667942e-14 -6.781740353183059143e-17 -7.070766861562746212e-17 -3.751691585846979877e-17 -2.504095553113612772e-17
1.045804264287983476e-10 1.141333110595738348e-11 2.047928688642350349e-12 -3.035100395641654510e-12 8.532309582996614059e-13 2.049170491369147181e-13 -4.405480450800269154e-13 -6.189144220327853210e-14 1.866299453009082150e-13 1.683628982456113731e-13 -6.928027117921755188e-14 5.258217244952483535e-16 1.657880658358485485e-16 1.096249610512160632e-16 7.900570395836388727e-17
2.580129195248697325e-10 2.161222405983340325e-11 2.428479864537503863e-12 1.858829429861885860e-12 6.012833303192425242e-13 1.240164103442475074e-12 4.932283447893389725e-13 3.015484205003533627e-13 2.575987510872600693e-13 3.633889835865183275e-14 1.007516014463920092e-13 -1.419717219713159506e-16 -7.249576016815294356e-17 -3.848085629950386147e-17 -3.018638200879743014e-17
1.629494453105900863e-10 1.672456229920985035e-11 3.284321085993479241e-12 3.529478104535967407e-12 5.608822673833991037e-13 -2.994667008388358102e-13 6.143927625165677952e-13 -1.826930789024476523e-13 5.846306052057407198e-14 8.905607820903876239e-14 1.523144592420235056e-14 7.654763405759173302e-17 6.274268729996514335e-18 1.614162925771156721e-17 7.944653541254896368e-18
1.729019777726151679e-10 1.670828178586356391e-11 2.951731534691149058e-13 2.503133680799390092e-12 -3.167042398685711259e-13 9.353494251897202593e-14 -1.497722205344111380e-13 1.267907605621702231e-15 -9.229435911786602527e-14 -7.048386211362595208e-14 -1.650012715818315698e-14 -2.489737802121996792e-16 -7.559633998009924970e-17 -3.590948494255161852e-17 -2.491297903407244257e-17
2.166770812595450134e-10 7.411524818621043898e-12 3.922652468318245711e-12 -8.515225607321238420e-13 -4.276441572681878034e-13 3.148372821014145661e-14 -6.437105687235311703e-15 -2.112549387993175815e-14 5.496962895914216937e-14 2.154279420247579654e-14 -4.590812185095503195e-14 -8.075730645809784270e-17 2.010284736551795241e-17 7.830480174669312572e-19 -4.137253006083045259e-18
1.321461071378410789e-10 5.289093269807131675e-12 -4.551906458385575074e-13 -6.064943296369283856e-13 2.398318280288958947e-12 1.264706478238890064e-12 2.729411437697505023e-13 3.127948993605428620e-13 2.492648807471400033e-13 1.770680651348158850e-13 1.134477972023201639e-15 -7.041807394958101537e-17 -3.946812549460794409e-17 -2.746202144833222249e-17 -1.759753052414901399e-17
1.592352004809486114e-10 3.159323969771604388e-12 7.025965159527751272e-13 -2.238270152897392754e-13 -2.395993443458647784e-12 8.561931482286002012e-13 -4.172849535640806329e-13 1.594102162368670214e-13 -1.483744169414787226e-13 -1.209493123544942517e-14 1.087917652465063485e-14 8.210397768937908063e-17 5.453617547619987228e-17 3.272692195329937238e-17 2.584867349242968713e-17
1.949521420858809851e-10 9.304606440538292385e-12 3.039026483788107597e-12 -2.716104256728748088e-14 1.076099887878564947e-12 4.609200926534663504e-13 3.006340767788263427e-13 3.895791754542405691e-13 -1.107416143852866236e-13 2.187308439105699744e-13 6.960246879281732538e-14 4.031412957033227504e-17 2.163689114727244141e-17 1.859393692837363283e-17 1.028350999346227417e-17
2.096063074048609735e-10 1.838322112318429609e-11 3.158497897222325000e-12 3.302775618138492882e-12 5.683368488573026709e-13 1.734465177876656210e-13 -5.062109553202438090e-13 -3.184212467504699713e-14 1.135781513211999951e-13 7.534314395308493945e-14 -3.012366690228860029e-14 1.662997888083617284e-16 3.792103965172338848e-17 1.824004273358881077e-17 2.094371478164188791e-17
1.734685753881161237e-10 1.104927444514524586e-11 4.102793434713577983e-12 9.988964686231940764e-13 -2.016003715476548663e-13 1.024363607305492711e-12 -1.923081055138729522e-13 4.342895276221460717e-13 1.902634236725921580e-14 2.020722585939478665e-13 2.263803962482842336e-14 3.063052625852815896e-16 1.239287273659700981e-16 6.274199086174807492e-17 4.474509472243578549e-17
3.033258047770731216e-10 9.357069850544963942e-12 1.248967348048306688e-12 1.452070630951916956e-12 2.060501500355325179e-14 5.264919275688192996e-13 -3.144470204319194396e-13 -2.909160568814685706e-13 -1.386245555092016244e-13 1.852815758091195041e-13 -4.582154847520366844e-15 -2.530159310322261566e-17 -2.637315845993055935e-17 -1.007720799404855267e-17 -4.915374628118964504e-18
2.665150053829050136e-10 1.046950911218396306e-11 2.445535034406062247e-12 5.905863077171693024e-13 -5.487358564497468245e-13 3.004888110398438454e-13 -7.645000203639350290e-14 4.877877123086992128e-14 -6.217108765581244696e-14 -3.674890883921233385e-17 -1.018225464515331758e-15 2.123363733532364441e-16 8.643366148667976830e-17 5.687539699430950724e-17 3.986781550036332356e-17
2.098199025523300152e-10 -2.412255271788686308e-12 6.312889292698136827e-12 -3.937498158621847187e-12 8.742107352759570935e-13 -2.897697276291304974e-13 -2.593801290854045274e-13 9.791867593946523687e-14 1.138700672413747942e-14 5.020325142056740081e-14 4.817624211885898929e-14 1.760687416986335284e-17 1.186462716345884351e-17 9.599106593788960243e-18 3.788059154353432638e-18
2.055325970288563831e-10 2.114065842417348946e-12 1.673289287254798932e-12 3.950243904288205439e-12 1.161422524606600046e-12 1.357821381106879128e-12 -2.149743097697667022e-14 1.166258594026109008e-14 -1.189291198638442092e-13 -1.609348850888732964e-14 7.552958707820060161e-14 -2.750029034325834259e-16 -1.068224880478602123e-16 -7.238516616083327592e-17 -4.603461768411697978e-17
2.176821731153119231e-10 7.771127008793096026e-13 3.749702955187780900e-12 -3.036944503694748775e-12 6.445052473641049995e-13 4.749522363596898131e-13 4.239373740130486325e-13 -3.153644214740525306e-13 3.789839847970529987e-15 1.198655044307144190e-13 -2.265321626412323870e-14 -8.392291798709982479e-18 4.419632817631438256e-17 7.253006888994155335e-18 1.311112587632667432e-17
1.520495744865795674e-10 6.156405416444109641e-12 1.413327570083930729e-12 1.766097532609986412e-12 -1.254255643412662638e-12 -4.495015767266272995e-13 -1.492596916150984742e-14 3.019688604978966189e-14 -2.714171255697690388e-13 1.902081980731583173e-13 2.271429602504699782e-14 3.335412040198963194e-17 2.205243368332820796e-17 1.562613174906836288e-17 1.314949036622352713e-17
2.739592249230513313e-10 1.592899000028141787e-11 9.242844458261963936e-13 6.829617915688832294e-13 -1.335504016026930119e-12 9.310741522027150884e-15 -5.783553258618212228e-13 1.234235293965097967e-13 1.143703952943896316e-14 -2.131589164785516672e-14 2.532877124847937255e-14 -4.975094232175436174e-17 -1.730713554565455736e-17 -1.909657003448576297e-17 -1.592466654004119122e-18
2.132772168359829851e-10 7.970210246998498777e-12 4.549004240885371282e-12 3.001246396537363696e-12 8.832234279789237678e-13 -9.753875752573244185e-13 3.211116838156572738e-13 -1.199512513951670261e-13 1.026601120525870142e-13 4.735413390895932551e-15 -8.200660261502749272e-14 2.307784033453153086e-16 1.118656826259036991e-16 7.255734211525356680e-17 4.665878757690857576e-17
2.411482961646339003e-10 2.368464374854007356e-12 -2.469945264442249243e-12 -1.509918800093476060e-12 -4.388711591282116839e-13 5.790153112485542010e-14 1.206428654968193341e-13 1.553722765535828424e-13 4.343713128202212307e-14 -2.112538702954095077e-13 2.005182067262812400e-14 5.161222952326120674e-17 2.723380292940779500e-18 8.815814746243087534e-18 6.500273880898621366e-18
3.828591142988804684e-10 1.519577797998030558e-11 8.146220611515292723e-12 9.629845631096498937e-13 8.486745354273327230e-13 2.592667510760648467e-13 2.736448718955449354e-13 2.694599149759263040e-14 1.032260756350699590e-13 -1.665759500776970110e-13 1.894649418325410564e-14 7.499272922896462798e-17 2.080734735723274468e-17 2.312365588830819156e-17 1.438288801546002864e-17
4.072648345013477939e-10 1.384766856243209090e-11 3.871907101698242339e-12 -1.154761633353596989e-12 9.735775109179338308e-13 -7.411170913272517157e-13 -4.763793187635934959e-14 1.013962392795337240e-13 -1.937064190133449548e-14 1.911163154514635166e-13 -5.028533570251226003e-14 -1.951409992480190265e-16 -7.304268477011171731e-17 -5.962231918543874296e-17 -3.197426671609674725e-17
2.353160600560682617e-10 1.246525973776796693e-11 -8.274018552214471036e-13 3.034715918898529492e-12 2.530823787187907824e-12 -9.620098371404265108e-14 1.416724971083046344e-13 2.699740128684105168e-13 -2.667564959060842196e-14 -3.741968147945477128e-14 -3.767591684148719217e-14 -1.852654608523357893e-16 -9.859570528108532672e-17 -4.523440367443891459e-17 -3.269342694522121177e-17
1.331446098815661706e-10 1.390584537073168697e-11 -2.195665805106499014e-12 -5.417917678630075930e-13 5.891322553182854723e-13 -4.065354628729500689e-13 -4.466591669664956682e-13 9.385958958910034204e-15 2.573019544032795417e-13 -6.467805776480290514e-14 2.476432292165985596e-14 -5.980866281212381072e-17 7.833073310588628131e-18 7.864784328647477353e-18 5.105301361755982978e-18
2.199579887297228753e-10 1.437051060258707711e-11 3.681679691831159229e-12 2.060728523571585302e-12 7.127874611970895958e-14 1.808537722363401769e-12 2.642683271315522857e-13 -1.404771513698783370e-13 2.213523141975891699e-13 2.242385286686456464e-13 3.549313634192002018e-14 1.696995822984311023e-16 8.852612222712098407e-17 3.187687652595542828e-17 1.976924870546632286e-17
1.897419448437811386e-10 9.097628438953830699e-12 2.115583686869044023e-12 1.550995407082763606e-12 1.056067180388208817e-12 -2.501629495796508878e-13 1.243714427107342513e-13 1.905190982558857813e-13 -1.963368515730602343e-13 -1.857555805378086635e-14 -3.706071687332002586e-15 1.166850100545402308e-16 3.311653257430556168e-17 3.000926681415187587e-18 1.573917880309147076e-17
3.042041940923419696e-10 4.888912006412787936e-12 3.676890431608641909e-12 -8.848737308679894523e-13 1.177102480323261982e-13 -4.598723508459868363e-13 7.006646110137310259e-13 8.410462693586146477e-14 -9.597531226466459758e-14 4.310844710341917822e-13 9.186550214402981344e-14 -2.255899780448944167e-16 -6.210058802215613570e-17 -3.263611720281041120e-17 -2.501475853966391380e-17
2.972744285241301173e-10 6.761228811269484001e-13 7.028803495520672893e-12 7.035354333168617544e-13 1.545934107613617544e-12 -1.024913923804713277e-13 -8.118250292210072866e-14 3.232012666427031679e-13 2.364888520582765652e-13 -8.899242533939481433e-14 -5.131465444770317557e-14 7.575702080759093228e-17 5.005955719332703179e-17 1.534975372067336286e-17 1.021904269000404630e-17
2.157844980079032476e-10 1.142564335715274071e-11 4.745213825405349519e-12 1.305202818146868348e-12 4.092300286669046593e-13 -3.685394094684950626e-13 1.789499607716990199e-13 -8.758355289664090889e-14 2.355859249479257181e-14 -1.065320774279816029e-13 -6.604112329635192691e-14 8.769776455219330384e-17 3.902330083983675892e-17 2.958036143885113231e-17 1.933247284122170724e-17
2.430391014683385860e-10 1.116037073532309131e-11 1.558287311907177952e-12 2.016575746944026308e-12 5.014793792383364796e-13 -8.092136382687846317e-13 4.192435400096563468e-13 4.975357590934140618e-14 9.594561303632406450e-14 1.016575623117358958e-14 9.786640274534286457e-14 -5.887007025278555441e-17 -5.538136420692283082e-17 -2.515151140985572147e-17 -2.318383481020854463e-17
3.557458138591516272e-10 1.144003741769366826e-11 -4.848111069628494123e-12 1.941523644271042475e-12 1.655186432158136975e-12 -1.730487049558246520e-13 7.869477921215607017e-14 3.301972188325803391e-13 -1.084793723853520093e-13 -1.361424409963446301e-13 3.075435400326202835e-15 -8.392660184640142364e-17 -4.293400291304811468e-17 -2.491468041093744347e-17 -1.558038080495585984e-17
2.458476560841545382e-10 -1.565953819651549107e-12 5.527423886504068596e-12 5.273055652951020214e-13 6.610352779814120469e-13 9.000616199399063079e-13 6.603695808528653604e-14 3.831865503478664381e-13 -4.919813865884835006e-14 1.583925482244769620e-13 -7.934338389261835003e-14 6.751779814969653573e-18 -1.984262860631338695e-17 -1.835621925834815564e-17 -1.408528363343207315e-17
1.877478454021181266e-10 6.783792049771079874e-12 2.765332764975065020e-13 1.964568005452101742e-12 8.468320383685147049e-13 -1.212625563146559503e-12 3.087276290480038948e-13 4.770182010843533237e-14 8.501686842399205822e-14 1.636188353824999248e-13 1.018946315845486581e-13 6.562465709271395597e-17 1.972253960490010198e-18 2.913809968780015760e-18 1.189675870609461304e-18
2.513001447730851006e-10 1.328228879877190302e-11 1.253972975126085931e-12 3.639120722706827808e-13 -5.377279630456466891e-13 1.988128003064363268e-14 2.226203983944671629e-13 -3.113213161326631505e-15 -9.762405922148323788e-14 -2.739974923654089197e-13 -1.812854670021423304e-14 -3.352607932156721200e-17 2.669044256081633418e-17 5.116370807873097832e-18 3.579311281899489083e-18
1.548167159162354317e-10 1.045040466812780311e-11 1.083625933355358202e-12 -1.833656395873017024e-12 -3.947581148670056936e-13 -3.796639785316186885e-13 5.911173865965640947e-13 1.084057001908198804e-13 -6.969868638196581181e-14 1.691786048787188680e-13 1.168425387483283937e-14 -3.756679635747420345e-17 1.826792172475092077e-17 5.037293828754857392e-18 -9.524141000016818810e-19
1.966244146432236226e-10 1.117977543437907707e-11 3.860750789934388638e-12 6.044808931613690835e-13 -8.040957958013642701e-13 -1.856435993785411472e-13 3.982307615947649168e-13 1.988705220046505526e-13 -4.786687392324357202e-14 5.403373245204651312e-14 -4.474917479292946702e-14 3.517167372929272858e-17 1.997174635425700428e-17 1.222695446243986209e-17 2.493854080992515150e-18
1.917979599378477793e-10 1.010319521510683392e-11 1.993331260134694680e-12 1.536244659816316497e-12 -8.942699766405448966e-13 -2.611846686724023634e-13 -4.357541338524387957e-13 2.739819250274721609e-13 1.818944847069872618e-13 1.743431774078734448e-13 -4.511577529718485331e-14 2.336083188507625549e-16 1.038068216364560525e-16 7.031149874105902977e-17 5.076585425418633230e-17
1.168254204433868169e-10 2.309321299655587319e-11 8.695056423753525519e-13 1.527101023774229618e-12 1.451760071106195404e-12 -2.488075997476094994e-13 -1.407638444763956377e-13 -9.350533204880419102e-14 3.123881516229098200e-13 5.332310389057107370e-14 3.808923457300392773e-14 -4.612729126912631893e-17 -8.328982132037965661e-19 3.944374120409713243e-18 -3.438846695481778977e-18
2.038707564970211513e-10 1.114015411836309768e-11 3.140655638421608424e-12 -1.273178171945822582e-12 2.395425690555093402e-12 1.262411272798126997e-12 1.845847448395853543e-13 2.004001661380651909e-13 3.354049714874918405e-14 -5.808001275727945969e-14 -4.624509310545965748e-14 -7.271122387220276699e-17 -1.435854842385140291e-17 -1.513933964077331552e-17 -1.260590980367201400e-17
4.350427335614480897e-10 9.876293078722405525e-12 -3.186912144830005887e-12 1.298350399076718050e-12 -6.574633898405887711e-13 4.843830651343680530e-15 -2.847118074562995786e-13 4.529901152238491719e-14 9.842155700654835564e-14 6.766803433277657189e-14 -2.083368686174585656e-14 -6.880408027128687042e-17 -4.108041147870861219e-17 -1.519098647571942519e-17 -1.239712610453476550e-17
2.252766619101949091e-10 6.935983995805672443e-12 6.542120214126151174e-12 -1.773623791270454663e-12 2.146205668436720008e-12 -4.882078153814636166e-14 2.163809735114208757e-13 2.329851610543857559e-14 -7.645225082622163911e-14 1.751484881332838539e-13 6.860045781026483999e-14 -1.829616171756143054e-16 -6.141876432456937537e-17 -3.407198157068137395e-17 -2.422585649872900673e-17
1.982906959022478105e-10 -1.491876430137536649e-13 -1.109039433298386936e-12 3.202119801811892357e-13 3.435588345334380915e-13 -1.843077073056612242e-13 -1.457929990069343769e-13 -7.430903471232476006e-14 -1.303329196932448261e-13 5.960649132627661136e-14 -5.846044923019782790e-14 -1.720641458558303126e-16 -5.784679330191533681e-17 -3.448841626645589957e-17 -1.570402598841704305e-17
2.916999418117072910e-10 2.392476181828143043e-12 5.321793334273321097e-12 -6.205018023967619445e-13 -8.797882703084540564e-14 5.804577900607363717e-13 -6.377793173386260537e-13 1.498049435200700977e-13 6.829358630141994306e-14 9.878921602947842280e-14 5.180869680597188226e-14 1.473698052318440034e-16 5.316768812053892999e-17 4.263131561449304380e-17 2.874402794445912547e-17
1.906719261709364207e-10 3.419623300027648159e-12 1.676671697323003760e-12 2.886707128136563750e-12 1.691119821881733733e-13 -6.438688616668252680e-13 -2.858894183071600685e-13 4.777057875627943205e-13 1.390570749787789530e-13 1.153313317127306209e-13 9.541825207145395856e-14 2.519731660565086799e-17 -1.015488949575053833e-17 -3.062580466823190130e-18 -3.500340439208028276e-18
3.845551422155489098e-10 9.840199862249674807e-12 4.544594855489924315e-12 -1.048064852407234777e-12 1.521195384315299089e-12 9.607609623240849652e-15 1.444797870134143467e-14 1.992913980579959079e-13 -6.711621089463116994e-14 -9.812567140308294158e-14 -8.112271628921392931e-14 -1.547572742016632698e-17 -9.857065509054086720e-18 6.586953026457262612e-18 5.106723912609062723e-18
2.203145319289824007e-10 9.085816924942031920e-12 1.660193629938291975e-12 9.375576011250378534e-13 -1.295343352673190384e-12 1.116528850623121993e-13 -1.459183130093852413e-13 2.894070512180842276e-13 7.782799261841112671e-14 -6.952986389228941853e-14 2.783121072032420561e-14 -3.128992300274880868e-17 3.695270224200041721e-17 2.004715664560099979e-17 1.192679860300459935e-17
1.983169951264472458e-10 1.491819612381272781e-11 6.389083262966202244e-12 2.231999589813399551e-12 4.149303674207433141e-13 1.711637428168886864e-13 8.733480832952570887e-13 1.389568763773421630e-13 6.770221121240684843e-14 -8.633083705992364515e-14 2.443226162287056351e-14 -3.894512422127336841e-17 1.011628891489172116e-17 6.687734779391700695e-18 3.680345822409591777e-18
3.528204136420948425e-10 4.994665801351535331e-12 -2.509394199665316660e-12 -1.078977650889767013e-12 -3.340151693016014964e-14 3.512711533367269711e-13 7.144843886986989188e-13 -1.186224279882240818e-13 3.380051468574772320e-14 -1.261213429858345205e-14 2.329604108816885543e-14 -3.113282115584369215e-17 -2.100883755467466865e-17 -1.700578431906029451e-18 1.322767972992768192e-18
2.699759824283655631e-10 3.337888446432751641e-12 1.061772864839595812e-12 -1.755448326962945940e-13 -9.906394797086569820e-13 -3.978814114582521742e-14 -3.142137452034593010e-13 -1.690988888407661400e-14 1.916945520322209189e-13 5.941747652872788834e-14 8.111469825681035529e-14 2.579330117797526705e-16 1.257563517851260754e-16 5.015427732059190264e-17 3.876724225373137164e-17
9.952374170653744824e-11 1.261633232877109617e-11 1.069273299661759702e-12 1.345327332851188979e-12 -3.720009404867610428e-13 5.230696506810785359e-13 2.347957814636894262e-13 1.733664430546749652e-13 5.828042726775944489e-14 -1.725867179771539040e-13 1.178144361888471490e-14 1.475490103389065835e-16 4.088899061061560863e-17 3.105380326245099449e-17 2.095095909484696729e-17
3.108313971230003608e-10 5.719910327803142021e-12 4.754070101999555059e-12 1.282787657804249440e-12 8.853739891381873525e-13 3.676657991229056072e-13 -1.890401749864029868e-13 2.356387414411694004e-13 2.355757411660464055e-13 5.861947567180811507e-14 -5.956355951271381914e-14 6.535866351564871274e-17 6.017871111922868464e-18 1.219261760829263804e-17 7.826792331710562458e-18
3.620363988419902727e-10 7.655524144454704413e-12 4.394216178375747954e-12 3.224699297102728195e-12 2.982144290193468605e-14 1.715827479440961988e-12 4.499624335548575160e-14 5.803140042315678485e-14 -7.559960129848690818e-14 1.273534304737536185e-13 5.288572890222376083e-15 2.004233913976001071e-16 3.649468752677982127e-17 3.078767049242767606e-17 2.066254712445955202e-17
8.412411221873324167e-11 1.111119051601557367e-11 -4.810602022291581339e-12 5.218252041095694618e-12 2.108107772909983909e-12 -8.604687759552707396e-15 8.493913438466823350e-13 -5.041523321181312382e-14 1.092054541610397002e-13 1.164810101684917853e-13 -6.093108640833532412e-14 -5.548397044499576254e-17 -7.333402742323202816e-17 -2.445931731424704017e-17 -2.567900557969484848e-17
1.267660526675360607e-10 1.115414769791862291e-11 2.768447194129417991e-12 2.922391805203363346e-14 1.594381250406803056e-12 -1.538442349305997889e-12 -5.253539823049303894e-13 -5.668816834910442141e-14 2.950208547211228196e-13 7.955665358479471281e-14 3.140972979771282731e-14 1.698464798244287815e-16 1.043171282631358174e-16 6.555271470649607089e-17 4.372101499597566369e-17
1.652215760478424765e-10 9.105447732473679869e-12 3.744600136671846498e-12 1.294175212582636987e-12 1.323460455000362091e-12 6.688448966323256910e-13 -1.726456840534685842e-13 -2.972391011792144127e-13 1.853985485942210071e-13 -1.413248015118960738e-14 -3.304602610650390671e-14 -7.651766726598681340e-17 -4.901671203975875837e-17 -1.676919734280799435e-17 -1.078406264211216125e-17
3.444010855708096243e-10 1.428476805110559476e-12 -1.721039385419233384e-12 -1.035042886487853493e-12 1.075424456110207712e-12 -1.069990494962390733e-13 1.674689012299837076e-13 -1.066296493194643847e-13 4.766121875541282162e-14 2.172281673031178034e-14 -5.871475856686979030e-14 -1.252948797692499339e-17 2.527777901456128674e-17 5.186854624741808020e-18 3.270816744702759989e-18
3.002858090916835700e-10 1.890399851334406327e-11 2.172723365342438939e-13 1.017908820812292913e-13 8.994858348205594998e-13 2.339873597219990216e-13 -2.334155967819019547e-13 1.465317940764177766e-13 1.824928571726392654e-13 -3.004744740935113150e-13 1.646340855164662102e-14 -2.022836781821257902e-16 -1.246222970332722175e-16 -4.913024288306210028e-17 -3.225166220752006009e-17
1.489634062802713162e-10 2.753884751539431881e-12 2.174456193438047118e-12 -2.960329076077479125e-12 -1.733393869514109767e-13 1.480557343245106186e-13 9.073133206579008631e-15 -3.376746526495244006e-13 1.248525322048738077e-13 -7.647266204972031419e-14 -9.429919607637248223e-14 8.867761250231845407e-17 1.607607954164626319e-17 1.623683881491472805e-17 1.565767893902133450e-17
1.744685958316054758e-10 6.757707730992913228e-12 2.398665619017891016e-12 -3.194714776925356939e-13 -1.719746580853633734e-12 -2.997801961651047262e-13 -2.564241920073448978e-13 -1.331852348100289824e-13 -9.395266430256548583e-15 -1.746768215245862965e-13 7.421263783688864272e-14 1.820455787198421209e-16 6.367848986161828582e-17 2.704204000238277321e-17 2.592846128793686906e-17
1.557199312633827843e-10 1.310141588611224678e-12 1.108849049266072816e-12 -1.428519334981281662e-13 1.120548639679305801e-12 1.310380005924237574e-12 1.555340992408946642e-13 2.968105636216582193e-13 -1.183090875362394936e-13 -5.141275361796962192e-14 1.639036159241766902e-14 -4.963425296088196624e-17 -3.444957712195689378e-17 -2.296113249170060145e-17 -1.817848526452292066e-17
3.453018323284492878e-10 1.191609098404218969e-11 -2.076212461212635047e-12 2.321317357870676977e-12 -1.236720286429848178e-12 7.607982599049410086e-13 1.402097960217531908e-12 -3.455053692261399445e-14 9.852975655198415449e-14 -3.019831395568551845e-14 1.302902242892452858e-14 2.015023742999712539e-16 6.562380819247863087e-17 4.214038686657726164e-17 2.525727057604445810e-17
1.560307255828800579e-10 1.222987860763268186e-11 4.704324221568799796e-12 2.364592635076735654e-13 3.497200423945494287e-13 1.466374091169196874e-13 -2.232400247637443431e-13 -2.570458710311182708e-14 2.265979070442281046e-13 -2.493560869549925583e-14 -3.122692171672563587e-14 -2.456181337849062088e-17 -2.071162654052258002e-17 -1.656410953803047302e-17 2.333668539497053847e-18
2.512025737614675507e-10 1.089030221751846784e-11 1.037313988025458840e-12 -8.202850438110475831e-13 7.542500814622214949e-13 -2.625106934767843801e-13 3.663163779994461883e-13 1.025800056051238241e-13 1.357696431496375544e-14 1.322546080939996257e-13 -2.854962355538238731e-14 -2.311364483754556395e-16 -6.951338182039943812e-17 -4.633986066106169660e-17 -3.148770260505194919e-17
2.593207417249343911e-10 1.003564869083489416e-11 -3.215198908694697411e-12 2.593038091282760083e-12 -8.229395337444068158e-13 8.126580823133556173e-13 -7.705544105461086738e-14 -1.864368973617991854e-13 -3.524092964337999739e-14 1.218788860264544495e-13 3.863681586222785888e-14 -8.288522303548230692e-17 3.657417867179104935e-18 6.256622585750320630e-18 4.900131207557959400e-18
1.947365881556369653e-10 -2.466067651032168801e-12 4.559473632501792893e-13 -2.133627714242375948e-12 -1.664402857451846870e-12 8.789084378140562496e-13 6.601754664105926005e-13 -4.294198899054784935e-14 1.640276072532832607e-13 1.302423941926019112e-13 -6.135619628392250360e-15 -1.154024750833380860e-16 -6.975956128322820545e-19 -1.533600142897585513e-17 -7.962436757217294842e-18
2.233968548312435479e-10 1.243323944411021244e-11 2.081037849299372727e-13 -2.632651796445444081e-14 -7.912820565636121324e-13 -2.075951610864689755e-13 1.638491181072625894e-13 4.115056936327033946e-13 1.144276706269918740e-13 -8.118201683251207934e-15 3.275138290334442904e-14 1.655896072755718496e-16 7.072829492604583468e-17 5.484669306693250111e-17 2.672047876511551754e-17
2.089049847951585949e-10 4.804726373443297173e-12 8.868628906046658892e-13 6.783261691403975515e-13 5.367581699633818500e-13 6.210169685284801640e-13 1.860331464981557586e-13 1.871868290870281622e-13 8.161991417094036467e-14 3.612922197963463536e-14 8.042902911308699323e-14 1.052603095859181121e-16 5.772042181360828266e-17 3.722894264838203303e-17 2.004086431906726240e-17
3.857884473102819698e-10 8.046102482696581609e-12 -2.347266731743490264e-13 3.948078547846960186e-12 -4.917081583233811946e-13 1.627359831692742514e-12 -3.684478737779130387e-13 2.953805682314727652e-14 3.524005773122857569e-14 1.032662268362179759e-13 6.082364969302842190e-15 1.186141053708162160e-16 9.244549249395191581e-17 4.569413940417784791e-17 3.422505309833624925e-17
1.115745366499635933e-10 1.158788038843029094e-11 2.672747965201363804e-12 -1.783121675719234691e-12 1.688172721352655760e-12 -1.310259695720232681e-12 5.665274692283789482e-13 8.728641757759121414e-14 -1.040592995356521492e-13 7.505159683364632729e-14 -2.309807106681419081e-14 -5.206786164752415953e-17 -2.315440732820622238e-17 -2.937033509440109700e-17 -2.801827212839800501e-17
2.843930853183940996e-10 4.826364421435589252e-12 9.544398553993955532e-12 2.268374899937336179e-12 7.526316608926446313e-13 4.479474617221606040e-13 4.272987906921290241e-14 -1.775028448569799848e-14 4.268822297700290318e-14 1.262162289527456490e-13 3.545919391900737427e-15 -4.443881429682051171e-17 1.000910765976176408e-17 6.301057000170697988e-19 -4.808150764020311746e-18
3.107671420665916272e-10 2.711478820596183115e-12 4.198213561566858457e-12 1.639666657700935084e-12 -3.390361997828773725e-15 6.943625716673360671e-14 2.548522286582231132e-13 2.708597691807522207e-13 2.188651290747095632e-14 1.595874922386508224e-13 2.657943315194320571e-14 -3.006336512051261028e-17 5.142849950576658989e-18 2.181967605722523856e-18 5.417676093153004609e-18
1.082513602788412639e-10 1.473258320226715549e-11 2.796935968427495578e-12 1.128561744072124433e-12 6.019735895940426171e-13 7.537271770246372821e-13 2.202920599071707070e-13 5.060696639328127226e-13 1.918359354471347162e-13 2.186805806346700818e-13 8.792212761299256549e-14 2.471006460566906646e-16 9.670746225052452448e-17 6.904938633458383062e-17 4.010236432075549013e-17
7.480571947740487551e-11 2.113810458544407893e-11 2.825724284074430060e-12 -3.500299979684868994e-13 -1.283392035166950019e-12 8.195395561621236779e-14 -4.447961407571605575e-13 2.232318095775404182e-14 7.310877433456212949e-14 7.571189506816489615e-14 -2.894418450341354794e-16 1.351914130165364827e-16 6.453287089813138987e-17 2.889558369244789345e-17 2.363601567662453667e-17
3.104300339126322932e-10 8.380941195178885960e-12 1.557918691197215761e-12 -2.056972036458673953e-12 -4.451133478288072747e-13 9.577562822428475866e-13 1.127620858202890612e-13 -4.765940246387921333e-14 1.828741064832179720e-14 1.669964412604944408e-13 -1.056817756828204172e-15 -1.411383366538893540e-16 -2.545128535735855290e-17 -7.382071556931192738e-18 -7.587779405383941924e-18
3.743420231457227102e-10 1.110288541228645203e-11 3.322681052719168790e-12 -1.219976799496831636e-12 6.211859927352418566e-13 4.975694301748948636e-13 4.243935066702708364e-13 1.343367846474741952e-13 -1.712139621133598327e-13 2.018632083931870444e-13 7.198135203579502041e-15 9.040089150213312121e-17 -1.433437518411954483e-17 2.049350828896779106e-17 1.332146159776076237e-17
1.646758990814826522e-10 3.262106396009656151e-12 2.208021075424163850e-12 1.167984643284500568e-12 -1.730501267453496649e-12 3.703051970939595331e-13 2.646965805678358199e-13 -3.380747138244885100e-13 -1.254129945434747992e-13 6.696239477709489722e-17 7.757239991174161208e-14 -6.689505057861345391e-17 -2.366013922503305065e-17 -6.129708351345398098e-18 -3.789274656019017475e-18
1.515743598007989945e-10 1.324600963959496113e-11 2.720826836335390304e-12 3.316292303720023786e-12 1.797978907218088642e-12 -4.381665806360077071e-13 -1.281584673046499893e-13 1.482093930986196377e-13 2.591991838777791084e-13 6.010513178317752995e-14 4.322325139532444603e-14 1.377917471409240228e-16 7.641079369276514436e-17 3.527648741312555976e-17 2.546539689204344221e-17
8.236403019785181891e-11 1.289260082338461955e-11 1.768874780862958685e-12 4.082030658460394921e-12 3.002108447094135442e-12 7.917823337231185879e-13 2.648724097467882904e-13 2.083314885593588683e-13 6.656917288852593097e-14 5.319905382626923522e-14 -3.195020098690273862e-14 -3.795233811151354648e-18 1.723582552534634843e-18 -4.986207870927421128e-18 -4.341218736670219921e-18
2.377992732360633196e-10 2.129471515431862071e-11 5.007878119557988031e-12 3.221803754183806441e-12 1.686276763146860802e-13 6.252011613975929780e-13 3.273455485012064566e-13 -2.975533313390885574e-13 1.338969238421948392e-13 -4.999662496087053973e-14 6.744856740156885330e-14 1.227572715561357612e-16 2.326853463702669999e-18 5.255599458960963785e-18 4.908778311047162731e-19
2.036769315550431351e-10 7.221275883620870835e-12 -1.308333500186303390e-12 2.382729047120361481e-12 1.883065480232172724e-13 6.882449317231960030e-13 3.577449758108090528e-13 -7.076609174305826640e-14 -8.968212514645200677e-14 1.628040770436920544e-13 -1.245082204377726507e-14 -1.391626108998748852e-16 -1.152027676938774553e-17 -5.372600444065305182e-18 -2.084412544725595615e-18
1.421436861354495408e-10 5.852898733479307192e-12 2.241515602850100691e-12 1.123167038254607081e-13 1.410189864838803092e-12 3.770152871991172415e-13 -2.710047092621474509e-13 -1.749281919763808887e-13 2.598763856425446634e-13 5.498323298597776520e-14 2.776481867968071648e-14 -4.084521043953279363e-16 -1.598001846988745801e-16 -8.803923192403702323e-17 -5.668491691276355377e-17
1.657230827206613398e-10 1.975188754375864638e-11 8.765943269963815024e-12 2.001154869303690785e-12 1.029074301996954792e-12 6.409007223401944193e-13 -1.194842174472692180e-13 1.322767470238734847e-14 -4.614857670809074516e-14 -1.531084262827251575e-13 -1.409729814838545107e-14 -1.204661503346665882e-16 -6.386986417282270574e-17 -3.672104107313477119e-17 -2.154563832045071976e-17
2.987481240901360152e-10 1.275746632998884589e-11 1.918542211021970505e-12 -1.066118151522388908e-13 1.331532850534062530e-12 1.428651174150496515e-13 2.641264375047010756e-13 1.992418772267980669e-13 -1.018896717113968575e-13 -2.790003232157206751e-14 -4.599188071449369139e-14 -1.916304249467428586e-16 -6.618530869090434974e-17 -4.750608729524475120e-17 -3.128868236895035484e-17
8.423028365403455094e-11 2.475177415454115374e-11 1.560081232488560045e-12 1.707072852819031270e-12 6.223292819376848861e-13 -7.674573642250649075e-15 -4.594880330708935926e-13 3.856602546874141115e-13 -1.525465505219001703e-13 -1.191308422612738677e-13 1.344214803035184506e-14 -1.251870264688158520e-16 -2.433891333343003955e-17 -2.080079159508077455e-17 -1.423863262107663142e-17
2.033690229611508190e-10 2.209678723702740079e-12 7.154207585688208177e-12 1.926531098444278144e-12 5.476539267639789514e-13 1.787578252622623935e-12 -2.485952795072275090e-13 1.935446910858917773e-13 -4.947147649442855825e-14 -2.318356849236971957e-13 5.098792645230303686e-15 1.342042568085299779e-16 3.887856642860424921e-17 3.354284200892256637e-17 2.807232541251706698e-17
1.265587221477367831e-10 1.003937633297402381e-11 5.953199325090404754e-12 2.670524543593725279e-12 3.541951630238739996e-14 8.793487659302141753e-14 1.588434378842317286e-13 -2.564987456300450651e-14 -7.561764350564904752e-14 9.463866720054460561e-14 -8.737047443895204634e-14 -8.650708932438012052e-17 -4.691402157457101177e-17 -2.791445768482436502e-17 -1.784286239092563228e-17
2.284578935644248271e-10 6.450763206593848139e-12 -7.954522587935687697e-14 -2.162156548164391785e-13 1.745018445113427385e-12 9.831299447046355337e-13 -8.453534248787127098e-14 -2.277867885531236490e-13 8.882010474928311054e-14 -2.151780770200668136e-13 2.461624334247841914e-14 -1.818689874782919480e-16 -7.089729003283303000e-17 -2.355703116560507120e-17 -2.243650665828452144e-17
3.339490412605915453e-10 6.282692787335152511e-12 4.031005062401846805e-12 -1.395658610464277957e-12 -1.071242423851102850e-12 -8.992950737242550523e-13 9.785777757314166695e-15 -1.761820302554150494e-14 -1.049584303172321776e-13 -5.262887427526253648e-14 -4.840804371082806347e-15 7.904007916940074421e-17 -1.206256343201151844e-17 -1.248176343939179913e-17 -6.665261033592843595e-18
3.933169915256994582e-10 9.931775524209990570e-12 2.607309258859203412e-12 1.349051737641304891e-13 1.258163054580067251e-14 4.520639032206950890e-13 4.328048716546139916e-13 -1.293562664859900612e-13 1.398495662546675694e-13 5.423032290268274701e-14 8.146098829697244288e-14 -5.408673189385846348e-17 -1.727033243363903310e-17 -4.143298514482336919e-18 -5.763389857770437183e-18
1.345975806630374554e-10 -3.013923036967317781e-12 -4.340873967597270027e-12 -7.134620296912084607e-13 -8.190589884296582807e-13 1.144877703482438305e-13 7.034910071507284393e-13 2.104035061809428353e-13 1.741415889382575998e-13 2.490702774265389214e-14 6.766847246082577094e-15 1.091673019481745523e-16 3.625411587393754080e-17 3.046561333243076532e-17 1.857364314395134734e-17
1.539508304278729203e-10 1.605197902093752847e-11 1.770223244182305831e-12 1.138777556372494345e-12 1.424076696666388057e-12 1.048924095158149056e-12 1.444022279975621784e-13 2.018692385089881774e-13 -2.970246433771260341e-15 8.799008184331831207e-14 6.953744582860690979e-14 2.011396898271927288e-16 8.240035065936183571e-17 3.714727514069338655e-17 3.112180839109718195e-17
2.496381816215022375e-10 2.092722245035168420e-11 -2.306670760331227290e-13 3.269128433873574493e-12 -8.486364025373567872e-13 -6.799757685930228671e-13 -4.748647097855290216e-13 1.293441278855962322e-13 2.957827241094278233e-13 1.497947380966424317e-14 -9.511261060751217868e-14 1.877786241217271271e-16 6.594319406150450381e-17 3.353224855294724349e-17 2.470024252256300479e-17
3.446087085425591538e-10 6.141475491898893203e-12 5.074909973055779640e-13 1.166733793072314700e-12 -9.920638386738556317e-13 3.035094821620670842e-13 -2.155753319577722718e-13 -1.165494735966971462e-13 2.179509509376727254e-13 1.125869789715096740e-13 -2.274190115027891559e-14 -4.328247261955197251e-16 -1.351584398913346037e-16 -9.348389795404159547e-17 -7.041783118205308252e-17
2.727202623915671125e-10 1.624105104458156425e-11 1.208909224111378712e-12 1.879285268076018707e-12 4.607071901664732046e-13 1.470547404736003758e-13 -5.272722999237563525e-13 5.127099335053298557e-13 -3.010020330010092735e-14 6.076828065679216945e-14 -3.548703989048618139e-14 2.883527108627390571e-16 8.592718899600701168e-17 5.442246175934728958e-17 4.024521235278525528e-17
3.351698954619518233e-10 4.097579514940614690e-12 8.846423161541840498e-12 3.716694320297920951e-12 -4.396220336094370345e-13 3.180265330807666045e-13 5.344504274840628126e-13 2.674830084634444989e-13 1.107680935973430220e-13 -2.201416861139373852e-14 -3.602779827265605614e-14 -1.294473464733694143e-16 -1.957752311815677156e-17 -2.299114500684579241e-17 -1.926828999165987558e-17
2.168498329952920822e-10 1.541786089545491679e-11 9.841817120571744852e-12 6.623873023234883669e-13 2.317627731108952775e-13 2.008986828876282643e-13 -1.481176594802478185e-13 -1.880425532208089963e-13 3.056569954366454659e-15 7.641090994325199685e-14 -2.479341991205725348e-14 2.044277037754240699e-17 2.187073884619833433e-17 9.713355763919676291e-18 9.324162893621545718e-18
1.819826652212953013e-10 1.916364583038208483e-11 8.451480277171203310e-12 -2.639001140019832277e-12 -2.262603700711196994e-12 1.640896769731834870e-12 5.032808656566202306e-14 1.762160142635643138e-13 8.175618544607169415e-14 3.859207689359613239e-15 -6.133788369510193701e-14 2.644989221225689382e-17 2.193811358161142695e-17 -9.800644210354820337e-18 3.419988915283863271e-18
1.639158345468870242e-10 1.026678723646884923e-11 3.034590897658637823e-12 4.351521974467152656e-14 4.148725637228766184e-13 -8.663859696402157256e-14 1.930347505725029424e-13 3.642235670369087770e-13 -4.988835894150125728e-14 -8.003613780137824742e-14 1.153160920516023874e-13 1.973916690099244510e-16 7.835408875071942594e-17 4.210596662939228074e-17 3.343161676774088168e-17
2.237329475287020407e-10 1.031738515426821718e-11 -2.240724311412787239e-12 1.196874465848179409e-12 1.002041999516911157e-12 -2.278612259237790924e-13 3.147827261340162587e-13 -3.565762901767322878e-13 -5.205729483704089657e-14 -1.023893518294907789e-13 2.889410998386156767e-14 -3.961582614230195111e-17 -9.473780234225208967e-18 -1.906365547642479696e-17 -1.238151187970548377e-17
1.550463998158764068e-10 1.030223832861622823e-11 6.437247111349940673e-13 2.951508543869595432e-12 6.563672723479838327e-13 4.793492415295044687e-13 -4.817791349294584962e-13 -1.621413278747439506e-13 3.782237091655573777e-14 -1.845414936679663602e-13 -3.107819132418695419e-14 -2.950933708698710909e-17 -2.714033003399620216e-17 -2.093214020734440856e-17 -1.523576183271603952e-17
2.264514963878045160e-10 2.336249532327201242e-11 6.816759584026139796e-12 1.516568885681708413e-12 -1.509615044263819464e-13 2.060858068665937883e-13 6.562972917004007744e-14 -2.026524034436787260e-14 -6.571055351519364697e-14 -1.412169965101901876e-13 6.907081253231732608e-14 -1.319634748623065172e-16 -7.028489576908020460e-17 -2.577963074526015192e-17 -2.126983359559798446e-17
4.021141152876513329e-10 3.570787480226741973e-12 2.635659828344269810e-12 -4.035912752318727296e-13 1.315242464697424448e-12 5.264095663696796733e-13 -6.951789850399069935e-13 1.572384911693163031e-13 4.991204357081279981e-14 -1.480007708758352062e-13 -6.546433103702693700e-14 5.819901789509326188e-18 1.414521503752779387e-17 2.406126587273024254e-17 7.606560337506459530e-18
2.630820331188235273e-10 2.192159884914983681e-11 3.815236131536251946e-12 -4.166783997312800816e-13 2.581834786033230507e-13 9.431883501693131272e-13 1.976317959774639143e-13 -5.083172586897047627e-14 2.766570028509590023e-13 3.806781773536675543e-14 5.187681029354453556e-14 -1.190406593335714286e-16 -3.929565164138893690e-17 -1.957834184359474962e-17 -3.138394625504132885e-18
2.277368966110171204e-10 8.505744459608724480e-13 4.346758285027063355e-12 1.171564099840608043e-12 5.368813733760005206e-13 -5.872231699023201562e-13 -6.940072829770018940e-13 1.533618065463346246e-13 -1.444276637174500298e-13 -6.664262586272866150e-14 3.787159159800772651e-14 -3.037536021640486298e-17 3.539237479356217119e-18 -2.814609006455057031e-19 -2.503649289702226264e-18
2.848531493754616026e-10 1.662688751913551628e-11 8.565885058300206871e-13 7.708922175807711451e-13 2.257644586218534747e-12 -9.347398696665286783e-14 7.171979706883994694e-13 1.695382084381132247e-13 -4.070538245943509901e-14 -6.190872048981630883e-14 3.887437674564036199e-14 -1.898771605513000876e-16 -2.339193907400271233e-17 -3.619838265795471913e-17 -2.561149144382551996e-17
2.754335379225549172e-10 4.956870792567739099e-12 4.969240912570409771e-12 -2.309273324528341670e-12 -1.214773337547043465e-12 2.647302180474707690e-13 -8.981404439379165395e-14 1.564725329890854274e-13 1.614840735705942525e-13 2.937077906917400100e-13 -8.780881922303436431e-14 -1.089008827495966933e-16 -5.320916691361386168e-17 -3.088471400265671976e-17 -2.367673802194125672e-17
2.371611878104250145e-10 1.074857233705760564e-11 3.426484338364968222e-12 -2.198207651707888896e-15 1.787235360605186615e-12 1.363815406720768876e-12 -1.557097328532912246e-13 -7.711687894085942994e-14 1.325422315773558154e-14 -1.045162104007450064e-13 1.907135753101303110e-14 -8.544187735527707830e-19 1.744080003190144609e-17 1.592312368986796816e-17 9.699139295563512700e-18
2.274285271798416986e-10 3.682178850156966922e-12 2.245968673697774180e-12 1.454611255611174751e-12 -7.683624957810767600e-13 3.788110546613901242e-13 3.568180059272947988e-13 4.573813558593578884e-13 3.920377808512811432e-14 -1.749145351488560652e-14 4.096741948739552553e-14 3.553716397070747893e-16 1.582414449683388899e-16 8.994067624250652608e-17 6.679621630256891334e-17
2.105696160143006741e-10 8.548276419137875971e-12 -2.417856964099060306e-12 -1.449970448597649554e-12 1.045163267685338409e-12 2.244572151067988041e-13 -5.961444732136255713e-14 9.895494194147755606e-14 1.315443198412401072e-13 -4.901793254308589653e-14 7.846778737468432378e-14 -6.359024612955641518e-17 -5.565079213985696247e-17 -2.484080019290647533e-17 -2.396905023499771586e-17
3.085627937128823677e-10 9.971195890009195652e-12 -7.175263407983018922e-14 1.923945842638266753e-12 -8.999120714421530401e-13 1.951526306020895410e-13 -1.145614599587126694e-13 1.227509931356182897e-13 1.733242041381070909e-13 3.424930625034879275e-14 -1.562016066437324929e-14 -2.034891929627802474e-16 -8.842534718698030213e-17 -4.524609610064185466e-17 -2.947167060352348604e-17
1.908691014725086239e-10 2.435827363321764664e-11 -3.855986693515637600e-12 2.310831172497835628e-12 3.016361997891269965e-13 2.533183159327438147e-13 -7.343360569480077564e-14 5.458229227679110640e-14 8.977938280047401800e-14 -1.752870896681659855e-13 8.381445598511851521e-17 1.135142451171770236e-16 4.424511262222851499e-17 1.754679962673448799e-17 1.686010584844109881e-17
1.736097275038760486e-10 6.573430972178798284e-12 1.083196156759149126e-12 2.900566937612843387e-12 7.402164897161358513e-13 -8.279550222917098961e-13 -1.093768008121125665e-13 4.423117673309016302e-14 -7.303420981481993067e-14 -7.148532953701670320e-15 4.375053104671061449e-14 -8.796748956529019708e-17 -2.742349329682713109e-17 -1.658848531226261789e-17 -5.485736416889546919e-18
1.436756821603784465e-10 9.456565606431634859e-12 3.602912820317304358e-12 1.123101214440287254e-12 1.646885953291470956e-12 -4.863133500918432912e-13 2.933314290684387571e-13 1.273161077494644667e-13 2.077761791251791614e-13 -2.137890191529388714e-13 -1.414290917896043145e-14 4.012491353777789869e-17 2.507212242758568105e-17 2.598771267326793919e-17 1.851473790789883043e-17
1.037411773762547430e-10 2.381800242161882278e-11 -1.598115575769790040e-12 3.502386960621210949e-12 8.862244065168584956e-13 1.233159234160159658e-12 -4.473512744628164562e-13 4.152619818200786734e-13 -1.372474159982501238e-13 6.391107127303405406e-14 -3.209660280699703495e-14 6.583050459468709740e-17 4.295416351105101445e-17 2.967416077360221513e-17 2.357640535417984744e-17
1.626485197168578088e-10 9.632686990249508473e-12 8.720375677302401875e-12 -4.372387553384719175e-12 -1.736820246920268909e-13 4.738512250733181166e-13 1.048809399125915468e-13 1.914309764000045303e-13 8.264957915741528779e-14 -3.457986246952905374e-14 -1.446940550483749406e-14 -2.558121143189626970e-16 -1.087951385631993898e-16 -7.401067668193014655e-17 -4.938996613098019781e-17
3.575790115801360904e-10 8.321995407898064328e-12 3.870961805579067999e-12 1.412795175510457316e-12 1.808862720739657940e-12 -2.079616023068852253e-13 -1.492053571914405615e-13 7.105164066657867284e-14 2.510663992276648360e-14 3.472251740258294252e-14 -2.338510031030365351e-15 6.994125850858879582e-17 3.249637662994399307e-17 3.185141474622388460e-17 1.752114388369195207e-17
1.081827509431982568e-10 5.894330896896925739e-12 7.069644205045629026e-12 -9.661313497317665075e-13 2.225319787442531275e-13 -6.213650522762148261e-13 -3.344549035426199408e-13 3.704811161886953050e-14 -1.445726902566804113e-13 -3.191841568513954799e-14 4.988189166652590053e-14 -7.320909535757219703e-17 -4.789188509860756360e-17 -2.026099028340799512e-17 -1.224003621690277911e-17
1.130815065999147706e-10 1.355032358829101167e-12 7.208153642629045890e-12 2.371612264324236499e-12 1.789966981156142031e-12 -1.472868050692589177e-13 -3.474723987357507679e-13 1.913347820894877636e-13 1.940628757954818859e-13 1.758988127694182476e-13 1.231915790280664117e-13 -1.265828033609180894e-16 -1.362660231734064474e-17 -8.098270162677313812e-18 -1.034113377541792237e-17
3.479329642604821598e-10 1.564280880459546306e-11 1.209585214095168497e-12 3.376985942465303704e-12 1.191846326741685643e-12 2.317038373965054187e-14 -3.478217922061424627e-13 4.687120960556997952e-14 3.449955699712218710e-14 -6.124282874656267101e-14 6.269046333135997023e-14 1.983387442074567547e-16 6.156339131084173720e-17 1.889837202852858389e-17 2.276951906880295096e-17
3.108336862607614723e-10 6.074879734495862082e-12 5.436630342933319518e-12 -6.035970985021698972e-13 -1.188854729551029014e-12 9.971816308901993855e-13 -1.603958558338983990e-13 -3.657742336255216426e-14 -1.973555397009673922e-13 -1.080166270593412963e-13 -6.942537915386828458e-14 -2.531043961672122114e-16 -1.141647355985292799e-16 -5.112819260807945084e-17 -3.934870749304520448e-17
2.577444924661442588e-10 1.907250632576147487e-11 -5.895338695250327163e-14 -2.932930082319172493e-13 -4.958182897223907790e-13 1.258891578743970309e-13 -2.569308162478969533e-13 1.910620380022113802e-13 1.815649598255939372e-13 1.602733919480552920e-13 2.712352285051666967e-14 -2.253581171066552876e-16 -1.033903462679312290e-16 -5.946706993881885018e-17 -3.772676636578813018e-17
2.301069759188999363e-10 8.387842786227008140e-12 6.455838893678725599e-13 2.531363643111665886e-12 -3.753537169026067955e-13 4.179540562053904790e-13 -3.157237665407380565e-13 -2.038006657610845449e-13 -8.012073746728942190e-14 2.541223407060568032e-14 -7.540980605287176853e-14 3.193920497015384453e-17 -3.111369362878701282e-17 -1.697908448061552888e-17 -1.389773900165446380e-17
2.339122647497582503e-10 8.641550032756253775e-12 3.962303025000312534e-12 -6.629995023893505958e-13 2.427659440689549328e-12 1.345602553685468787e-12 -2.111243160124042190e-13 -1.929285583788081657e-13 8.703305257208401314e-14 1.052706274304672500e-14 3.784279246547050277e-14 8.018871485073616409e-17 5.825863209830500989e-17 2.941265615345961155e-17 9.111096775849024794e-18
2.576986306699814998e-10 1.141002881961659925e-11 3.515224983148607998e-12 6.315033527235198341e-13 -9.456841085087733875e-13 -1.039393493945536403e-12 1.180409046056776173e-13 -1.676619225229115687e-13 -2.583551999002990156e-14 1.220668118706835311e-13 9.726964462328064155e-14 -1.142084574780554848e-16 -6.657709746375427613e-17 -2.351156407381753864e-17 -3.028176275780018675e-17
1.533127076307433670e-10 2.148791455956962794e-11 5.002484762050629112e-12 -9.129190500626794983e-13 1.890552264961345333e-12 7.280034075173381135e-13 4.002032874486212804e-13 1.715471634143116893e-13 7.596554323689123607e-14 1.745752946001842598e-13 -1.004129725966114317e-13 -1.446533120462847412e-16 -7.404145951759837954e-17 -2.057071824446248322e-17 -1.839115230883131290e-17
2.280358367164188493e-10 1.001736717715425068e-11 7.624094101914226824e-12 7.560678885830086542e-13 1.092542007136790178e-12 9.407950172053833290e-13 -1.945197968337839711e-13 -9.528337704273382262e-14 -2.761386210950176395e-13 1.469010624464784432e-13 3.341707448011968053e-14 7.429281043526925871e-17 4.056503692747113757e-17 1.802597708773778154e-17 1.356853387276187613e-17
2.021593078798107516e-10 6.456848653747378112e-12 -3.910852051265574234e-13 2.013304564992395880e-12 7.954968452719974724e-13 7.522342902434276718e-13 -7.717438228492542103e-14 -1.731603571935143164e-13 -6.516543044120633620e-14 -7.934646501709749025e-14 -3.313857332309325239e-14 -1.003199413656904152e-16 -6.391269646879039444e-17 -2.996108821679281540e-17 -2.333403814108391715e-17
1.860562366259949074e-10 2.989945135774972810e-12 4.559790107887404590e-12 -3.823193626685317553e-14 -4.077122419831103232e-13 1.426964275966792033e-12 1.487535465562379437e-13 4.560906944411603180e-13 4.210541187209654383e-14 1.041284861168319046e-13 4.809194624523234075e-14 5.751947173732711207e-17 2.507929049706800230e-17 1.212101013696439405e-17 5.153407370636466671e-18
