9.566901428989237271e-19 4.272621728993390088e-10 -1.374472957330284306e-10 1.919093571639615716e-09 2.522829291433960196e-09 2.108626628913077300e-09 6.186433381506258951e-09 1.586725177665838373e-09 3.887504345132330582e-10 1.782941777301755522e-10 4.801532838818686719e-09 2.477647586880579733e-09 1.772591395655399575e-11
1.074524397302863854e-18 4.660334213382594552e-10 1.108229714819952228e-09 1.536966170470372551e-09 1.907890940224405585e-09 3.097729358618268257e-09 6.050136472546988934e-10 6.434233417831123702e-09 4.322199110280253952e-09 1.133990880541648744e-09 1.022995076708164945e-09 5.822022062301662725e-10 -1.935614505259682776e-11
1.452434025960558658e-18 9.202353679635069447e-10 7.380805606128592652e-10 9.951598945555322326e-10 2.388223108223811871e-09 4.984758094566382361e-09 1.198116280009178942e-08 8.750260238811459093e-09 7.682171101461784369e-10 3.786351543021616015e-09 3.583431709426595368e-09 5.610620075089691433e-10 8.073330595566052852e-12
9.265429883982155804e-19 1.841485756560291793e-09 8.929535711730304963e-10 2.467514960390215073e-11 1.818219380335363714e-09 6.690513670296200452e-09 8.306185428958138667e-09 1.145859952921931964e-08 1.203773164179708940e-08 2.046220686660006364e-09 7.718391697544092679e-10 1.127546599307626512e-09 2.457298016588403775e-11
-2.283766712657678030e-18 1.498079367044227190e-09 -7.543373932991366243e-10 3.015433442465014168e-09 5.658268133953908322e-09 5.791965440327560794e-09 8.181961414961013260e-09 5.295388149550694600e-09 3.521775988226303016e-09 8.362506157128166184e-10 2.000841667953829049e-09 1.016836976609415998e-09 1.050885332614013993e-11
1.919644615391554337e-19 2.323039917042343268e-09 1.747881862915926823e-09 8.517789575344179388e-10 2.554601094710989159e-09 6.181446451963933669e-09 8.374805188866231335e-09 3.923697843294262402e-09 6.016789974292129287e-09 -2.215516117837204457e-10 1.687964011406229486e-09 -6.056500377085471308e-11 1.348668262260739820e-11
-6.487163822918412296e-19 7.953175948847337655e-10 9.080686320376862810e-10 1.622383927589745071e-09 2.709118775456452604e-09 3.289828137499870161e-09 5.766948549581036099e-09 7.211745059375165918e-09 7.856593823058334585e-09 7.509609072357078324e-09 1.224402369623640774e-10 -2.221246376429134512e-10 1.889818570809075396e-12
3.474696981917573568e-18 7.737169495683663530e-10 5.317883856639689059e-10 9.714319559087234025e-10 3.027948072282252064e-09 4.196589016964064820e-09 1.825274874469450851e-09 4.133796679508696107e-09 1.724397325904182997e-09 1.038948624565756639e-09 2.452960248356415132e-09 -8.998950314099844157e-10 -1.855302854439647671e-11
1.863174365664963464e-18 1.697735376830272966e-10 1.294557083675683701e-09 6.261234936582382925e-09 5.235843926070724914e-09 5.492757167822432945e-09 4.310529605420743145e-09 4.476865670278787178e-09 -2.568146364246905723e-09 4.698898871006948578e-09 -1.086517263620365106e-09 3.196860803421674695e-10 7.003576291243519972e-12
-1.451253578237458978e-20 5.959164967402061792e-10 -9.863775576207359922e-11 1.688831311068864685e-09 3.595592679848943931e-09 8.134012966255637827e-09 1.019373527047339776e-08 2.027607167897752939e-09 -2.315008700141341903e-10 7.107429256243569087e-09 2.713618228485394411e-09 1.809421767522692674e-09 2.048074953957088552e-11
-3.132479822575548365e-18 6.191226680590507363e-11 4.592266162178811683e-10 3.399415479495471069e-09 4.336284105603576557e-09 5.886808026659815296e-09 6.741661754917691107e-09 2.117156528386598905e-09 4.378538076601188675e-09 1.534156832737343665e-09 2.646456547758760867e-09 8.703502868574732802e-10 2.284145761353568963e-12
1.455059464864150300e-18 1.500843671594385017e-09 -2.806020251287615368e-10 1.708727352897689513e-09 2.473674962757465683e-09 5.936967801117423550e-09 2.343665644986412701e-09 2.687886711255279187e-09 1.500937388220665634e-10 -1.274904881288959397e-09 4.253018847954133578e-10 -2.412468587670036393e-10 -1.723423942206554967e-11
1.158844818388198746e-17 -1.263871428199884392e-10 6.958623413223504646e-10 2.401942891858749625e-09 2.313474130184653046e-09 3.340044550489168744e-09 1.298500162868831836e-09 4.391244930180795281e-09 9.857811177375188603e-10 5.854666076716163815e-10 3.434052435578228961e-09 2.012791785523896108e-09 1.042252615329331037e-11
1.832534962020476781e-19 5.466708425513431161e-10 6.371801027013099195e-11 7.287994203545098690e-10 1.161894870236527321e-09 6.073996665717741150e-09 7.094283607119152214e-09 5.945273770199324603e-09 2.612464048389258430e-09 4.922454362536118469e-09 1.028297550535673170e-09 3.554184377526424319e-10 5.094046925609075068e-12
-8.741862738716801289e-18 6.708714853964908062e-10 4.479418393936404045e-10 2.874261797913999919e-09 5.295845091219685583e-09 4.817430323257953163e-09 1.917943590397813659e-09 5.140045213528198501e-09 7.194848040793705215e-09 5.230769961874748557e-09 2.611208761969265555e-09 -5.002272690371040470e-10 -2.625425280360017026e-13
3.601107827818635103e-18 -3.171815366705018302e-11 9.665464011152620053e-10 3.228998723729880633e-09 3.983170722585197815e-09 6.914116222777536239e-09 1.214167935001519530e-08 6.516503006675910968e-09 2.444379142346115502e-09 2.721723882611798695e-09 1.947839553784837300e-09 5.852988139087641349e-10 -1.995225398978967452e-12
4.771160857669189213e-19 1.515340573350490436e-09 2.985645707209610471e-09 1.524749676627588524e-09 3.360515904152747178e-09 5.917784217337217091e-09 1.961825375017883036e-09 5.721114459159682437e-09 2.357524960881878770e-10 4.145522645075801659e-09 2.273897050973068871e-09 6.430658766843107070e-10 1.853963975828910685e-12
6.068844691309730857e-20 3.412597582930884913e-10 5.614264008533974652e-10 5.479635458876625192e-10 2.723218188027972916e-09 3.272380037201471382e-09 6.246845792231394411e-09 3.640519295364510806e-09 -4.663532980562298523e-10 4.809426811476386971e-10 -2.308768661931312779e-09 1.113106927967128624e-10 6.831890056045520907e-12
8.620312380753778499e-19 -2.035174511117750751e-10 4.267091759198104312e-10 1.920283759469181771e-09 2.345919084808530497e-09 2.997421080415772024e-09 4.346577886500712101e-09 6.155624057852552875e-09 4.577139853307816821e-09 7.038008768860384045e-09 2.501137243937862808e-09 1.277906773226238139e-09 -8.480161190856801480e-12
2.438992207633730903e-19 8.408614264349663215e-10 1.240065971285227407e-09 1.583469501901075865e-09 3.089144197892606470e-09 6.076909247045986272e-09 8.196274799989815077e-09 3.083721020083365921e-09 2.660041558890197176e-09 -4.501414727825410668e-10 -1.396107204931559033e-10 1.574469623077758119e-09 4.258407449741535916e-12
-5.049077336645136679e-20 9.459114132049544710e-10 1.110638369117705150e-09 1.799208921487686794e-09 3.184830796492426948e-09 3.878295616592840231e-09 3.371004770718443577e-09 2.878219829808257757e-09 -6.678648201543908558e-10 4.887325819762346158e-10 2.310139267425970996e-09 3.994035894009538384e-13 2.436637000873717005e-11
-6.341269788817569320e-19 1.763997863186414996e-10 2.696936513698156559e-09 3.947262093398349826e-09 2.554674826041000304e-09 5.068788727986367514e-09 7.044217817343553001e-09 5.534515048474841601e-09 1.116101992037178423e-09 1.631457923745136849e-09 -7.063924926767768372e-10 1.444886830698461904e-09 6.503803270092182417e-12
6.550160702729562248e-19 1.504556298133545615e-09 2.619378524985720537e-10 2.294877560395497258e-10 1.282876381789093048e-09 5.766153043275574309e-09 1.760291055210478147e-09 7.934341140642470184e-09 7.439745346559854106e-09 3.360188565972817208e-09 2.975506776845648811e-09 4.888449290851503186e-10 2.821183922493489409e-12
1.199807933097589192e-18 1.071988493259608634e-09 2.205683041940780861e-09 3.549226699267538948e-09 2.367138208270196020e-09 3.198801179407142740e-09 7.091620448910322409e-09 9.550740475360581462e-09 4.908091683368625002e-09 5.799060163059300529e-10 -7.622158054425215759e-10 3.081124263350591499e-10 -3.971391507314564046e-12
2.666594894825275681e-18 4.167952751197164452e-10 2.608511572396761910e-09 4.240813860037867284e-09 2.947418246259249391e-09 9.091431082017453560e-10 9.480810597360858588e-09 3.923570517379142922e-09 3.011578078735911464e-09 4.599025379870874299e-09 1.716253719870045759e-09 -5.068482450177701155e-10 -2.040954102553064250e-11
-3.018594836338755052e-18 -5.058028578838557603e-10 3.053257370880668934e-09 2.513978167035178669e-09 4.586035475544948884e-09 3.741684850253501227e-09 5.849079042491273301e-09 1.161173961590346848e-08 7.584335476433733231e-09 2.953072493036746029e-09 3.062530778634218859e-09 8.902762262373518576e-10 -2.330224800276847178e-11
-1.042110452270506437e-18 6.754701088208563312e-10 4.568088581914001301e-10 1.127115445743274314e-09 2.356571293501967163e-09 5.895358667861043976e-09 3.871040028630517537e-09 9.749798939933384882e-10 1.475521133900732468e-09 2.973702063008364436e-10 -1.093314902460232354e-09 1.047002789718685204e-09 2.300188490667997189e-11
1.101844027580092643e-18 -5.135556159166673283e-10 1.922525229254292157e-09 3.421526047343845147e-09 2.985903440461866033e-09 4.152153726205310850e-09 5.643759842831734199e-09 8.020973776255912281e-09 8.984613369283188624e-10 6.775890997503274813e-10 3.570210303416856785e-09 8.092871926422414184e-10 -8.146471613776207857e-12
-2.440175626741348512e-18 -3.433140080279991477e-10 4.341830679930944706e-10 2.126613999514572360e-09 3.204043849513705913e-09 1.125438428071359983e-09 2.419345111605887053e-09 3.969528098605578893e-09 3.617549721088999486e-10 3.518671114091123632e-09 4.087890704200336142e-09 4.407150783012670049e-10 9.579232116596844401e-12
1.028926026976726464e-19 1.287600430841857518e-09 1.904340920294579360e-10 2.899219006282855652e-09 1.279897247831109942e-09 6.751118660586069019e-09 8.140830197780428291e-09 3.792722432951225720e-09 2.701633204223005277e-09 -1.572406120058499283e-09 -1.005462638262594814e-10 6.158740429901186065e-10 -3.128972359225844143e-12
-2.874738607279425195e-19 1.178462645057156089e-09 1.196671504106051383e-09 2.181982092641807617e-09 5.610930380508793436e-10 3.653896719320735241e-09 5.183405198386949945e-09 7.770529448943718769e-09 2.105500534643341044e-09 6.382583817787154710e-09 -5.721714577206240924e-10 2.437573305001919192e-10 8.981821695677959452e-12
-2.809324645150509143e-18 1.383187002702045785e-09 -4.653518324498252359e-10 2.006605056766213784e-09 4.376470813274092507e-09 4.447521608174394913e-09 3.587196247132657633e-09 8.913492196528592502e-09 9.232635447772954624e-09 3.761795931536673940e-09 -5.602282435117077830e-11 2.635144904999605221e-10 -3.311168620557346549e-12
-8.727036591572301761e-18 -1.877310193377165516e-10 -1.235989867069546033e-10 -1.539542225014432985e-09 2.007349528030158850e-11 5.433978387102404460e-09 6.874074867844234566e-09 5.617291041304741166e-09 1.319310043693169363e-09 1.803231603559496191e-09 1.993780730226697801e-09 1.423684515234891471e-10 -3.762286293216320878e-11
3.473051744843880028e-18 6.762474000914642709e-10 -4.868537348588628462e-10 3.307298329205184638e-09 3.559722136356760961e-09 2.403876949756655081e-09 8.045139004939791805e-09 5.249551048203606752e-09 4.164533035739442254e-09 4.987041722384246359e-09 3.555508201994025266e-09 1.019771306249139720e-09 6.305179070715904249e-12
-1.376495199349287347e-18 1.304848078020705299e-09 8.633212254952805443e-10 2.787249962810496672e-10 1.674623248337232712e-09 1.345513938076757941e-09 4.624092711831100956e-09 6.359676201708205443e-09 4.190558263802120544e-09 -4.558299745499519346e-09 9.722280406952765492e-10 2.178094760848049894e-10 1.430511393886305397e-11
1.948037220048989709e-18 8.806716791302745497e-10 2.732176531666073295e-10 1.195764567880706509e-09 3.988994565899829262e-09 6.372874816019021769e-09 8.111266772326326499e-09 5.251034518469383428e-09 8.403175477267983795e-09 3.872311459222800670e-09 -7.772456653348968951e-10 1.164058962621406426e-09 -2.156814800023479004e-11
8.479009180119865101e-19 -4.711459904442435339e-11 5.700846859771901728e-10 2.816935048255853353e-09 6.173665961374179060e-09 3.089107692916077747e-09 6.456911685289463323e-09 5.323057511596685946e-09 5.112138553311577921e-09 4.615528961021038665e-09 2.407094081559743536e-09 -2.899036287137951427e-10 1.796691454693439234e-11
-1.151767587258652820e-18 7.593529837765300980e-12 2.951374183022623344e-09 1.935232359874813569e-09 2.340709960061689169e-09 8.235246345907954618e-09 6.663364926109393082e-09 5.654700235366773370e-09 9.683651144956234481e-09 2.071611853494336211e-09 -4.697267665216499733e-10 -8.052097374834531544e-10 1.562827040875623583e-13
5.427309178007030102e-19 -1.397355635006874662e-10 2.477550514114561790e-10 2.635427958402209531e-09 3.769909508223672598e-09 5.016004798336729138e-09 5.146448116682143457e-09 7.592432576560998596e-09 1.689069603387414537e-09 3.462910525200996358e-09 3.033849958482750631e-09 -5.318704461743377297e-10 7.756174317724702691e-12
9.805888260526247445e-19 1.017434745314315205e-09 2.190145354991290221e-09 3.483148742253929117e-09 4.340893867222123564e-09 6.992380533857833773e-09 5.934551002949476104e-09 1.028000272865392943e-08 -6.760114318114924399e-11 3.134897222800124684e-09 8.271733975611055233e-10 -6.243083783285810787e-10 -4.097832389401286233e-12
-1.390074309898543334e-18 8.298900040231234128e-10 7.253676081946544816e-10 1.996227097844060593e-09 4.106818220694392917e-09 3.443950649011000198e-09 3.227874992017263185e-09 8.521960338440507986e-10 1.701600500935627663e-09 4.417221974190467268e-09 5.938481973761465943e-09 9.020392532239874002e-10 -1.425994744978994478e-12
-1.452701048618933585e-19 -8.406446857891561422e-10 4.644863008704185484e-12 2.879070289198384144e-09 4.525289660579437050e-09 5.369160255052179065e-09 4.146151668702416241e-09 2.918060994893568469e-09 3.941678327694321915e-09 3.581871916438844392e-09 1.797048833554488018e-09 -1.060799709098063609e-09 -2.035369646588640672e-11
1.278442984874259162e-18 6.265252005353359138e-10 1.454123183763337441e-09 4.714977296081560605e-10 2.559317392846560475e-09 5.914481101407080100e-09 4.871096593568395714e-09 2.466947797356473211e-09 -9.998588861491054465e-10 3.689522256458740154e-09 3.469862968102341015e-09 9.850679373414596224e-11 1.019268927596659432e-11
7.327218974612630065e-19 6.645647376842083807e-11 -2.777242482304511953e-10 1.335636614558926895e-09 3.661903336580797580e-09 3.132853557775639916e-09 5.722635726780818407e-09 8.718169784138727622e-09 4.597174785335426156e-09 -1.977430687253634881e-09 -3.929674231557073474e-10 3.190552209262828354e-10 4.412250080149169878e-13
8.374033110444987529e-19 1.558092886366721236e-09 1.260703557677910602e-09 6.984227964584173324e-10 4.551226394911555344e-09 7.402903262776839310e-09 4.718561429989591845e-09 4.210557344571183829e-09 -5.927752969461794648e-09 -2.568867315936546477e-09 6.427073785622444543e-10 1.507594485788014008e-09 8.445282373562227915e-12
-2.336262690075776031e-19 1.366157138952063952e-09 1.889744498698268680e-09 1.211421223200981551e-09 3.538897717184295422e-09 4.313413724070427089e-09 3.542225262091057640e-09 6.118148880527436401e-09 9.943304212442752981e-09 2.302167146793165153e-09 2.553309525551522672e-09 -2.654312071623550429e-10 9.579962045835079253e-12
3.664517983753324633e-18 8.303183308045311543e-10 1.520278754996066066e-10 1.348684939633978186e-09 3.140395283847333348e-09 5.536805682105353971e-09 9.603124686669435256e-09 3.566505320102726897e-09 2.381455315351797102e-09 2.609258836459941546e-09 7.693559693524526756e-10 1.853091673789462907e-11 -4.587895761036989164e-12
1.958112792320899534e-18 3.070470592981951251e-10 1.531352270668138669e-09 2.598374979636378691e-09 6.880621529838156486e-09 7.362182884028500189e-09 8.044480937333781371e-09 7.196622611967225909e-09 4.084658721481936173e-09 7.544700327062243895e-09 -1.572662642038464662e-10 -1.961464149562115861e-10 4.601780720981551153e-12
2.627808436626716583e-20 -3.897754074035256009e-10 3.869283824882085487e-10 3.476937686541484279e-09 4.824268668877764889e-09 2.796323571344054445e-09 4.402438113543064379e-09 1.901565682412825327e-09 6.014244619898672867e-09 5.142846862377357768e-10 3.912746233624613333e-09 -2.758863616610138597e-10 1.829018005037077841e-12
5.852210170719777645e-20 -1.152240800215309106e-10 9.692067158107283555e-10 1.683053196628182157e-09 5.473745627590481830e-09 5.941997716328161114e-09 6.901083985569358946e-09 4.030150149179936689e-09 -4.740192155879821074e-10 3.612914291393220274e-09 1.148859294070072144e-09 1.064141957698646898e-09 -1.028177752436458960e-11
-2.751910702423354032e-18 2.169276337793589612e-09 1.318418181174252406e-09 3.080052204637946901e-09 4.294548028263525315e-09 5.478447794676988492e-09 5.370856304836237451e-09 6.735739836683149525e-09 6.799440106512925537e-09 -3.950915607260942287e-09 -2.999100465682733389e-09 -3.326587880285499996e-10 -1.352385730463734996e-11
3.809376073914593661e-18 3.508390892638041157e-10 -2.070475078037829434e-10 6.220503131215260731e-10 4.218985697604746336e-09 2.235540534301770146e-09 5.138829924737273069e-09 4.628438055255468026e-09 4.031190894253020720e-09 -9.443352115199820447e-10 -9.178709670267484378e-10 8.844366407607488300e-10 -1.277208397061991883e-11
3.639490407944641438e-18 1.026456929640794713e-09 7.515127986087013241e-10 7.417716343150038328e-10 1.554198342239962827e-09 5.558308545559076529e-09 5.585327243662026483e-09 1.975707115685121354e-10 2.104661315378145011e-09 -1.203946699224336761e-10 -2.791593963962117105e-09 5.106196668438680939e-10 1.641918357367241183e-11
3.504292210537016970e-19 7.526657876618008173e-10 5.877309016957234337e-10 2.280430565479317754e-09 3.612965247655842853e-09 4.216199201392105403e-09 4.231279376210186019e-09 1.805447265586822732e-09 2.817413259294741817e-09 1.003309187557413150e-08 4.762008711144012316e-09 1.220255087815280478e-09 -5.655099060433720470e-12
-9.207832198355182515e-19 4.191948736320864501e-11 2.328306084297852111e-10 4.119952176290408265e-09 2.717497332321009315e-09 6.193259143494178483e-09 6.361212487241862951e-09 4.270639063046385013e-09 3.468432836802517234e-09 1.482098886835284419e-09 -3.153780430204276278e-10 5.979991791943391839e-10 8.387837005992535612e-12
-1.174004104279283663e-19 5.063736980966913462e-10 2.411732629521654103e-09 3.262950129230457072e-09 2.859334581541628938e-09 9.621445733453199372e-09 4.615119610064292822e-09 2.528150117943627672e-09 -1.880625766943040644e-09 2.138309879174061104e-09 4.410317268810336606e-09 -2.580126941366400400e-10 -9.070234897405168968e-12
-4.609561488442511189e-19 1.771155012643720279e-10 2.051000047864371100e-09 4.487179643299855340e-09 2.699644822518692547e-09 6.258232423751162163e-09 5.451975140501742414e-09 6.628559965482223404e-09 6.264543880646825332e-09 -5.737813809286830182e-10 1.649719432019798774e-09 1.265221119731533286e-09 9.483350723316577988e-12
4.065355379967350015e-18 -5.527703774268622632e-10 3.272093784723966754e-09 1.533355801903468809e-09 6.233330356584195268e-09 5.693857271697306850e-09 7.218744586893850575e-09 6.080974758744543368e-09 3.316108400072290152e-09 4.415635556428170356e-09 5.180347147346995745e-09 -7.023244579752329063e-10 5.223709517520174773e-12
9.847304437933744874e-19 1.627339911426568608e-10 1.582557025983568874e-09 3.640331783952926213e-09 3.155760670156544918e-09 5.209395271371583374e-09 3.924065636662796575e-09 8.008790070140111689e-09 2.935614145333873790e-09 4.930213270085677678e-09 1.085565529530161771e-09 -1.578818368288464075e-11 -7.411289303964472726e-12
-3.723372579775959234e-19 7.743489032182483090e-10 8.651857472950179404e-10 2.399553609250197382e-09 4.418321729103436050e-09 7.796190374443065761e-09 6.062544910687898895e-09 7.105421828715701741e-09 7.719089129036505936e-09 9.704020921265028942e-09 -1.048679348294169468e-09 4.739555804501725161e-10 1.313120570446147506e-11
8.711522409229689527e-19 9.808423458072351158e-10 4.252443646150692040e-10 6.357953896894233089e-10 5.598127845614749256e-09 6.001610219555930639e-09 7.022605425139084422e-09 9.881046816642701176e-09 2.383010225297038173e-09 4.660801693165092623e-09 -2.308049370525936315e-09 -1.719717009276323671e-10 4.369209527494024922e-12
1.390659416572981491e-18 1.417191878266462746e-09 2.559552109673967183e-09 5.152668766444697546e-10 3.442653273112105533e-09 4.133744309350413623e-09 7.210581436645556730e-09 3.387006630567479352e-09 7.658236269358504421e-09 3.664604838947290654e-09 2.554717377769228259e-09 2.208337781177092210e-10 -1.694970684571884665e-11
-2.957694401443848132e-19 2.749966886914241362e-09 3.908696494658966415e-09 2.225050121316589881e-09 3.249740271005192519e-09 4.157218810458552241e-09 6.812701207398919056e-09 4.173533199560973008e-09 1.299672675695137508e-09 2.970978853335782482e-09 4.156206332761195939e-09 2.128120095344986012e-10 2.328871084667096489e-11
3.159777847751743908e-20 6.163028246785021956e-10 2.217075429318040530e-09 3.654146515722429486e-09 4.005831219831758977e-09 2.270461897896067995e-09 9.026670695896722212e-09 2.945680089160763120e-09 1.538600722039844496e-09 5.828570382375715971e-09 5.364406184376064024e-10 4.177610644421909102e-10 -1.155408985428498016e-11
-2.213722623950514595e-19 4.227653413630056235e-10 3.386666343191873244e-10 1.845395597025952655e-09 4.646402267541048033e-09 4.703653871989341724e-09 7.386850691896779694e-09 4.360026532887294957e-09 -2.504557369759326065e-10 -2.782952229691230019e-10 -4.243665038077022230e-10 7.474513141866953465e-10 5.320090369150091080e-12
2.038694044119820258e-18 -9.925443752177962582e-11 -6.204624773630749006e-10 9.267139940454588121e-10 8.256686645238176108e-10 2.733505863729226092e-09 5.789203201978956009e-09 8.704232658170751389e-09 6.021449708728720877e-09 1.015990666256048209e-09 -1.669894797579229043e-09 -6.131028433088400318e-10 1.996411370213790358e-12
9.961680934637419725e-19 2.193514604488534734e-09 -1.280239456615663686e-11 2.716526601602722385e-10 1.342578533910391497e-09 5.751603242733576563e-09 6.383158510468233744e-09 3.581774410314598840e-09 4.887738663162799255e-09 2.791970227675822468e-09 2.157926489436528382e-09 5.746019127104685078e-10 -6.652150639663393601e-12
3.534851248254571366e-20 6.288549798061557915e-11 3.837670635115392192e-09 1.855350594351642055e-09 9.706994662612204398e-10 6.706790039774960066e-09 2.596518205136891578e-09 5.822409869065110129e-09 1.746323198163728327e-09 6.882400468171051511e-09 1.453809689770583351e-09 -2.939239463787972750e-10 9.509723131395405653e-12
-2.762712751198809229e-18 2.698784653084015626e-10 2.555036265129875429e-10 3.361752586397123083e-09 5.317733062273334669e-09 4.727836291354559020e-09 6.917096340203043331e-09 5.464078713190818874e-09 4.273061000129172561e-09 4.243763778281741678e-09 5.242588184451250727e-09 -1.550567020514067226e-09 -1.970580827944683758e-12
6.539686147312757357e-19 7.216665260955973397e-11 -9.436324813617879202e-10 3.395962621509086817e-09 5.567090579571770823e-09 4.840942330769967293e-09 6.603406601453121625e-09 -7.817772006492877702e-10 1.933796833646908858e-09 1.660890176961792716e-09 5.559302445950634896e-09 4.144750640764691708e-10 -1.550931449447471306e-11
-1.478785877345741016e-19 2.876597500317335850e-10 1.443689821402170017e-09 4.654978210605920113e-10 9.091481063047132669e-10 5.092682915612799484e-09 8.596888147130506221e-09 6.786110371787894277e-09 2.394835097429679414e-09 4.643773989070998698e-10 1.154017914568189830e-09 1.222800924883552244e-12 -1.734304334617750700e-11
-1.426317434069251127e-19 -2.171113621642825528e-10 2.304791932336357965e-09 1.283363407559658264e-09 5.078152397839278328e-09 6.424614885445545485e-09 8.544570081820899503e-09 3.054600557106838811e-09 9.078856784523305600e-09 6.013179525512988015e-09 5.190483525377901119e-09 -2.254130653861772617e-10 -1.133791647854253487e-11
7.325995364795406941e-20 3.801810360092943851e-10 1.911187386840962964e-09 3.749541140466342893e-09 3.915023250340435893e-09 7.250797202543145866e-09 7.986863520802002712e-09 4.364560188472080249e-09 1.547037555948257346e-09 -1.355277452047612103e-09 4.545882469849242263e-09 7.642761386698739723e-10 7.709127377575379570e-12
4.027151058196938005e-18 1.576733044685944608e-10 1.256282019547099415e-10 3.297462137885691432e-10 3.324970312317844740e-09 4.315618199572334676e-09 4.390570884355738159e-09 3.968340529526789878e-09 2.413790853772645516e-09 -8.200185431570262497e-10 5.240334050509163464e-10 5.596083598335153521e-10 -6.903554670704269401e-13
5.404135981717369629e-20 6.375415351883652237e-10 6.296690252243426085e-10 2.992934338494446314e-09 3.728095174663720984e-09 3.405765566018995431e-09 4.413656882078105996e-09 7.198151306941140119e-09 7.957903172569334083e-09 4.160932036211387075e-09 5.206800228934003495e-09 2.179032096916964184e-09 2.292261809001696967e-11
-3.665328870032380736e-19 1.937456223133936821e-10 1.338505581606828947e-11 1.091442955814018657e-09 1.329014392397662061e-09 7.421443334471968464e-09 9.867693166805039419e-09 8.467786320229924283e-09 4.631068918707258524e-09 5.550927286589415742e-09 2.220351343908647869e-09 6.645545729077825629e-10 8.228764888566998530e-12
-2.523594625004942248e-18 -5.094731626242557365e-10 8.920927948201478868e-10 3.318093191587405927e-09 2.400233310835894292e-09 2.451958171296228617e-09 7.260276274041753579e-09 8.700512227481735461e-09 4.468575863251167692e-09 3.767138310698123893e-09 5.814926984038170316e-10 -5.130832082789038904e-10 -1.371572839228944243e-11
-1.228785271624020449e-19 1.462453964741807342e-10 1.680983785497918606e-09 1.602893473505054372e-09 9.448211415427263379e-10 3.907388314858897182e-09 8.607557254807120790e-09 9.449101715403774010e-09 2.340241669973572377e-09 -9.893061506128161178e-10 -6.139745351725973752e-10 5.250039422320066591e-11 -1.065562786165882788e-11
2.262734985550064490e-20 -2.113193888159583913e-11 8.518403084567007616e-10 1.698093404899879553e-09 2.730236787397901803e-09 2.893150385534685041e-09 9.331400974951206845e-11 2.584487749432536462e-09 2.560082066207121326e-09 -2.842851017144280794e-10 6.409071363115832136e-09 2.221087963879192357e-09 2.679687734180476311e-12
-8.040103065499767693e-20 -1.580716959705647003e-10 -2.751601550531756436e-10 1.557833628259826257e-09 6.966683281095319385e-09 3.456382124636638443e-09 5.576255810693289936e-09 1.263402147520420714e-09 2.922609147131469406e-09 5.881927628596837360e-10 -1.523967010060398639e-09 -4.329877078627786631e-10 7.256344742847099513e-12
-6.500769908636782896e-20 1.508377616421515405e-09 -1.141957941463399114e-09 8.278306314308236660e-10 3.280261691066203843e-09 6.726202248074279786e-09 5.188023510514771619e-09 5.650235798184274890e-09 1.565255047059530401e-09 3.620566828521962437e-09 2.857538886991491851e-09 1.912832626650480414e-09 2.617081253748880670e-11
-1.136423656891634330e-19 1.273491053563503372e-10 8.505713573662695954e-10 1.663746112622447722e-09 3.390353655201801287e-09 4.659889426184721106e-09 7.483108307561485968e-09 1.126421527882883826e-08 9.024332124069576344e-09 6.020276652072891438e-09 2.658289826356528823e-10 -1.106967591242790011e-10 4.506585782314536084e-12
-5.537314215844765577e-20 -7.478887370861405498e-10 6.563457851338487351e-10 3.915307988039858782e-09 3.527158214585193798e-09 5.016011420385203999e-09 5.270772502278081007e-09 5.371572776174589797e-09 2.724461700828522758e-09 4.287274773834933576e-09 1.153629960411817559e-09 1.752471724369216860e-09 9.349331400838349679e-12
4.780330626998197862e-20 1.898988491674326438e-09 1.314963328045310301e-09 5.371943824932486697e-10 3.036935380509241083e-09 4.565355126716378407e-09 4.941764745317762308e-09 2.311719251695021830e-09 3.610256341690287470e-09 2.615770302928173923e-09 1.019994149988843184e-09 -3.736872158054554172e-10 -2.145947189486144410e-12
-2.055190659569778638e-18 -3.876734674038657985e-10 3.163971749893794066e-09 2.554713439280763750e-09 3.313394760970508657e-09 1.500978199425063117e-09 7.851186648307923706e-09 5.861257643036199438e-09 3.012503002118260050e-09 3.187937060814303673e-09 -7.427304551131323951e-10 -2.037428924565339060e-10 6.709759062573102633e-12
-6.263298127663724406e-18 3.571793250837954568e-10 1.381468141755094426e-09 9.336099957015109120e-10 2.225289681757009889e-09 5.532404878575216827e-09 5.411556387969524839e-09 3.536117337855717199e-09 3.853077219398964899e-09 1.240695992255537214e-10 -4.886938830887469093e-10 3.934484696246417534e-10 1.092118697044852482e-11
-6.397066217167119164e-20 3.330190251334215478e-10 1.105402024751209872e-09 1.340991907717808294e-10 6.919367736472719604e-09 3.512832638802435962e-09 7.768935012176710435e-10 3.364684894093377784e-09 -3.260612070670394619e-10 8.287911876699956197e-09 4.711462472717323699e-09 -1.194586238837316781e-11 1.378610778199075341e-11
-3.488657912373664858e-19 3.723734839813175546e-10 1.541799545515780541e-09 1.456933349791862008e-09 3.955605547427191996e-09 2.031397763224065255e-09 -3.575560845280803672e-10 1.957806041197612795e-09 3.411443968817303842e-09 -1.920845122861979433e-10 9.782750177510816180e-10 2.421972668541699259e-10 -8.545283635351927257e-12
-2.965254200263037836e-18 5.421421917657749434e-11 7.356326538701365374e-13 1.729641503308615845e-09 3.685933343388578362e-09 4.451490448397926142e-09 4.465805742385053241e-09 5.899012700927357473e-09 2.673420666940223287e-09 2.011976282627755821e-09 -1.838612111672785859e-09 4.064936601623494363e-11 3.343950456271758086e-12
-3.643026283534083500e-19 1.318924746011400326e-09 1.286715328617129956e-09 -1.227982381542621311e-09 5.351524685631924451e-09 8.737226880603779588e-09 7.477221768342284950e-10 7.704691737043850559e-09 2.958469665195112134e-09 1.537759158531165102e-09 -2.064420659048183778e-09 -7.734802070842158179e-12 7.829978699791019948e-12
-2.685905006120366798e-19 -4.566038356971181735e-10 1.148761754474359945e-09 2.206953748385844375e-09 2.740406204218234913e-09 9.211596047921569225e-09 5.731496356550995396e-09 1.377047182208855304e-09 6.405195651339702989e-09 7.361058912620383398e-09 -6.003212168932811633e-10 2.095321430285359495e-10 -7.168461704909879264e-12
2.345452908472498393e-18 -4.240867776288943303e-10 1.108419724080153548e-09 3.609965529885692569e-09 4.175298092011148436e-09 5.919140026034767689e-09 6.350755710918133066e-09 4.328511851815634300e-09 -2.384520054275285858e-09 -4.130478508601942931e-09 -9.112728599549388391e-10 -3.119265367571421375e-10 1.400115898411167799e-13
1.392605436284211610e-18 2.223327298902708916e-09 1.459423168012507054e-09 1.077145993748100599e-09 1.512464468555950712e-09 8.035674710875339394e-09 6.488092076213498689e-09 6.768450059997092448e-09 8.691127758431561233e-09 5.964591917451140807e-09 2.895522124932725195e-09 -1.195639902801133033e-10 2.922384489072526566e-12
-4.149455063268856110e-18 9.910979681288466003e-10 3.452906322869441120e-09 1.018467258652428995e-09 2.518044538008484592e-09 8.144242037998671644e-09 8.706106611643547732e-09 5.945821641002022103e-09 5.760680648620863483e-09 1.021418704317908620e-09 -6.186269474944743941e-10 4.734739463268788861e-10 -1.916950430342270365e-11
2.346826488981903092e-20 2.848545335427399832e-10 9.338714556788067142e-10 3.112926484062033308e-09 4.351707005785522821e-09 1.852073187542263737e-09 6.836207486965877626e-09 2.638516297495595886e-09 2.714747968486409418e-09 5.604026220686291744e-09 4.298044852346153126e-09 1.268950029662011289e-10 -1.414516326523952379e-11
-1.685750250708476189e-18 -3.396478767889150821e-10 1.361715549984558354e-09 8.315793698947010687e-10 1.843517118208714794e-09 5.711357695915702776e-09 3.650483522085865738e-09 4.547580038466426065e-09 5.077839010053485341e-09 -1.806349236108337107e-09 -1.023092294289294501e-09 6.759941302790172774e-10 7.907082114963589713e-12
3.095849801197696850e-18 3.556829460307983520e-10 9.751881822900373032e-10 2.177456818079358112e-09 3.651760231210210941e-09 2.004071705366197131e-09 7.890798786297893481e-09 1.458972634530283660e-09 7.465823018903714356e-09 5.601999410765863315e-09 5.814846106076006419e-09 1.704572774743829499e-09 1.055938814952189531e-11
-1.182145735565795495e-18 4.247033023986957795e-10 7.779461125340900655e-10 1.362575467203623654e-09 4.047291413795335294e-09 3.544586371657247072e-09 4.208702212062588791e-09 6.192824200299544246e-09 4.191950760996834797e-09 4.521386686301360921e-09 1.015055395656152613e-09 -3.018112208665024226e-10 -4.858961813439440860e-12
-7.308731090894815946e-21 1.056704873366161730e-09 1.372000486235286719e-09 2.310425630029444761e-09 2.911940395909037970e-09 5.343430858556742845e-09 2.672309140807117495e-09 5.655150810793587927e-09 4.350633661418458483e-09 4.425372862390851320e-10 4.022885716545179914e-11 2.599499431490320259e-09 3.023538813941939608e-11
4.925684511091547423e-19 2.694386709895719578e-10 3.643004904192602824e-09 2.401645693712033699e-10 3.340639486205659000e-09 5.636119312636920064e-09 2.223856925436064041e-09 -1.037676326830821954e-09 5.599280851525452970e-09 6.333528268569537224e-09 1.586273099612150209e-09 9.593703231947939810e-10 -8.341168972972938074e-12
-7.992927099305358468e-19 7.524988117417668258e-11 6.991623324446547846e-10 1.944880336469144683e-09 4.430235807991231116e-09 5.483228559597411291e-09 6.749878255689550211e-09 4.479537506250433187e-09 6.036696991744863140e-09 4.365830357998684029e-09 -2.147185162079318858e-10 -6.513658386709206987e-10 -3.062442403612526943e-12
7.363441032569645702e-20 3.950554347161754217e-10 1.099239028555882280e-09 3.098756785365272523e-10 3.864828135993253919e-09 7.325252143206237802e-09 8.710919820595902535e-09 5.101552690360890440e-09 4.201418699742810681e-09 4.082049639340812357e-09 1.660460206779704013e-10 1.149821814569990764e-09 2.033553662228126298e-11
8.993244744230453145e-20 1.651764321259594348e-09 9.051077744023181712e-10 2.812730156571777201e-09 2.580315034366018119e-09 3.705650752975067725e-09 9.868657091298794932e-09 8.607286138840666802e-09 4.509948085412553614e-09 -8.152175978980327995e-10 1.942942970918353813e-09 -1.567706164796106529e-10 -1.140754384988662444e-11
-1.931647585444996191e-19 -1.150785123493703676e-10 5.520044255481808851e-10 3.096757228248227744e-09 4.937107927107981163e-09 5.615916696465546126e-09 6.194341852027403660e-09 2.260813700499196586e-09 5.098586864989998003e-09 3.335370962255894378e-09 3.853379717424406670e-09 8.254766303844800712e-10 -1.267500415198082129e-11
3.595103719529882704e-18 1.081619901700605794e-09 7.107367887368574011e-10 1.450578952774849790e-09 2.493430594434051302e-09 -8.396546343767750981e-10 5.746120890132183089e-09 3.153506187467277175e-09 2.466165138059145428e-09 1.749592414502712931e-09 -8.785342845062672930e-10 1.442624006869577990e-09 2.209804663782816817e-11
-2.329115342099382863e-18 1.394114464779983961e-10 1.088252551958388178e-09 2.005963542086334400e-09 5.784055419389488439e-09 2.513497251168123789e-09 7.746449354626692960e-09 9.357943964176538630e-09 2.634064445290010920e-09 9.075134974609720888e-10 -4.126501174265168138e-10 -1.231457229578339587e-09 -3.219784289386384064e-12
1.325150306634255089e-19 8.635758245278477287e-11 3.226346573748731305e-10 1.047158631315979450e-09 2.445358729787103407e-09 3.734812820238045622e-09 8.952288953070011345e-09 5.971405466853197372e-09 3.402790437935146972e-09 -9.247145248836918915e-10 -3.007700255778105707e-10 8.886849344746952684e-10 5.678529914278732342e-12
2.130779601313636640e-18 3.578434106284982589e-10 1.222993960478023740e-09 1.834053797159448398e-09 2.119284909507714108e-09 2.203806855538463780e-09 8.388914327924519668e-09 2.398157676021912993e-09 4.336629908725980099e-09 2.939009090104199990e-09 1.308842530131045417e-10 4.765767360478885876e-10 -1.021740402940055034e-11
1.422453287301697202e-18 -1.695712088557759249e-10 -8.341607175084536652e-10 3.917554636673179222e-09 5.791840949725694110e-09 4.666569307823489671e-09 5.829384651667239413e-09 6.447358382365623410e-09 4.309114486109060030e-09 3.243815553065472931e-09 -1.789056552822724227e-09 1.370346640020647723e-09 2.264054492801854926e-13
8.265566500504337433e-19 7.397044536502818806e-10 -3.372606365179038424e-10 4.053251511680776042e-10 1.153860478647983889e-09 4.367500739710658479e-09 6.278598642202553619e-09 6.045253839390477624e-09 6.630667479445154707e-09 4.310161929982064293e-09 1.335973862139340030e-09 1.372458165825569501e-09 1.267752473874464650e-11
-3.196043507340959006e-20 2.930922538143014567e-10 1.246573018108461463e-09 2.157423447668473616e-09 1.666688862243785365e-09 3.387307932757416128e-09 6.403554875560036618e-09 5.834049895129058971e-09 3.151247266399293846e-09 1.140379407009148174e-09 5.334952679337220308e-09 2.481978073458702837e-10 -1.388329995705558889e-11
2.591713837910048061e-18 1.462601099060590039e-09 2.618011634008464890e-09 1.524332606280684835e-09 4.237739291799965103e-09 6.430950030736374313e-09 9.239968842579195156e-09 4.935329810604832745e-09 1.412887529925633389e-09 8.907288630554114909e-10 -8.313566339806004120e-10 1.855650782256688565e-10 -8.753313664392101418e-12
3.202468055997505522e-20 4.213100105172564157e-10 9.122120957880168389e-10 3.093223790676067044e-09 2.926032114951376347e-09 1.318306991165663128e-09 7.630731237335201588e-09 2.620038818491838500e-09 5.942572202535802365e-09 1.444672858258556775e-09 2.135451569635998207e-09 1.001221235987667923e-09 1.471319372050064917e-11
-4.939475126973278929e-19 2.927930878833588467e-12 2.002853280165016015e-09 6.261553421820067719e-10 2.717503690654337369e-09 4.829449312279249580e-09 3.783897716208901706e-09 2.211265149448634140e-09 -2.891431313433439838e-11 1.611015185400896642e-09 -5.896447751489880650e-10 -7.768968609506758318e-10 -1.247209663605094013e-11
2.382404878269388050e-18 3.481264162662854817e-10 2.178286492248660107e-09 2.863643670812016179e-09 2.769152193566935700e-09 3.858907167326326308e-09 5.351925940480373822e-09 4.273159125896304257e-09 1.414524906891653518e-09 3.136143236814558322e-09 5.249234109995752619e-10 4.570847092815968222e-10 1.030226804651941136e-11
-5.280414068930061484e-19 -1.584758118663258724e-10 1.068894145214930035e-09 -2.828269182359883073e-12 3.983407679102499527e-09 7.568682188278777354e-09 9.456705304258390583e-09 6.288016523381910329e-09 4.851221266525998794e-10 3.681662686553498285e-09 -7.035359167288221968e-10 1.815874876666725465e-09 2.208791301546195915e-11
-2.873874491823152713e-19 1.171329458688201564e-09 1.862531064899728201e-09 1.871430434640683074e-09 7.094318193944907436e-09 4.569878968264771638e-09 2.979459178955332547e-09 4.660698254766469570e-09 5.030898452840658568e-09 2.265447961496032114e-09 2.326656094411110253e-09 -3.017290480952740113e-10 -8.982749042243026287e-12
4.364751019847645537e-19 3.521212224205499607e-10 -3.965954251620247728e-11 3.145788553986772018e-09 4.306549517513013778e-09 2.534054281444615096e-09 6.496752192947211397e-09 4.502485161801946974e-09 2.982676515306769617e-09 1.432451759868833695e-09 -1.327191878496041866e-09 5.996477251145461007e-10 1.954448727136704547e-12
-9.809910415611066334e-20 -4.947314076077430879e-10 8.603378068391160391e-10 3.322860625848804389e-09 3.198821998953547186e-09 3.913256126175008606e-09 8.006852258294318888e-09 8.155253693885218571e-09 8.105155498242933105e-09 7.081672756879330342e-09 2.258772207893948290e-09 9.627229896219774701e-10 3.715475043902693990e-12
-1.909616594626952719e-18 5.816722273276299999e-10 1.901220860297525990e-09 2.905237216264484419e-09 4.694731110608615674e-09 7.377871428086752586e-09 5.409337572522301562e-09 5.007108688050428609e-09 1.531718322993819881e-09 -2.236313245965150601e-09 -2.013473034886445475e-10 3.673392095484136089e-10 7.593250922931649329e-12
-1.702059878604553002e-20 9.433134998002408468e-10 1.378736048226782764e-09 -1.827293822847861524e-10 4.588633669397620728e-09 6.160906039893210689e-09 4.775597962058248643e-09 4.302291307289708273e-09 2.787460015766419619e-09 -1.511469430432648855e-09 -1.541985518382909534e-09 1.066572447289237444e-09 1.682566435058305702e-11
6.565604252298024029e-18 -3.229173480580288416e-10 6.103791308706980337e-10 3.329779211134590448e-10 4.188437062411459991e-09 5.275382762158124378e-11 8.350037021684245819e-09 6.228449981032139680e-09 3.216624610095004242e-09 3.773977345334242066e-09 1.198570143484832440e-09 2.778632529184625270e-10 -7.454779457985306338e-12
3.343550550308916253e-19 1.433991009078452430e-09 -1.653538647696199934e-10 2.526573437900510050e-09 5.152166843586644372e-09 5.490308805450246596e-09 5.357313546780318037e-09 2.563447959277981635e-09 6.571084592125747047e-09 5.215876942673551138e-09 1.961545073980577025e-09 1.118629972063172251e-09 -6.152669091902701277e-12
-1.882450891856592981e-21 1.630889810021327324e-09 1.697476091529963983e-09 2.610190083482799306e-09 2.168691243258409630e-09 6.636776954022119581e-09 3.829740444809445989e-09 3.029282528282213881e-09 3.713480988714928542e-09 5.318561462727952506e-09 4.764005807563163677e-09 4.979513564538598408e-10 8.960930002168732934e-12
-7.316220078649449999e-20 -8.807892998960975585e-11 -1.551336876917931189e-10 3.123155440715969541e-10 1.423488563614315031e-09 7.648501142833462849e-09 5.874605171870676435e-09 7.269084222100499091e-09 2.875181888511952365e-10 4.445082000515972038e-09 5.665617477532284556e-09 1.208326158583118358e-09 -7.977443687679584720e-12
2.811170253779617579e-19 -6.989364680228827841e-10 3.844285044149367494e-10 2.643999255815670870e-09 2.591503500051358273e-09 5.404143709786612318e-09 4.444641395696751785e-09 5.601613315484066133e-09 7.279954290611150147e-09 2.668109092895823338e-09 -3.434125861882880388e-09 1.097955737950721707e-09 1.001400576048042524e-11
-1.497029232243867287e-18 2.263834229375082007e-10 -9.896411063174615916e-12 1.716063176178615684e-09 4.070794705184179551e-09 2.019432581639444098e-09 8.424046635537551679e-09 5.641426777846915614e-09 4.257908546469733545e-09 3.980053026424312221e-09 3.462214879684122063e-09 -2.824243057889671844e-10 -1.033750406341303438e-11
2.403846856643085407e-20 1.423722193324155320e-09 2.426602938284144247e-09 1.369175885575688541e-09 1.615063414266122276e-09 4.881720727674979053e-09 8.209528659031151171e-09 5.825498393708226758e-10 -2.415903790299565868e-10 -2.291782821743656064e-09 1.544258794705618113e-09 -5.525960597439936463e-11 -9.672249256198873820e-12
5.872734894400183604e-18 7.551838944112938548e-10 2.272746742302276072e-09 3.432200428643752444e-09 -3.104640643569518539e-10 2.331501557826360413e-09 5.223398946111575781e-09 8.954907247638102391e-09 6.966475292034005306e-09 4.046833501201064960e-10 1.850504145618418556e-09 -3.705274700232390308e-10 -1.700343828858950260e-11
7.358851738476721312e-19 -2.717191238201302008e-10 5.609304217305917529e-11 2.790140599533432321e-09 2.688340687815156905e-09 4.292775824885761446e-09 5.706491618825433296e-09 3.395385551172614571e-09 1.715771419076282114e-09 -3.516909870184637515e-09 -2.725285085100631722e-10 -5.758926861066206607e-10 -1.347312466142789326e-11
2.420569217771398213e-18 7.079788198946933792e-10 4.572425501131100222e-10 1.250738213075410216e-09 1.472229007726359801e-09 3.876889892058524532e-09 5.633834231015192766e-09 4.028504845573316680e-09 1.365808356765858838e-09 8.245938718588320174e-10 -3.756758362237443213e-09 -8.074182143085812317e-10 1.038234891443145932e-11
4.711123979601756378e-19 -8.332868695675508433e-11 1.217916288165581289e-09 2.001721511479787958e-09 1.699953158219133207e-09 2.155689203298796883e-09 5.232744410014340691e-09 4.854962941102848705e-09 2.165995343957658141e-09 1.256421363807929413e-09 4.810683605459853700e-09 5.548923113669724028e-11 9.831128426985963548e-13
-2.631719420094972494e-18 -3.151020467939478895e-10 3.306695800538380915e-09 3.716110789385136287e-09 4.277692278191026480e-09 3.452073987210391537e-09 6.896280709105696318e-09 8.018054628234862524e-09 1.984153841604734485e-11 2.306035217871330348e-09 3.151863732274624036e-09 9.261680246324245197e-10 3.809444451557194278e-12
-4.638234289279608087e-18 -2.332689894169173469e-10 4.272146061949583022e-10 3.038622472144330535e-09 3.245119570633485938e-09 1.795410381062289686e-09 6.553054857694406063e-09 8.258243959184334643e-09 3.183958424566848267e-09 4.617008438027865392e-09 4.578336580344342775e-10 3.498474566806948528e-10 -6.632369474748394156e-12
-3.833590928218062538e-19 3.200711188225100910e-11 2.198683079796540215e-09 1.446081694670531105e-09 4.057831622341351698e-09 4.220440230160242201e-09 5.297493993707146260e-09 2.565240521482400679e-09 4.766399306092949718e-09 7.879119423730136523e-10 8.475016082763153071e-10 7.667933971340804056e-10 -3.739763018738541990e-12
3.128924419002652250e-18 8.230363508097586978e-10 1.051638714300117380e-09 2.040879487374270336e-09 3.301388760283446846e-09 3.568631718887807401e-09 6.520476498342634794e-09 2.442918815106346343e-09 4.832778211883144929e-09 -9.481981773779297428e-11 1.134712162742362648e-09 3.679092532577157981e-10 5.598032127597943419e-12
3.472506615430085069e-19 7.969859547168598278e-10 3.124738608697833480e-10 1.950994554157181771e-09 2.467955196461803943e-09 1.118102762734002103e-09 9.977600089675017431e-09 3.525443638741564494e-09 -1.690068725058763473e-09 -2.981153724723527843e-09 1.822889185798927781e-10 1.152717215157981599e-09 3.124497744990485742e-12
-1.288837700997463652e-19 4.395746004800888742e-11 7.177070708927900690e-10 4.372874076630052530e-09 1.100246966041407182e-09 5.630808024565821694e-09 4.117755461787115127e-09 2.322243569057957932e-09 8.297648443173340138e-09 -1.234202335360272000e-09 -6.481329264481195759e-10 1.229330869845350604e-09 5.767402471559345935e-12
3.655305120466838942e-19 -2.114956664004461080e-10 7.870584873789453000e-11 4.316036727345522851e-09 3.168452129609478861e-09 6.839423652490915727e-09 6.024912036267877316e-09 1.435901958162163931e-09 2.615533252232493643e-09 8.139921542430696478e-10 2.661246491793371372e-09 1.349551068748920103e-09 2.358486260414348665e-11
1.974400624476953008e-19 1.026632344247265232e-09 3.149104652015356541e-09 2.403687933369138152e-09 2.428783648248865972e-09 5.055477933293447818e-09 7.766982899961025409e-09 1.544779468181819616e-09 3.508883143560131500e-09 5.370120129911170750e-09 2.156740233542705510e-09 6.215559116337337717e-10 8.766974728352782797e-12
2.500644901954300687e-19 -6.884566444760067911e-10 6.890051234510476193e-10 1.649279086323989087e-09 1.763799316320152752e-09 7.838301000765422088e-09 5.054441823940911790e-09 3.488196742457300447e-09 4.637659449900318656e-09 1.285144698347048724e-09 7.632383556524174660e-11 5.053452872791527692e-10 -6.022968875033302390e-12
-1.845973513815531223e-18 2.325894533218413027e-10 6.710128729059673898e-10 2.989360245461004568e-09 5.113946854874269225e-09 6.208376094685415867e-09 6.859438840230173599e-09 7.194500059023716960e-09 2.672256341985766862e-09 9.001147756795178500e-09 2.251211319788600978e-09 5.709958598493343833e-10 1.120044971389830989e-13
6.020804970414822757e-19 1.217079137553536404e-10 2.416354402552092890e-09 3.366648155766340964e-09 2.473454267653623373e-09 5.844753868805699445e-09 5.734496005163984717e-09 5.310527596015766627e-09 4.628019255551615317e-10 6.232336015705315545e-09 9.760783151285712103e-10 1.357826630263820090e-09 2.928974144687592622e-12
-1.195976047396115620e-19 -8.296562749751286009e-11 5.086071675247789305e-10 3.632627781694228572e-10 2.652243548895727767e-09 4.718791892014122691e-09 4.723980613408426753e-09 3.600260926403019521e-09 6.093083063171428871e-09 3.501825537870531128e-09 3.336475180157280199e-09 2.771654337803848643e-09 2.103782730759310311e-11
1.181458673707444398e-19 -1.474390469228576363e-10 -3.263739245442461690e-11 4.673650604099158946e-10 2.088623113424288442e-09 2.111558790081962311e-09 9.244693004389189878e-09 1.085747805607838807e-08 8.638492567909525673e-09 5.299244606656050259e-11 -1.914846710327297466e-09 3.331267026164066045e-10 1.077447344169888329e-11
1.315956665453453936e-18 1.405552395077605040e-09 1.989667609879811607e-09 1.431371123330294510e-09 1.021329016610937432e-09 4.178462011052485713e-09 7.542326082843935310e-09 2.901313905920298099e-09 5.253079001219894857e-09 -2.193337721407742675e-09 7.490462570234009058e-10 7.573766544736824642e-10 5.828075433882488900e-12
4.347160651619960955e-20 1.279986670271011764e-09 1.451089923269348297e-09 3.826764842067247373e-09 1.883409177467206755e-09 5.436306572186732640e-09 7.622256945188806911e-09 5.846721933123212685e-09 6.358530300647039758e-09 2.412647866705031494e-11 2.982362185468957787e-09 7.793584848220866418e-10 9.605443170551188536e-12
-4.686186361857595650e-20 1.529750614222696637e-10 1.115146408251982236e-09 5.401108152841373887e-10 2.814380297092857656e-09 3.239005891786179961e-09 5.500562928956105409e-09 5.484697357700936810e-09 2.509290363335877216e-09 3.061210584052482020e-09 -1.361097416128321244e-09 -6.386310530786866443e-10 1.206289078152750249e-11
-6.847464538281509362e-19 -7.601043598232738709e-11 1.146327097752060395e-09 2.705972569693416245e-09 -1.471569548074693687e-11 3.790229932817738178e-09 1.651697248829346851e-09 9.381597845669058590e-09 1.877764863137111916e-09 6.378220484086641554e-09 2.614605253350782999e-09 1.385446943893110069e-09 1.380319276047212094e-11
3.935671529035241773e-19 -4.526889812272306139e-10 6.839521430361547757e-10 1.320262795721421322e-09 1.406099942180884097e-09 2.880221448559114501e-09 5.369940267942518849e-09 5.620415029880265920e-09 4.073136536315487073e-09 8.075281303273535692e-09 6.945558762367193640e-09 1.088258449580350643e-09 -1.252534018423298043e-11
-9.726072896318607887e-19 4.382007505229431983e-10 6.994277756631512628e-10 7.066015776455768255e-10 4.110593021871017384e-09 7.143130070707611266e-09 6.168542495108743986e-09 1.377676848810351213e-08 3.614441217998143753e-09 9.188927564544309757e-09 2.595185223386616617e-09 -7.117579431463664958e-11 8.782081877443699888e-12
5.075439003643537439e-19 -9.140730663823037531e-11 -1.614550656165861915e-11 3.216818317063228437e-09 4.508193302680454930e-09 6.144919205664242150e-09 3.567303916363012541e-09 6.981231431740583486e-09 2.034542107902808852e-09 2.983954041869387265e-09 3.347788743140508498e-09 3.136428706202800759e-10 8.509737924780596463e-12
1.131194836197887705e-19 -7.430036903289905809e-11 3.730560697250833909e-10 1.959173490707980995e-09 1.089923496457878174e-09 5.369701100592387997e-09 6.101452599448322498e-09 6.576495236561251043e-09 1.987981816873627278e-09 1.530460249946279979e-09 1.585733201385780695e-09 7.036505760872610060e-10 9.729090857970408837e-12
1.832956624974267872e-19 -1.687359384025983148e-10 5.458356328316124502e-10 1.777021636452482498e-09 3.849857869291746870e-09 2.918586552763782983e-09 7.331969354641749716e-09 1.243132395422720277e-08 7.781935728851496442e-09 6.845966562527006648e-09 3.410910372446705494e-09 -4.465459177965651204e-10 -1.330639175738579069e-11
-8.640565898888252978e-19 1.839256450389931928e-09 3.288523778582976764e-10 2.232778281056103268e-09 3.679489195380530286e-09 1.857457974248847926e-09 5.654237079238133908e-09 3.959923787725122868e-09 7.538245210454877850e-09 7.285069753614088243e-10 2.014691130795984806e-09 -2.138191397764856260e-10 -1.511134359972899835e-11
-1.362813248038645236e-19 -2.025316644375107686e-10 2.512676676106382015e-10 6.208278779275561355e-10 3.615128806088645846e-09 3.041165199827457439e-09 4.821276855928930727e-09 8.330985593954248404e-09 7.036643313365645579e-09 3.930630291926954823e-09 9.143535416684508214e-12 -5.317814964560150383e-10 5.975871235504661809e-12
-1.553623993346305502e-18 5.061464804909671479e-10 5.322069532419109948e-10 1.281218562646457088e-09 2.753234429938710983e-09 5.694137471218911890e-09 8.462227273435926373e-09 1.889306312650598391e-09 3.555643781892690387e-09 6.694972645447298109e-09 4.777339352908199288e-09 -7.054644545628666398e-10 -7.443498719534921101e-12
-1.371772546243533416e-21 -5.661173455083962337e-10 8.326755687506264827e-10 1.270837338511242058e-09 3.735338957674494583e-09 9.910648538463451634e-10 8.786545522732303211e-09 4.927384529354999005e-09 7.228893557700842783e-09 5.424046813276057250e-09 7.247070380049000437e-10 2.501598170161081305e-11 -1.223260027973349941e-11
6.570164763948305700e-19 3.877663767748183196e-11 1.157527616922889548e-09 2.949838360675055847e-09 2.706041785879322237e-09 4.000189244716205359e-09 6.677473846975115981e-09 6.757003786394950292e-09 1.470585831116547023e-09 -2.138763045880848074e-10 2.547541172017100308e-09 -8.895283448398764429e-10 -4.194140578504685564e-12
-2.644236602037451382e-18 7.718826537802937159e-10 2.048059766148904804e-09 2.060446238683890768e-09 5.102919862653057934e-09 3.049275320975923690e-09 6.690886234850609238e-09 7.132490314507070152e-09 2.382227193579863204e-09 1.396756135142995221e-09 -4.711618191910400417e-09 -5.738749321141727755e-10 2.880313167112487818e-13
-1.637081209599252364e-19 8.706075675935614948e-10 1.041126705885946011e-09 3.762150503247784090e-09 4.777585279977343012e-09 8.626324158177498153e-09 7.159928939565834341e-09 7.389466805827494793e-09 3.683133604655912417e-09 2.626728530315481674e-09 1.852152875316673840e-09 1.148907720499252193e-09 1.544395511296508267e-11
2.525283296250665994e-19 8.043902456665008882e-11 9.261402774721197890e-10 4.927594641080396243e-10 1.603223385138099101e-09 3.467319379022689110e-09 5.929836801352785320e-09 3.175242679799192222e-09 -2.559576477364000795e-09 -4.429140485225950029e-09 -4.055634058181713789e-12 1.485272252297871009e-09 4.416886288122307656e-12
6.347603064191497833e-19 8.593241760274717202e-10 5.269532220872727105e-10 8.095358077376700477e-10 1.000129629236621219e-09 3.559319775126749712e-09 2.726464769055135639e-09 4.776271032504193276e-09 7.382498978225395768e-09 2.858352579141024296e-09 4.531791123206998826e-09 1.155452355663904488e-09 1.804954675745711734e-11
1.351225503804031974e-18 1.744895923949014285e-09 1.544375307848851563e-10 2.833240639954716811e-10 4.635622501307649024e-09 2.678191792793457734e-09 5.140701244408332913e-09 8.431651127095174751e-09 6.049523211671911146e-09 4.435214638160210959e-09 -2.450831082293694659e-09 7.447562904920601095e-10 -1.239602909798378353e-11
-2.292099997406220450e-19 1.255548772140891876e-09 2.281928027734421279e-09 2.828228279909900647e-09 1.553822691367506472e-09 2.483999775470803530e-09 5.830769755491516057e-09 5.286897030324130121e-09 2.388389306210929516e-09 1.799553753760297315e-09 -9.265737088374376849e-10 7.303509597448778554e-10 -1.407182100758555993e-12
1.562146488259124282e-18 -2.019734354406024583e-10 1.014620951963705320e-09 3.627305859312332623e-09 5.293688297265526207e-09 5.903892552344385320e-09 6.534263817259452395e-09 7.837952226957665706e-09 4.053950977730206336e-09 7.020064529842482032e-09 -1.446042868504689029e-10 1.002924268234274501e-09 4.904171584630627788e-12
-6.295487830278706336e-19 9.657004282141728274e-10 1.168442650752215267e-09 2.070536120485603255e-09 5.031319928743481476e-09 5.441791346353177916e-09 7.981816298716727826e-09 4.615458398322706030e-09 4.549823087330881127e-09 1.022226072641493343e-08 2.285633519088023098e-09 8.269488153195886927e-10 -6.917702888403024703e-12
-1.329997599495314630e-18 2.819885620787927376e-10 1.629691507732638890e-10 3.349202442763837577e-09 1.991676899410226982e-09 5.746760568453330630e-09 6.553223857012386654e-09 6.143040468752142770e-09 9.694182358610371194e-09 5.688188608295072181e-09 2.522536385473927944e-10 -3.504932298762107796e-10 -4.413200245029976529e-12
1.006978324000071944e-19 9.350716016799790618e-10 1.153066121791725127e-10 3.450005263066338409e-10 1.837385242609700748e-09 7.206371409032806742e-09 5.459459019695673493e-09 6.199397378202338241e-09 8.768814585022746320e-09 5.395191936445284392e-10 -6.962918239448679985e-10 5.059655645745988511e-10 -1.299395189781870238e-11
2.686292860707841747e-18 6.092754643581765534e-10 7.074090804593103125e-10 1.984802902427935266e-09 3.800146733575683480e-09 -7.214319203952102823e-10 -9.560826598648123277e-11 4.040820631087525603e-09 2.219814740334886998e-09 8.958011643006098662e-10 1.558299626735236711e-09 8.474346070661268521e-10 1.607393274780094955e-11
-3.032869672928709309e-19 1.506665921026864857e-09 -6.573513298864256613e-10 1.529775046347429052e-09 3.388924856054970162e-09 5.866175855345969888e-09 1.518699964663447596e-09 7.471894602207430882e-09 1.356671704778798127e-09 4.724270276794923352e-10 1.005229048307350196e-09 -9.881457871149305153e-10 4.024835059610642793e-12
2.204389257787556033e-19 3.927761877426035814e-10 6.484866129380620899e-10 1.279670389525600408e-09 2.848650000404774403e-10 5.059642171675224440e-09 6.658955913869737960e-09 5.473835212318539440e-09 3.485373301036635304e-09 2.764627220915341748e-09 2.514274915793868725e-09 -1.379856120674381446e-09 -4.196460201102198969e-12
4.768774401122436689e-18 5.765398273174337562e-10 -5.490447273423516959e-11 1.914992902972667831e-09 5.016093345791415914e-09 5.891288209128324018e-09 6.174227900308377318e-09 6.270100473390998295e-09 1.197999291342717600e-08 4.953494828439996749e-09 6.317712822720333208e-10 -5.619222353178508592e-10 1.899978750993343662e-11
8.333920151409487121e-20 5.462855122727789648e-10 3.215541368637868394e-09 2.806620193387883005e-09 3.185577812760931230e-09 7.414104885465165033e-09 8.049385381638451801e-09 2.122732205968834020e-09 1.725942185249968864e-09 3.579044604484322597e-09 1.910682123061375384e-09 -5.218477985066513773e-10 -2.423675523825955849e-11
2.332670317290851914e-18 1.097422212654719174e-09 1.271633225428620050e-09 1.549409946911449364e-09 3.500758822133056780e-09 4.696123497752803384e-09 1.237857518415202203e-09 4.828443417670336650e-09 8.033049901661087088e-09 2.102003889407877792e-09 2.233786149092108490e-09 1.362176883051171808e-09 4.222074027985895328e-12
1.555595353731874709e-18 -5.050340278400468815e-10 2.090281012124914181e-09 4.639547895760532604e-10 5.913346785874450370e-09 5.967733104929595458e-09 6.268894843931767608e-09 5.920260536282846278e-09 4.199150039235619139e-10 4.690671278486370538e-09 -7.450261193288556824e-10 -7.231864197374222038e-10 1.366453813086297498e-11
1.854535522839567422e-18 2.431566086736182254e-10 1.482004284388228605e-09 4.122767573312568791e-09 3.192742879362100529e-09 4.286564223965137739e-09 3.683596738123917491e-09 4.350754722646951107e-09 5.139254162443596099e-09 2.788660755150330478e-09 4.010353925429994044e-09 2.936311212072377650e-10 6.381011588931586499e-12
8.974659336119049037e-18 8.145831521844420997e-10 5.327522532867945533e-10 2.796133585589694666e-09 3.433134477545136199e-09 6.274438618161539133e-09 6.030376632777226331e-09 4.842292449984178713e-09 2.735370057758530062e-09 -1.232532458210343957e-09 -2.103358815208759147e-09 1.605836226528879524e-09 -7.047904291673405626e-12
7.914559417913946814e-19 2.307715958939852615e-10 7.300536944420341024e-10 2.768086614869087107e-09 4.734317670721973585e-09 3.788167304307046863e-09 3.005138951319454305e-09 8.897876685609610093e-09 3.381071851061984059e-09 3.418458021076273719e-09 4.386532790727309275e-09 -4.659238881200383315e-10 1.678822005034280432e-12
-8.210167437832398993e-19 7.776505945686471908e-10 -3.159731470949683827e-10 4.712023646337960125e-09 -8.957761053264499581e-11 4.401340960323793397e-09 6.356374710435097141e-09 4.025976593120472787e-09 1.004010916969018013e-09 3.049486390778600946e-09 7.595628848280748944e-10 1.119228773063293384e-09 5.049202288120949340e-12
2.420785267934451978e-18 8.113648943273674012e-10 7.882015008424233696e-10 9.634194750980912197e-10 1.114948287428445189e-09 5.765768775979170560e-09 6.588652192786370741e-09 3.000443113454839387e-09 4.079873310794932103e-09 -1.172816512763126788e-09 1.482584340551392145e-09 6.100226935687527948e-10 1.645093528738617005e-11
-2.147360472176337243e-18 1.747994752915593639e-09 1.366142964299497625e-09 1.250985354948213662e-09 3.473040620580835167e-09 1.855422955778668972e-09 5.299959014295100902e-09 2.184179729970439084e-09 2.960671564429753386e-09 4.152484356486957424e-09 -5.010550313400877160e-10 4.483477263619855070e-10 -1.283102281967341488e-11
-3.378211344785704708e-19 5.355169627725200202e-10 1.408398830229281464e-10 1.551457958366042371e-09 2.651524044345593933e-09 6.087623835167101999e-09 7.186251060555198914e-09 8.053213215550803128e-09 6.500403638845014424e-09 3.280377154861373981e-10 1.388849110360974777e-09 -2.526034454277708997e-10 -1.987664659050927759e-12
-1.991992662247954822e-19 8.953084435967782364e-10 6.064514328030820073e-10 -3.326666114949786764e-11 2.893154691904904398e-09 4.791312324566394806e-09 3.865491908703767124e-09 7.181715104656423400e-09 -2.775167233277545401e-10 5.941740431143287529e-09 1.312166708633806895e-10 -1.603673487570973112e-12 1.964579087482794213e-11
1.880399263351098351e-18 -3.304779648940576673e-10 -4.194107545173545934e-10 9.599320280061323761e-10 4.779426383663135336e-09 5.493884049218052626e-09 1.495525518345822329e-08 3.333781784017491030e-09 7.614302707633371681e-09 3.445580705093328456e-09 2.608463922663569544e-09 2.943020755355968584e-10 -4.803525950074090336e-12
2.125805207792115156e-18 -9.984640513973505550e-10 1.495092530126282101e-09 1.418032271815120358e-09 1.819558881494131838e-09 5.106116362648141039e-09 5.321456639189776869e-09 4.803624565102847884e-09 9.119782679540380879e-09 3.124489338566653771e-09 3.679421939220400115e-09 3.308849045243605817e-10 9.143934359325612699e-13
1.061939086804373279e-18 2.600679809088702915e-10 1.710471196491437288e-10 1.200413298330644690e-09 3.882470968894846701e-09 3.270811257089105545e-09 6.316021599418953974e-09 5.540146806325683363e-09 7.732457628627673432e-09 -7.939445800288982603e-10 8.169593472526802382e-11 5.491142221313411322e-10 -6.795405247304787581e-12
-3.771449681848958820e-18 1.506962699291437674e-09 -1.118066155126130962e-10 3.960802538451838793e-09 4.251853342470753277e-09 6.895226569871172206e-09 6.024876928067908082e-09 7.138261409145385521e-09 6.287027367281096639e-09 3.555451245857306349e-09 2.479048306133905215e-09 3.365772559905644107e-10 7.327825906144301573e-12
4.715159926972924859e-19 3.665693586998092851e-10 4.279239843410437036e-10 1.326133847382769302e-10 2.031361099307920980e-09 4.576393073865905499e-09 8.675730110069242729e-10 3.529044221539007815e-09 4.729942332130353358e-09 4.030059269360044164e-09 -1.131888765654447398e-09 -6.752339991590105243e-10 1.365873353139855659e-11
2.240792812435679134e-18 -1.044357613851750422e-10 5.368685049607024969e-10 7.869645845113348778e-10 2.615509001576114374e-09 2.970061171405503544e-09 8.384826790539276943e-09 3.821182235295463498e-09 1.129706310190654711e-09 9.090838539276131889e-09 3.008480803620891504e-09 1.857389737241603100e-09 2.509589346730575456e-11
1.697787265765574841e-19 1.229967823193670572e-09 1.738855243103992171e-09 2.766620885402954231e-09 3.509941225738577531e-09 3.291651531247387013e-09 4.879340067549895087e-09 4.643381241604347288e-09 4.723834371210018453e-09 5.359900607138629333e-09 1.281643692785871748e-09 3.067239883912781464e-10 1.123579216012529711e-11
1.313404828753754358e-18 1.690880486253168750e-09 7.630346859958034329e-10 2.686627272082221942e-09 7.497425276865089387e-10 3.898717368112969851e-09 8.347808437474980745e-09 6.184712038133769516e-09 3.694260966849966359e-09 9.807896009661514616e-10 1.079537119663476631e-09 -1.510358276321060804e-09 -1.763313708303602780e-11
1.082121149427917920e-18 1.826723886475669857e-09 7.767954792289565913e-10 1.620735632087678447e-09 5.962251408857723790e-10 2.829285365600881977e-09 3.701634614984466530e-09 6.233592996127849166e-09 7.307417098964709314e-09 -2.167938230076295455e-09 3.953509003285436924e-11 1.432419812838346695e-09 4.922786788285856350e-12
6.134231477427972499e-18 -1.290814767160719673e-09 2.009386624841502254e-09 3.488110799147619030e-09 4.150125025366585442e-09 6.625720277919702544e-09 5.876057400701887639e-09 7.502359600557892387e-09 1.710649121502320352e-09 2.510957749338577168e-09 7.854363491038758774e-11 -1.298850673725522014e-09 -1.057020691869183290e-11
3.104759146723291322e-19 2.459274802245252430e-10 2.291695281988031741e-09 1.682656860906629377e-09 7.180012850343006346e-10 4.124777633462058872e-09 4.536786467383888074e-09 5.435679476632110716e-09 5.411476131750493196e-09 2.730507622609858292e-09 5.225192021880138652e-09 -1.930902541230391678e-10 8.862958966553775335e-12
-2.176331750144179382e-18 8.107903313054326312e-11 1.651526771895529111e-09 2.310169135757772786e-09 3.362801148931446393e-09 4.751285761494439680e-09 8.202969841065048356e-09 7.458279218266934871e-09 3.699978328364384840e-09 3.222642472802019308e-09 -2.592998960715695649e-09 5.089780492473993697e-10 1.466591584690941635e-11
2.531233242547123358e-18 -7.219452172724568249e-11 1.226918102627393376e-09 2.003625314923549438e-09 3.652493013435168625e-09 1.715722652238237169e-09 7.932660994280918629e-10 5.949482077448624448e-09 7.208508571727803694e-09 4.662121264527532814e-09 4.461801389271091161e-09 1.166664761009159612e-09 -2.501896774944153180e-11
-1.074660225999561872e-18 -1.926779288363328231e-11 1.046225383879182090e-09 2.593410897695626104e-09 4.120941818838289639e-09 4.819421171777592867e-09 6.345089600325286638e-09 6.304940706189996176e-09 5.788585860305112939e-09 5.670732595088651428e-09 2.854173727235713921e-09 -3.811441235494227950e-10 1.088611177941980793e-11
-1.842205876233374762e-19 7.028496261417479045e-11 1.280964266921281412e-09 2.675663980238514830e-10 4.310694790720903793e-09 5.913984252582605930e-09 4.828940834031839037e-09 4.957825983789811430e-09 3.899345949873791402e-09 1.965272869629621136e-09 2.346659065634428621e-09 -9.110091337412927178e-10 -1.621487523178998369e-11
3.796970758155683081e-18 7.256611061722369528e-11 1.111682384309659056e-09 2.069752225827120744e-09 1.832763884039013850e-09 4.210004036596966495e-09 7.552570852622534328e-09 5.195319599490236590e-10 1.472375819349845580e-09 4.054994548206748199e-09 3.232601559228066475e-09 1.586421117163936837e-09 1.666099324190039964e-11
2.043476223314633228e-18 8.940558158136449980e-11 2.019652333143694116e-09 2.743113016258841859e-09 1.022297048781968448e-09 2.392592403766644515e-09 8.554490183590854807e-10 5.714943751672920337e-09 7.448566767162951588e-10 7.078048696968171685e-09 3.787114531844847563e-09 4.330270237260490425e-10 -9.423413177051614660e-12
1.086653360752618733e-18 1.336602970163037828e-09 1.157351584525384101e-09 -5.008407749689636155e-11 3.103543769167789984e-09 3.404134334644543003e-09 4.216199136212894469e-09 5.930628677844816209e-09 5.538881328843903978e-09 3.306661207797200707e-09 9.333847828981647229e-10 1.895337659270821379e-09 3.742365557481746245e-12
-1.263632274248105894e-19 1.029011326393898547e-09 1.225293893551890776e-09 -9.610942574035902692e-11 1.408230367824453364e-09 2.950735212671639162e-09 4.041758583968966633e-09 6.911633201774223658e-09 3.846195782125557251e-09 3.186963840376006598e-09 4.196990389492105190e-09 6.208230212465488206e-10 8.305609699943055821e-12
-7.584952130141167872e-19 2.367145974198616668e-10 1.471533585041406728e-09 3.232770217172065054e-09 5.002991924262395295e-09 2.295633174301401347e-09 2.333724778615716839e-09 3.901586884547576921e-09 4.516929295981682954e-09 5.732771929984577590e-09 1.844436741455844958e-09 -8.312341898864373918e-10 -1.502522456451364304e-11
1.911165731759155471e-18 2.163041494410469927e-10 -1.894318371914165790e-10 6.563625996009563860e-10 4.672642709879609633e-09 2.498580608902461916e-09 8.885810157799617510e-09 9.139417915737254272e-09 8.232906229244424499e-09 9.742924017966064013e-09 -1.289516449224208205e-09 1.047447622330024976e-09 1.273019966573626117e-11
1.542075663952187476e-20 2.344519631501495654e-09 3.077961279113510024e-10 1.273176450368083841e-09 4.582473409473001875e-09 7.773986357456625038e-09 9.172333402212360468e-09 5.479299331449383805e-09 3.586771389503914765e-10 7.237456107597385449e-09 3.928250271339937176e-09 1.034410546073812367e-09 4.880504022802330106e-12
-3.300626655589927977e-19 8.248821053643937580e-10 1.940584473839642734e-09 -6.495624473147707619e-10 2.038996249369187240e-09 4.833696576652768190e-09 7.131804404727394564e-09 1.487393297638301730e-09 8.554338590329491451e-09 2.500433702201009074e-09 -1.154801374692955527e-09 6.369617316174102338e-10 -4.847748305917035822e-12
1.679742186231986135e-18 9.288760139790390250e-10 5.030328892535525461e-10 3.554490550398662556e-09 3.327837508099133400e-09 1.622784998622519076e-09 4.880217542206433693e-09 2.372223890267595061e-09 3.445395298691900988e-09 1.331044764764833188e-09 9.306876366982659347e-10 2.733217499164638974e-11 6.043716061117779751e-12
2.717993438228685733e-18 4.963735686221615250e-11 6.318870288431915126e-10 8.249664378699735870e-10 2.492769546915671515e-09 5.640408557606268928e-09 5.449553539250899567e-09 7.892416385520323336e-09 2.204041767785752888e-09 -3.059282410891457912e-09 -2.046687387573486194e-09 3.634751413595014065e-10 5.088800713839638281e-12
8.645167707318351569e-19 2.025034692205903070e-10 1.262156198488067221e-09 1.488410444628762012e-09 1.818385268487206793e-09 4.987950547429300186e-09 3.508142927919519856e-09 5.305467975652581870e-09 -1.384903294693866391e-09 4.419423630275111447e-09 4.409158480371737815e-09 8.436076623526056430e-10 8.619770794420689580e-12
-1.000080120125144532e-18 1.660927058389862855e-09 6.558001417392035409e-10 3.126638761724706037e-09 1.124670620029822008e-09 6.391605970046196439e-09 3.735261283855930651e-09 5.215727173960456966e-09 8.819245121151424966e-09 -3.397848137677264968e-11 1.489781815842359292e-09 9.180740684471889983e-10 -8.143256508662855535e-12
-5.917374300772948937e-19 -8.981833960045585823e-11 9.529740645148146077e-10 8.893361212477753143e-10 2.249206471402763202e-09 5.349151247263078417e-09 5.716914712856959363e-09 2.404215481158101995e-09 2.199483932570630709e-09 -7.321562261161185424e-10 3.362758979624548906e-10 1.851752064201369255e-09 1.500064209390529668e-11
-1.345345744903398958e-18 4.112791750644570112e-10 1.765959979086148110e-09 8.165500471342970328e-10 3.012105692041137939e-09 7.597160966404784201e-09 4.311756456216248358e-09 2.133420764046163981e-10 1.017315687126428101e-09 -4.664189314450544604e-10 7.903288044830485659e-10 1.232870938389436286e-09 1.616313659706062034e-11
1.091935284708812549e-18 5.463232249798421520e-10 1.855236466608444187e-09 1.291148224573571526e-09 3.598677248150685723e-09 3.207838655753615578e-09 4.283983529100130617e-09 4.502567482167772003e-09 5.929088799797051108e-09 6.470318926321658962e-09 -9.034821555679487753e-10 -4.056475093099988264e-10 -4.186324691319917401e-12
3.572065233458946296e-19 4.508623262189205283e-10 1.864803763368474887e-09 2.565035612616046319e-10 1.139413624000657682e-09 4.053368581113753527e-09 5.957751111680700527e-09 8.318974004991062130e-09 1.515224055179280888e-09 1.954609564476839862e-09 6.200703364545249909e-10 -2.409957928803273245e-10 -9.606142814141411596e-13
3.360803993554907636e-20 -8.586472347328870588e-10 7.603315317406622103e-10 9.206604714960193428e-10 2.104581922545702575e-09 3.974452867376282179e-09 5.046830194961810078e-09 4.095512481631169913e-09 9.567347412450704848e-09 7.878878169018469456e-09 2.354656203505059396e-10 3.538200750949954765e-09 2.170030586023259302e-11
-2.861923093948858049e-18 2.061267945098269164e-10 1.679664722733600835e-09 3.785470405549727488e-09 4.001831509729095795e-09 3.003771779427003643e-09 5.099477014611716760e-09 1.141859185900399924e-08 4.989144802961256010e-09 -2.236676554100747549e-11 -2.137286358427195564e-09 -1.822740710605376178e-09 -1.026119337691133505e-11
1.740562741702533008e-19 -1.443023678889528692e-10 1.693321597197755890e-09 2.764046559942733628e-09 6.178283470713323171e-09 3.753284823771515998e-09 3.471207075558047421e-09 5.873532507491881570e-09 4.179828838489305398e-09 2.917783207608062356e-09 1.351814025679120193e-09 2.106010626505484010e-10 -1.344243492354921257e-12
-1.422152118905462388e-18 -3.271648668642967645e-10 5.876647231588951747e-10 2.051920873421747201e-09 4.472174014697112178e-09 3.359233781480730302e-09 5.615072101580039849e-09 1.092829489465560428e-08 -1.267903244344646531e-09 -4.289621816382687649e-10 5.201119186468100122e-10 1.057615759639785846e-09 -1.325156614205844457e-11
-4.232432015007354270e-18 -9.656223972215161019e-11 -1.740762478205654616e-10 1.269729882158476525e-09 4.141142186609194419e-09 6.061681034546013769e-09 6.807443935201366853e-09 5.000025927083960468e-09 4.336010215966785154e-09 4.222171741754527117e-10 6.503175787786694365e-10 -1.473926825876191341e-10 -7.157814498731736983e-12
1.685010262012711939e-18 1.600816353090692617e-10 6.319277433176859569e-10 1.615481916999032744e-09 1.700546010607643875e-09 7.388913737738869524e-09 9.417367415160887748e-09 8.168585212469483384e-09 2.030569104981723438e-09 6.524022377011423156e-09 2.841623637180694715e-10 3.064915768433114857e-10 -7.608330430896506911e-12
-1.472105815784235566e-18 -3.978406187623617842e-10 7.453991703683962126e-10 1.796407819746032196e-09 6.399779343480673816e-09 5.374020958654536713e-09 2.418198155718085349e-09 -1.001872739122012279e-09 3.200519509272368213e-09 5.092624099945219759e-09 -2.475829745111438105e-10 3.313571378895430273e-10 1.603884046876516553e-11
1.873001406045809929e-18 -3.331525171060414592e-10 1.037639457915050962e-09 2.612533224429462583e-09 4.348977597063288867e-09 8.228389413439584919e-09 1.043071691003242861e-08 4.908842823390717067e-09 4.586840392340179704e-09 3.282173051960543152e-09 1.832212047684738067e-09 6.377091813199010122e-10 -9.858353021890434634e-12
7.931576379343505327e-19 7.713979367135062385e-10 8.734909301571434885e-10 2.619107881359021901e-09 3.681619847891945412e-09 3.402757503407099840e-09 5.277153560118543934e-09 3.825038541655278948e-09 -1.492579276483906810e-09 6.139959678186311157e-09 2.947607356355497378e-09 9.270107415852685606e-10 -8.449534302983600184e-13
1.837620598995345757e-18 2.173321342234639717e-10 1.888543163259133581e-09 1.952769101097286714e-09 1.644495092304523019e-09 7.460927646060212234e-09 6.611449013735380028e-09 3.574490276044335597e-09 7.126740729691558707e-09 5.290853543283456049e-09 -6.269337809902704275e-09 -1.748792643882483554e-09 -2.594916004270008232e-12
9.414152929620003810e-19 2.967408110823562059e-10 1.361247753158798585e-09 1.797461880641981299e-09 2.492003345340895181e-09 4.729571444512497757e-09 3.109410502297611686e-09 8.818883966477606204e-09 7.386536556801193715e-09 1.128657605113052729e-09 1.852943159144695896e-09 2.218866755193350087e-09 1.860656767652673734e-11
2.567708122740589412e-18 1.001276414145658431e-09 1.474797542228964219e-09 6.334323030407638695e-10 4.732713359864318766e-09 3.812439829076940456e-09 4.921565782710584234e-09 3.659602052142491144e-09 5.570467795618694596e-09 9.263212494524054291e-09 3.358743733152974055e-09 6.648985205139996651e-10 -4.673463879647898353e-12
3.590506401478670227e-18 2.065476491443654814e-09 1.758954633169746344e-09 2.880360868746880636e-09 2.777894475324007152e-10 5.231412758009200971e-09 3.756284898148911743e-09 4.266532189623593308e-09 5.796400238149854838e-09 7.876403214775272156e-09 6.030768268025769683e-10 1.572456629150356106e-09 -1.197070746450431127e-11
1.506562177312728664e-18 3.198703623180102894e-11 2.523653679367354608e-10 -5.779089007787817412e-10 4.068051683473389157e-09 4.694126763390290154e-09 3.686049941071547391e-09 2.292604501470849459e-09 2.007188175156652510e-09 6.756523713050029091e-09 5.420875837865516344e-09 2.333829200190663630e-10 -1.124234840063162665e-11
-2.148706617062271420e-19 7.301202205851097274e-10 5.645020032569541594e-10 1.189406008634679194e-09 2.267610855738111845e-09 5.780459585356398857e-09 8.303503546523914937e-09 7.122510513716051457e-09 3.256595404389197642e-09 7.945764701987891946e-09 3.225922319812657196e-09 1.350129471440232998e-09 3.809384423427609830e-12
-9.513564775169821909e-19 9.599492807147550596e-10 2.310426494192453400e-09 2.096650716869300978e-09 2.329636997719402364e-09 3.315141645898896735e-09 5.346373446652484722e-09 2.584288112161460612e-09 5.192263541869136260e-09 -1.921986741942161196e-09 1.947384069634702912e-10 -4.544116213134564319e-10 3.111487628277901435e-13
-5.087881473250138545e-19 2.346290371272405164e-09 3.312901773846453367e-09 3.451198323437510538e-09 3.035836359129767998e-09 3.716171792493892380e-09 6.996053211599099439e-09 5.677621028245370342e-09 6.309368778859561998e-09 3.497254860633573441e-09 1.724209826320005444e-09 -2.279948173641440483e-10 1.434694395761778506e-12
1.523365003553575770e-18 1.777212379406245787e-09 5.327454975594997194e-10 3.045681361185770058e-09 5.766567672784115028e-09 3.756314438884305569e-09 2.209791030231339168e-09 5.316163601406461279e-09 2.783907020393061872e-09 5.827066372834312015e-09 -1.275516045817414813e-11 2.034010875162289899e-09 2.698273856391380411e-12
-7.117087302799505127e-19 -3.772397619443359005e-13 8.004228569699215432e-10 1.148198865951247815e-09 1.440121878794451348e-09 7.046032578559277020e-09 6.365292765527474735e-09 9.202607539797674652e-09 6.866910675645145898e-09 2.601479519075493242e-09 2.555519757989517718e-09 1.237056926987706191e-10 3.760195320560442286e-12
1.594400734774518055e-18 -5.535464259119151479e-10 1.589545664047704990e-09 1.362621464058539016e-09 3.472339512739143783e-09 5.512471911327956293e-09 1.465377410934232261e-09 5.843305260369373508e-09 2.353446056381775309e-09 8.060440482323304668e-09 1.808907272371707090e-09 -4.087113994212283528e-10 1.402181456951321429e-11
-5.008129971498653616e-19 5.196899256603299784e-10 1.814226162648007703e-09 -3.078444194097539897e-10 2.847411663724052881e-09 4.943934321273105946e-09 5.982059522004048367e-09 4.953076044963681893e-09 6.600762433555823356e-09 2.617701748443979700e-09 2.583092393870719419e-09 1.336066173200035538e-10 1.187908613666295927e-11
-4.688852328166587510e-19 -3.695166908985079536e-10 1.989161485734763117e-09 9.234394235813244420e-10 3.794143847395268095e-09 7.046331820413220812e-09 7.346033122504487370e-09 4.138492804526186220e-09 4.416615442299343675e-09 6.613399300675065528e-09 1.683564835870127888e-09 7.675257554288633918e-11 -3.552029025107464822e-12
3.823758955842261680e-18 7.851019489070271375e-10 2.576173728356484847e-09 -2.609554093473822810e-10 1.018723981447557718e-09 4.827201301931439060e-09 7.624089840088404923e-09 3.855102996218373616e-09 3.942525008525195629e-09 3.325858510688686291e-10 -1.859096347643448664e-09 7.391284376461241216e-11 3.632956483259745249e-12
1.928502091559404162e-19 1.278440577002037809e-09 -5.252670293036402798e-11 2.366066804613260818e-09 3.426652948985941979e-09 3.014574347461253251e-09 5.039555130096780892e-09 4.669868725385277291e-09 8.365044986949500582e-09 8.692021269234576700e-09 3.835916482590000684e-09 -1.543355342920994470e-10 -6.234958186862186884e-12
-4.729031549698190094e-19 -1.341009822105535960e-10 2.269171721625168928e-09 2.239624961347118982e-09 5.146698027013488939e-09 6.978136396887695874e-09 6.532938420502545699e-09 1.277922944794494521e-08 7.396567133640811957e-09 4.615692573728221188e-09 2.330281862938526509e-10 8.077169575742237647e-11 -2.460183892091316423e-11
-7.365215384893792473e-19 -1.748416373784318365e-11 -2.592511382779862272e-10 3.051238242998188425e-09 4.256215620826553549e-09 3.205302442600204823e-09 6.629723999776166754e-09 4.173814222080501375e-09 1.618197029828022182e-09 -4.352123696660789742e-09 2.687908788854887414e-09 3.468992321703573639e-10 -1.617226874432216462e-11
-2.097709675377584249e-19 1.210384922463976563e-09 -1.434227101040894175e-10 1.672249056956130484e-09 3.711496042046454755e-09 6.133196237877588631e-09 5.639869618693413471e-09 4.275292139432156276e-09 3.972862516902665134e-09 3.909943017380603193e-09 -2.537009722352380587e-09 9.132730209203083302e-10 -1.042862098056100379e-11
-2.011943654687228439e-19 -6.030774999333137114e-10 2.458233401753987217e-09 3.234731800102638029e-09 -1.141503956596040600e-10 4.227035731774114353e-09 7.639511147616217442e-09 2.198392527103465986e-09 6.842948648769815147e-09 2.320798395190644942e-09 6.005977519717604769e-09 7.907116782211858226e-10 -4.433822272773915491e-12
3.607678769838784075e-19 -9.069773641973489400e-11 9.793638051117778573e-10 1.121584705444951969e-09 2.491428329137877369e-09 4.471617747001647315e-09 5.230564332958098201e-09 6.258984457701212806e-09 3.225584070236655211e-09 -4.397179732081150046e-11 -1.465350246757847379e-09 -7.249927423144973663e-10 2.836984601376498539e-12
-5.182953645453025289e-18 8.054050100654757034e-10 7.584965000467538382e-10 1.395852949918264580e-10 3.111053088828471375e-09 2.109199802426935979e-09 7.512849574903458544e-09 3.134394279642679491e-09 4.199578948672649084e-09 2.991795029548584312e-09 2.931022722196271849e-09 5.236108201615729275e-10 -7.121975131377488130e-12
-2.329506563338273027e-19 3.361554614923458001e-10 1.386959353491205871e-09 2.097576931542302946e-09 1.090092054586929225e-09 2.971188301735787054e-09 4.452161040768714804e-09 8.421903696319929686e-09 5.694340133124287607e-09 6.720852774533495017e-10 -4.240675084716887825e-10 1.825918757514036774e-09 2.967499533024388807e-12
-6.601706304955210647e-19 5.027737732847503985e-10 2.263148188493365362e-09 5.115005833019654605e-09 3.497626165437882352e-09 4.856857315382199474e-09 -5.917688447328100520e-10 2.327024922568268924e-09 8.992133067562252696e-09 -3.578140655222144662e-10 1.496375352130331210e-10 2.564856967343697665e-10 -2.409658531646432583e-12
3.792373387718227114e-19 -2.829385559914250589e-10 9.544911658647728678e-10 2.190839718049183704e-09 1.883393924195897785e-09 4.627483607950449910e-09 3.982575769051503516e-09 7.226953043489200072e-09 2.739783550219723695e-09 4.116460292605297073e-09 8.493942468402041921e-10 7.170007388595775599e-10 -9.187862866764122143e-12
-9.843725418844889488e-19 8.149145533880779542e-10 2.212321045975939191e-09 5.600717119576176087e-10 6.411331877663241577e-10 4.707810609290526907e-09 8.322073377860805625e-09 5.891309572374088124e-09 7.490946469783525860e-09 5.067423085333220872e-09 3.401563246881174840e-09 -6.170876706373780733e-10 -9.818873878995469726e-12
2.832094214535339438e-20 7.627124078338789100e-11 1.873356282076703727e-09 2.214929864037541898e-09 2.754592856231758060e-09 6.231700969051856917e-09 6.801337775704099158e-09 4.693922897180367891e-09 -1.503378169011442601e-09 6.262483091980048269e-09 1.326827941474861360e-09 -2.103908353353661847e-09 -2.375214573185883712e-13
