2.205922352712820889e+00
9.020847560234813859e-04
3.855048902669267483e-04
1.804374145474958117e-03
6.030050613731203352e-04
8.045553121515462399e-04
8.994394488105622067e-04
9.550992564682054490e-04
1.535902029343414431e-03
5.019654615572513448e-04
7.882481186002914452e-04
3.698818731586910936e-04
6.357910894230936298e-04
6.297022353049496748e-04
7.134370643427369015e-04
3.460638334647996961e-04
5.594356506771471990e-04
4.174371405528940252e-04
4.477913333198287786e-04
4.709193178640179661e-04
2.112594755586872015e-04
3.731065351727994701e-04
4.388533826441890200e-04
4.964951709895967314e-04
4.668417821688105262e-04
3.890771181241693970e-04
3.078673604450394554e-04
4.094263907548372937e-04
3.039756423041481848e-04
3.359225126670866259e-04
3.449861502601149314e-04
3.372087612255511547e-04
2.257577430131219628e-04
2.626641499702752573e-04
4.233160396193377827e-04
2.908251184451284151e-04
2.465186866395379121e-04
2.366190401758910757e-04
2.476172188492414068e-04
2.083076982549580275e-04
2.302920801970395983e-04
2.646608316390436041e-04
2.410935566397678117e-04
2.485271433992896901e-04
2.272669204080955533e-04
3.125363828423751832e-04
1.801384569703601138e-04
2.658113763810150253e-04
2.653587924838011732e-04
3.287078554774026441e-04
2.360792294488768507e-04
2.797074697632559882e-04
2.283125991146608144e-04
1.843312523073658172e-04
2.193205722816469918e-04
2.426024638219514333e-04
2.584271480985697957e-04
2.383889662457798345e-04
2.325822768403130471e-04
2.074375549775953867e-04
2.139179570761674419e-04
2.592171045345424349e-04
2.027365509146695881e-04
2.829829186942936351e-04
2.708812400491582284e-04
2.146838749763818122e-04
2.351485466541131358e-04
2.101310406228476264e-04
1.956663564386533797e-04
2.006624055705965811e-04
2.437767288192778424e-04
2.793002621145859623e-04
1.910415660435085903e-04
2.768134488810032709e-04
1.891752231799671325e-04
2.451745178210780300e-04
2.163591399074449566e-04
1.897780582592019176e-04
2.523674283129005865e-04
2.211072385857599360e-04
2.223440499072996718e-04
2.440883891939199827e-04
1.909933388116979145e-04
1.999479056196571617e-04
2.676909555029060249e-04
2.527021124929348288e-04
2.432445900028371586e-04
2.415528646880113993e-04
2.761729718942520736e-04
2.115892096407404055e-04
2.331877829686543097e-04
2.131980133194278097e-04
2.090479804130241954e-04
1.911135511503417263e-04
2.166965375779129031e-04
2.503063681865758984e-04
2.321147154103027561e-04
2.043314900956103681e-04
1.937069547868594435e-04
2.117203034626626446e-04
2.470177765463947702e-04
2.098078921024470415e-04
2.241690748793249098e-04
3.092721906246013119e-04
1.860154214430622928e-04
2.678259610342358793e-04
2.053046385014093897e-04
2.264001063161523344e-04
2.011821344689778085e-04
2.456346832710344782e-04
2.026406394408246424e-04
2.086550237944412441e-04
2.040438304823134503e-04
2.474963408069553463e-04
2.237982230467692741e-04
1.783497889616476233e-04
2.183635672882828734e-04
1.812154235202895365e-04
2.300403058002049145e-04
2.247017132684871903e-04
2.523755074355990688e-04
1.875091338607161957e-04
2.347532730424951690e-04
2.100696202842149531e-04
1.976924188543310922e-04
2.167229427196140450e-04
2.006251803408695819e-04
2.429725611424329661e-04
1.725529880001208140e-04
2.148969818715381057e-04
1.802847410450046672e-04
2.737682973154783065e-04
1.709156905797642166e-04
2.231850267576477860e-04
1.838477024853744262e-04
2.551241759997753739e-04
2.036275864165281910e-04
2.189764314070153750e-04
2.113483196580213084e-04
2.121797936870066634e-04
2.630181189440143684e-04
1.932430593334448748e-04
2.042014922754306161e-04
1.869838866229361701e-04
2.040267013946516156e-04
1.888771856433729083e-04
2.157846614230149972e-04
1.892005765413942340e-04
2.192301074895893593e-04
2.030680170137344031e-04
2.039645331780950727e-04
1.828743892928361646e-04
2.176393628848315805e-04
1.602739952935749892e-04
1.763477558910190592e-04
2.036847232432385021e-04
1.935096961281721351e-04
1.983399435398041895e-04
1.945603462467505168e-04
2.038233136399641011e-04
1.705446323996843083e-04
2.154316066096720035e-04
2.097564745788008881e-04
2.546171660761373853e-04
1.871723497652273498e-04
1.957681002806180108e-04
1.986723601937855489e-04
2.168164869519000190e-04
2.134915469153053408e-04
1.643344993182479651e-04
2.021213448778737211e-04
1.913732828920310070e-04
2.049860101589428521e-04
1.902641163047271268e-04
1.809680835399024731e-04
1.900601635982498354e-04
2.197678899937622254e-04
2.035238528996548963e-04
1.959012764345091065e-04
1.634382364883906272e-04
1.753370488074998358e-04
2.173282038295546652e-04
1.884293476803686207e-04
1.985878909752113760e-04
2.047173902950987423e-04
1.928296336754792696e-04
1.746094845618031933e-04
1.662029499877441829e-04
1.690580013661418797e-04
1.857073720596747249e-04
1.897653457553409129e-04
1.779773752613425151e-04
1.731242541479761064e-04
1.733800844120345422e-04
1.637696849750008702e-04
1.689930973973161640e-04
1.931758960479003134e-04
1.781897376160545101e-04
1.927286354197086597e-04
1.766984991826706032e-04
1.881399594047119888e-04
1.578115223269999003e-04
2.046509858277860633e-04
1.605420673131254872e-04
1.783428670454435610e-04
1.787797778365730146e-04
1.790546699066510093e-04
1.772276163829825124e-04
1.802279143648829974e-04
1.849375084631744862e-04
1.667896140193819211e-04
1.751902004583092754e-04
1.692379278536118743e-04
1.723581450665305980e-04
1.776879772161953552e-04
1.826829019099249283e-04
1.894842453386466597e-04
1.930083329214697359e-04
1.650908161958904760e-04
1.642855940428017555e-04
1.749791419466914543e-04
1.921025826596031673e-04
1.880248124316595321e-04
1.822476701099136223e-04
1.831423564778771539e-04
1.626070537947728323e-04
1.663681357468651005e-04
1.649900024324512987e-04
1.836155683754518838e-04
1.869535450264683037e-04
1.786806143730324729e-04
1.685523634014417867e-04
1.721802898582956178e-04
1.617629496566351771e-04
1.750836977463645424e-04
1.559065459334530476e-04
1.781633930184465175e-04
1.671505273649257601e-04
1.750528623950206608e-04
1.934816441385004727e-04
1.652863028328012103e-04
1.782723191181555017e-04
1.617368066043751952e-04
1.603188279513684407e-04
1.889136541082916455e-04
1.610876533022076852e-04
1.741635669858635524e-04
1.844972674663980885e-04
1.819651567943824332e-04
1.810976171798118594e-04
1.843472045444156005e-04
1.636065288305348694e-04
1.704329879509032259e-04
1.847977707168734591e-04
1.657191182064809162e-04
1.838136363517682190e-04
1.730732978316872517e-04
1.632046783250104918e-04
1.814648705731664220e-04
1.700535110833619715e-04
1.932539451772988422e-04
1.612917919195235939e-04
1.773223845735744499e-04
1.641844815417673701e-04
1.457885048301492490e-04
1.679230694455501386e-04
1.863127173548956739e-04
1.548457425166029707e-04
1.719679241629071731e-04
1.891739056029147876e-04
1.637546768023018424e-04
1.766070048074238393e-04
1.887584154795615601e-04
1.570829242563169189e-04
1.761766781953613085e-04
1.750943520286743732e-04
1.663458087105017030e-04
1.559224184754988982e-04
1.679104031418220458e-04
1.615640714732284318e-04
1.611968159926908224e-04
1.875581931856240960e-04
1.569530873857327778e-04
1.549533532426470390e-04
1.749889079558206888e-04
1.675584272524722768e-04
1.515277257518439177e-04
1.518315196200676264e-04
1.603033407281202651e-04
1.673940727057354652e-04
1.729235426611067626e-04
1.558239164812918738e-04
1.632074867992777656e-04
1.550252852753218526e-04
1.545897477878189780e-04
1.387267321772520275e-04
1.824002151420903563e-04
1.576451961893992389e-04
1.703639761364023487e-04
1.689064979723544041e-04
1.626679466453484198e-04
1.647772860301445139e-04
1.654319235102476944e-04
1.705892272376347853e-04
1.736947176865395726e-04
1.667126921404247933e-04
1.764137331831227683e-04
1.702540517298206765e-04
1.682561390589906779e-04
1.562529942845007418e-04
1.728047797642819061e-04
1.551640224415770056e-04
1.596009309793655964e-04
1.549946833034818985e-04
1.605707530998524881e-04
1.622632205301782944e-04
1.872300355702466532e-04
1.766162433646319314e-04
1.778204550017462428e-04
1.468667895929572607e-04
1.748458027108731915e-04
1.768648721746846259e-04
1.593409655549271392e-04
1.713345894631416652e-04
1.714704500283545981e-04
1.701139966584835829e-04
1.654645682889566778e-04
1.842730006256668520e-04
1.887587718202000887e-04
1.712403745219119307e-04
1.700998905051951087e-04
1.731178711404132535e-04
1.723621581734265736e-04
1.570192560390307657e-04
1.628651487833465304e-04
1.768957402733501263e-04
1.670421400901738135e-04
1.865935498456099139e-04
1.656995383437326840e-04
1.647252296902746186e-04
1.722387848725077659e-04
1.712001113032746353e-04
1.738016468402342734e-04
1.694709387679715234e-04
1.721579364514554003e-04
1.720064479113974179e-04
1.485676624104232009e-04
1.692332062956610253e-04
1.468350533690779823e-04
1.627427967670186631e-04
1.769609457041997243e-04
1.594273362911826351e-04
1.618387699802408940e-04
1.692434628326374422e-04
1.628660330981775823e-04
1.643859153334818269e-04
1.562561817602781773e-04
1.706951654003086342e-04
1.722506226187909553e-04
1.572846118687486682e-04
1.601707215425650420e-04
1.608568321000205799e-04
1.621627297271094239e-04
1.663617528538687256e-04
1.610832228622250013e-04
1.667090850985358493e-04
1.634836976685535642e-04
1.537464862521277975e-04
1.596786212951723308e-04
1.773022800217840579e-04
1.459573735437638990e-04
1.725222027359473191e-04
1.768408559888183409e-04
1.622699418322841878e-04
1.537569958856845834e-04
1.734959909689691741e-04
1.772846473726064954e-04
1.704638903520470374e-04
1.610079602215520498e-04
1.738937254310707608e-04
1.552956457022178053e-04
1.653991937557429154e-04
1.552933936059241993e-04
1.554849069360000999e-04
1.632555317060635177e-04
1.613039602846565179e-04
1.835821227923800560e-04
1.642274688111350930e-04
1.678952277965601973e-04
1.575881132643148206e-04
1.637776145723885996e-04
1.650394161839312474e-04
1.619483920115317988e-04
1.738936911617729121e-04
1.680486200813996261e-04
1.854659585425463895e-04
1.620303161115774714e-04
1.648218453866320083e-04
1.749421813013005849e-04
1.581015823569236259e-04
1.651575492137088584e-04
1.753065109735114598e-04
1.604448553986243670e-04
1.707518793195294811e-04
1.610256816543467891e-04
1.600549854377853235e-04
1.642283091081004037e-04
1.542666926340014128e-04
1.610552376602151657e-04
1.680501253428708130e-04
1.865330727096933935e-04
1.526403993183514179e-04
1.597018205382000973e-04
1.698424288200668219e-04
1.711838514013018541e-04
1.824196746944084318e-04
1.684919740181177038e-04
1.647532096847486357e-04
1.636710193581834849e-04
1.752273752993628163e-04
1.547412668724620509e-04
1.647627444207163327e-04
1.637572483645947030e-04
1.903038074481787779e-04
1.638177718269525772e-04
1.734236646381603138e-04
1.707497441926282176e-04
1.573063160392796679e-04
1.697956459333050359e-04
1.763285766380142305e-04
1.621086772246771890e-04
1.573366039038730886e-04
1.594610030262274994e-04
1.732477543168738185e-04
1.650659265138873868e-04
1.683038233170205348e-04
1.672734947182760116e-04
1.610629727058085427e-04
1.612106192268042285e-04
1.572362131269489473e-04
1.758309369818299086e-04
1.695381722426230256e-04
1.525710782929786812e-04
1.601141686370630189e-04
1.665872273076735206e-04
1.578534698632827026e-04
1.536092625603384875e-04
1.547703790363876280e-04
1.658168349950848205e-04
1.602343618743771818e-04
1.631424436230291986e-04
1.688358443222366570e-04
1.850260553590543633e-04
1.568104501336536698e-04
1.555900275408277924e-04
1.636227360426262484e-04
1.643870906466213093e-04
1.859234721428114758e-04
1.649068265835722149e-04
1.661546093525217104e-04
1.569438444608658089e-04
1.661599633972887628e-04
1.573626645482829954e-04
1.691753618484359318e-04
1.759708532285298322e-04
1.867004694101219225e-04
1.688590954008787292e-04
1.731008446350185896e-04
1.731075833186028739e-04
1.783822253555692079e-04
1.686199515682212523e-04
1.649650349580346397e-04
1.698719409049448458e-04
1.687036853612104931e-04
1.639660839041164107e-04
1.666215439997077643e-04
1.795627125242771284e-04
1.680938072733600215e-04
1.577116484740827761e-04
1.748346747764936194e-04
1.591071655037063002e-04
1.599164680210942292e-04
1.568078869388660657e-04
1.761658273889814025e-04
1.528024993166387949e-04
1.569665345618089089e-04
1.642721311642438291e-04
1.658647535986406264e-04
1.790467934032148514e-04
1.638411633885727915e-04
1.647256085288188938e-04
1.633599080020779238e-04
1.762515182585550392e-04
1.657822603571007124e-04
1.685907354099944948e-04
1.648950846923137082e-04
1.648637863949034977e-04
1.784882290843207433e-04
1.744945443317606553e-04
1.667746191365924579e-04
1.820417160719781352e-04
1.750204333850738554e-04
1.717639731261595302e-04
1.680578041001404971e-04
1.684606460990469273e-04
1.745535130342817855e-04
1.658816400237217578e-04
1.707948389960079404e-04
1.723267821585907874e-04
1.676654728552779382e-04
1.622217047223101748e-04
1.643313513794852508e-04
1.756806250647656789e-04
1.713355250080373683e-04
1.740076272416668122e-04
1.657835625356753170e-04
1.717006504188539476e-04
1.796659547265606351e-04
1.585201313936599160e-04
1.723763079785610474e-04
1.756028893579653007e-04
1.743513506740559807e-04
1.733345954296973597e-04
1.746722715918690139e-04
1.845930061952874872e-04
1.771889453508261559e-04
1.649437381886827570e-04
1.600480417981643862e-04
1.626430060370537723e-04
1.682754234280168354e-04
1.775120726162394416e-04
1.676788175839234306e-04
1.828524989537480051e-04
1.682336093795837946e-04
1.723189130891418660e-04
1.653780363196167896e-04
1.765861083908198178e-04
1.794714992607580374e-04
1.711815941965158430e-04
1.694069820133637576e-04
1.689723078736178564e-04
1.675791290330825884e-04
1.810864376382051693e-04
1.628786084399538913e-04
1.725378883937423650e-04
1.572334016491423888e-04
1.676615582320796407e-04
1.674245029782704718e-04
1.656513053781999444e-04
1.590778068365928256e-04
1.672563442232833264e-04
1.609975934349624561e-04
1.680209192345104849e-04
1.751056014494048181e-04
1.504069173797225169e-04
1.606304365145321607e-04
1.753575104106189437e-04
1.659195180627848589e-04
1.606326559133850645e-04
1.724019648080974060e-04
1.560583769704470614e-04
1.706472642154735638e-04
1.758784524210881136e-04
1.573273655590810729e-04
1.708588250971955057e-04
1.689414792838423850e-04
1.697596272199058270e-04
1.646071074218328405e-04
1.727899764454555401e-04
1.638954732743433558e-04
1.779683059504729380e-04
1.614133744856159191e-04
1.671761216727911457e-04
1.766786027667855048e-04
1.694503097273516209e-04
1.618513535053447809e-04
1.521258161809965921e-04
1.603238060080785067e-04
1.638225778635310243e-04
1.600432397103233536e-04
1.660932087778187064e-04
1.546966130768434263e-04
1.647311232378198976e-04
1.598747011713629225e-04
1.656420892787384522e-04
1.494090350463364168e-04
1.586250387666708291e-04
1.652109326211640783e-04
1.699566606484753217e-04
1.664586290748093858e-04
1.698585693497273836e-04
1.642332818170525615e-04
1.754229156539159455e-04
1.655744858519383089e-04
1.682141318151029671e-04
1.630197230076749486e-04
1.619695383245848945e-04
1.534253840454460275e-04
1.582165543665469754e-04
1.629689956371962664e-04
1.692485386846114470e-04
1.708938480273345306e-04
1.740345234960047316e-04
1.631683001456231928e-04
1.726681368581843524e-04
1.679490074411779915e-04
1.688553417320661561e-04
1.558181152272291301e-04
1.798560640500351804e-04
1.675156531537408346e-04
1.691842213684116504e-04
1.619779799839409179e-04
1.676610735857403855e-04
1.675254178187527332e-04
1.530167855368731386e-04
1.571736979194302637e-04
1.675284040683392393e-04
1.690441910145489349e-04
1.685217909542601584e-04
1.632567943727337404e-04
1.640051216585795585e-04
1.624952946811559368e-04
1.607162381503902070e-04
1.782201036639574480e-04
1.550873087991249571e-04
1.652019012591465156e-04
1.773897751459312664e-04
1.740650534624032272e-04
1.594605017135937333e-04
1.790681604920974499e-04
1.709757657255704026e-04
1.617143086606468772e-04
1.759694121730915781e-04
1.658926657742344388e-04
1.678629003227636207e-04
1.764854298120413609e-04
1.615461875621713214e-04
1.678786204283533540e-04
1.682154962411672324e-04
1.765666828473591316e-04
1.661923976962970746e-04
1.722535569307475918e-04
1.570221014334496543e-04
1.768423306276237206e-04
1.606947065801976615e-04
1.765216582435606642e-04
1.611086840987464852e-04
1.670925316761999251e-04
1.711091590767933142e-04
1.556169740554355077e-04
1.698666240245914026e-04
1.747565902259508286e-04
1.549867047873013787e-04
1.678794299706749869e-04
1.694436401763323521e-04
1.819567786167923420e-04
1.791050720393184807e-04
1.714682726256474589e-04
1.744695727065477531e-04
1.676274799598898924e-04
1.618771396312568560e-04
1.648836065118642778e-04
1.656578962566393964e-04
1.575621256160330717e-04
1.710548766454347033e-04
1.643848666111067454e-04
1.690881825609760660e-04
1.664386671357285857e-04
1.568909871846727901e-04
1.719944096995226464e-04
1.629085700391868802e-04
1.700318881131618277e-04
1.669076399743350478e-04
1.698506288961274305e-04
1.665773069543840580e-04
1.666271544768686092e-04
1.727735630209947966e-04
1.564872632036502483e-04
1.642732150460955861e-04
1.648085136197173256e-04
1.669886521818861813e-04
1.547606997900648868e-04
1.582425585950305896e-04
1.670180587283186550e-04
1.627951919838899967e-04
1.604148708739401542e-04
1.665036628713608031e-04
1.682518433166572144e-04
1.747485391375190676e-04
1.628290828817400952e-04
1.678027213072645315e-04
1.674298078195417543e-04
1.761554546754937577e-04
1.846944935423770555e-04
1.663813019454830531e-04
1.650711067328870471e-04
1.694786010144293926e-04
1.585701507631894977e-04
1.608103364345540441e-04
1.628746456174085737e-04
1.583930761251825460e-04
1.688713955120175493e-04
1.573652032734811860e-04
1.662674167021784856e-04
1.518128467472576264e-04
1.709200104285721463e-04
1.640604670512166286e-04
1.594650375871051054e-04
1.662519669872011049e-04
1.511377591994115892e-04
1.640172452090501933e-04
1.656112737575952845e-04
1.733156851661719845e-04
1.831603732076925888e-04
1.597295202369436950e-04
1.660541117039610016e-04
1.700941602447801203e-04
1.633795693279040031e-04
1.679921624539695748e-04
1.696528622888516581e-04
1.717432630038223597e-04
1.621670774325980745e-04
1.565761422069019749e-04
1.766093104382036969e-04
1.615736927644474306e-04
1.689015077846923335e-04
1.605579362743051841e-04
1.630429723320674974e-04
1.661913512782183411e-04
1.590349886539309482e-04
1.619998251070181561e-04
1.723623496334691907e-04
1.724695690700365819e-04
1.553695899666111368e-04
1.675669882983350572e-04
1.648274337478866332e-04
1.827530321705919181e-04
1.538040665349513290e-04
1.624449046973412442e-04
1.627228281311691809e-04
1.719685874560157352e-04
1.760159281316269614e-04
1.752280890861015431e-04
1.579672749171175681e-04
1.645335174216428767e-04
1.716413003733926817e-04
1.664437504857028851e-04
1.658229894837295567e-04
1.726194268674801334e-04
1.675611760776044728e-04
1.698062292451248568e-04
1.686482195874327390e-04
1.568169279249570307e-04
1.697216361550008120e-04
1.661650472107834519e-04
1.672164008088922399e-04
1.583782000329560539e-04
1.677374048685942407e-04
1.570137462847482008e-04
1.739562658458439410e-04
1.627201514721832805e-04
1.654998658710676309e-04
1.784532051256355466e-04
1.623620277354717849e-04
1.729031771703049513e-04
1.670984656329081448e-04
1.782351989713877366e-04
1.687183156900567439e-04
1.674957422056752370e-04
1.657584497297457478e-04
1.704561306402862771e-04
1.710004741771223541e-04
1.789431874315901435e-04
1.718032626558941536e-04
1.623589979574160383e-04
1.833441316846386962e-04
1.544100554311019901e-04
1.672099911969626468e-04
1.610398912969202760e-04
1.650413599540596899e-04
1.599750647118326795e-04
1.746143653626185696e-04
1.788383403898517060e-04
1.651079938060101180e-04
1.635886203521074583e-04
1.676529755229750761e-04
1.510035609303455521e-04
1.626404835839734850e-04
1.689702134814386662e-04
1.596956191004593288e-04
1.665610557781636294e-04
1.650810725174812511e-04
1.606699854568223213e-04
1.633086236251199441e-04
1.737654711332287170e-04
1.673054336205801417e-04
1.606175840570221714e-04
1.620868517422454789e-04
1.726492862868877034e-04
1.642027672420051014e-04
1.695332397661695426e-04
1.774116990511738121e-04
1.583573495518362899e-04
1.637587022917402107e-04
1.598634771181568293e-04
1.593469261719670702e-04
1.611823143383680546e-04
1.572815263162078206e-04
1.667234497907360384e-04
1.633513943311364308e-04
1.585684772140210567e-04
1.622711691732612205e-04
1.592969071530881222e-04
1.557265810624633017e-04
1.694237336380922325e-04
1.543028585710137779e-04
1.720032626927288702e-04
1.609736697889025011e-04
1.767522222536226963e-04
1.735886219915438468e-04
1.734582444749705463e-04
1.725052539640812264e-04
1.693202040402625895e-04
1.597535129103526180e-04
1.674516345745387152e-04
1.711935138162269914e-04
1.604610995207741975e-04
1.686740096862315581e-04
1.652316790956585900e-04
1.560244895546960664e-04
1.722968714933871179e-04
1.680454494261261376e-04
1.584174322582226218e-04
1.626047592757521925e-04
1.588387885458586956e-04
1.617073647388926280e-04
1.547468971047731025e-04
1.650924004907917454e-04
1.652599641491373026e-04
1.642810079591358542e-04
1.679180272311857857e-04
1.726602465214156030e-04
1.698303537591508438e-04
1.670322079863574484e-04
1.737756567544752754e-04
1.632540934809309150e-04
1.603183743243432832e-04
1.615932508276908617e-04
1.587705092632799291e-04
1.602615811851498134e-04
1.636598881497248526e-04
1.576369008237736276e-04
1.661476563528131441e-04
1.594767516668993803e-04
1.604898706713297801e-04
1.543861877963993712e-04
1.603959362016252278e-04
1.693290900311437454e-04
1.687751671315042160e-04
1.655137890707036874e-04
1.627916354717870288e-04
1.745379395588044554e-04
1.608653664293096099e-04
1.600835971941929334e-04
1.591779234707153541e-04
1.624446144105293492e-04
1.613226143202829417e-04
1.579581870161141642e-04
1.618213010203731054e-04
1.722386495508284210e-04
1.673059669010120267e-04
1.700755537224353086e-04
1.714682029799545189e-04
1.667660754368645412e-04
1.616404329769083456e-04
1.562476223713593745e-04
1.604366426992802363e-04
1.617107298004824111e-04
1.616076559576265135e-04
1.729530975458995761e-04
1.644753762021415686e-04
1.507358379631661539e-04
1.681338906290871338e-04
1.627351644814262882e-04
1.641971623178831608e-04
1.674641342738002843e-04
1.606849168894413195e-04
1.615844360380054156e-04
1.690534343195009459e-04
1.617758118367005281e-04
1.563084766934390573e-04
1.692239576561281470e-04
1.607195898708526065e-04
1.684372678271708825e-04
1.585953922300467904e-04
1.703930256667908157e-04
1.699704813896800990e-04
1.611221568236474993e-04
1.601160681273615773e-04
1.552948094068926598e-04
1.646906103884538352e-04
1.732575742320045147e-04
1.646288852166909612e-04
1.668833875010277063e-04
1.686679983430211299e-04
1.630019525643566509e-04
1.622124291612957051e-04
1.663549762066634250e-04
1.637069897170727361e-04
1.548216586722392016e-04
1.567660310459764955e-04
1.665203230527735221e-04
1.557295405158681605e-04
1.576525568011626457e-04
1.680908274862343173e-04
1.582846692429591099e-04
1.692431408934229786e-04
1.618160406329584614e-04
1.576698783627345814e-04
1.616407726436048077e-04
1.706192404923394766e-04
1.636803944286157502e-04
1.603265952771932841e-04
1.712686223019658995e-04
1.588344860626696642e-04
1.657725083084392694e-04
1.643022972715418146e-04
1.680436406165628524e-04
1.617935346576959926e-04
1.654017171069646543e-04
1.622096248159339820e-04
1.591298628785578994e-04
1.625189965615568869e-04
1.609441055529906603e-04
1.640069577102411507e-04
1.691360104684462747e-04
1.595600663186964353e-04
1.688668804763280424e-04
1.548499214872163467e-04
1.609451181157656066e-04
1.686106080062208098e-04
1.610515681656491315e-04
1.699438450957200294e-04
1.660065059673522265e-04
1.693535798200058811e-04
1.606746774090287463e-04
1.566084179855771962e-04
1.738523225858054546e-04
1.659525843160999264e-04
1.602212094317355677e-04
1.660520681939982475e-04
1.620059050242325628e-04
1.656084955802597492e-04
1.604604500801411714e-04
1.645266488141295281e-04
1.590174790035798688e-04
1.713230560815641695e-04
1.613639937892194075e-04
1.751648600005219192e-04
1.616704079757032037e-04
1.625103073443303660e-04
1.599906506396069615e-04
1.674252612283201613e-04
1.569893619068251300e-04
1.662103852991133029e-04
1.653508429254853056e-04
1.598256689049992838e-04
1.625298329054922046e-04
1.650874574693131499e-04
1.706658276271670149e-04
1.713008018132235806e-04
1.649099077874708209e-04
1.633541881404245940e-04
1.643136564057571386e-04
1.648011632067679616e-04
1.632195794057511714e-04
1.651082041538434535e-04
1.631114084927738584e-04
1.624288306392124390e-04
1.672843119358925551e-04
1.692534961823666923e-04
1.653360703103885917e-04
1.623491889992970344e-04
1.658567276365550188e-04
1.530603321308751587e-04
1.751213288357376442e-04
1.683563756252989168e-04
1.685523033752768670e-04
1.611969717993321199e-04
1.754923730615657901e-04
1.773260442612528687e-04
1.556547193957175546e-04
1.603894729704817210e-04
1.613476621176433993e-04
1.641924789314547597e-04
1.589812236037503037e-04
1.628104858167232706e-04
1.621022377404818021e-04
1.568000248463854909e-04
1.590800298467095239e-04
1.719097424734135988e-04
1.716462090061551728e-04
1.711779474703616392e-04
1.677414174222502537e-04
1.615771608658358852e-04
1.622077752826819256e-04
1.562663382418555424e-04
1.702745043715837132e-04
1.666637502662081285e-04
1.673574210961910151e-04
1.664401459385862606e-04
1.750994616899900704e-04
1.607888877476132742e-04
1.681648551526916853e-04
1.759936399623280516e-04
1.711248109804107387e-04
1.620286372243545149e-04
1.664489340883988362e-04
1.668389210352092997e-04
1.675860098773845051e-04
1.677614516725315654e-04
1.626378387269684738e-04
1.697840584083318814e-04
1.670739109366969823e-04
1.644769428147117071e-04
1.619135338848085070e-04
1.608702265194055783e-04
1.576269975655201095e-04
1.667495434432099736e-04
1.586284263136738290e-04
1.654636859097298365e-04
1.699975045155116896e-04
1.662941322909597527e-04
1.685370381284948438e-04
1.642704284244498583e-04
1.532388377500341512e-04
1.737856263453158945e-04
1.553244025331480143e-04
1.619712464267886545e-04
1.644221562031436600e-04
1.617159926571732221e-04
1.728057837145250493e-04
1.600600514663312601e-04
1.631324227401161292e-04
1.740225335095615022e-04
1.624490364012308550e-04
1.609770750568567806e-04
1.739164358831502997e-04
1.682914804808047931e-04
1.723539494613592060e-04
1.644842976365164591e-04
1.658744460540594295e-04
1.643047388054960471e-04
1.700288851396120700e-04
1.632749263324667968e-04
1.699069954280867155e-04
1.640744540723547504e-04
1.642068131080482243e-04
1.675417377620601030e-04
1.728534043572054000e-04
1.632824720807149867e-04
1.687166716590221170e-04
1.694457701402205863e-04
1.627517744140964488e-04
1.631821330654362168e-04
1.631540860023822077e-04
1.558523998046655004e-04
1.589735976196832840e-04
1.609412524358128701e-04
1.641748698312930975e-04
1.630295166346660380e-04
1.619554630891477073e-04
1.625267860532654692e-04
1.614459287386776486e-04
1.621527758562434974e-04
1.626809489888212355e-04
1.666582992395491578e-04
1.643704725650806271e-04
1.677951963026140720e-04
1.679032750498998295e-04
1.655751237995962792e-04
1.683286563510665197e-04
1.639744589524289844e-04
1.740095379261009142e-04
1.615263674008242530e-04
1.700832341179484345e-04
1.623532815382810871e-04
1.653401581028210768e-04
1.602326213331322496e-04
1.703447059806545861e-04
1.648768934838394304e-04
1.598117110184399988e-04
1.641067230803932675e-04
1.636156773271224877e-04
1.652902506940962175e-04
1.655452934546185846e-04
1.638344312985277797e-04
1.671966327841473902e-04
1.580028249075040626e-04
1.713387826734609726e-04
1.795883153019782138e-04
1.728273607199750392e-04
1.647021122311340504e-04
1.723242784687691064e-04
1.640605331447578588e-04
1.623623023654737385e-04
1.657353988152219745e-04
1.742650863134776048e-04
1.690375064635718202e-04
1.611883511463745261e-04
1.689588124976249028e-04
1.753062739638175252e-04
1.650719430872693084e-04
1.725695030845029781e-04
1.633470229299962466e-04
1.762999687721430054e-04
1.594183883778463328e-04
1.636680233578859708e-04
1.675136055535435817e-04
1.609597474140647905e-04
1.654646281622655711e-04
1.609629589462457694e-04
1.756297234900695121e-04
1.734743851567579001e-04
1.787498645206520259e-04
1.661185860164477270e-04
1.580080852061909076e-04
1.694020941661984411e-04
1.582512670763585195e-04
1.717160923874174665e-04
1.735438478350320138e-04
1.623800096180661910e-04
1.676110794608381559e-04
1.631621167454573845e-04
1.649291934922862593e-04
1.746316022311579703e-04
1.574858488513801783e-04
1.819643331426475097e-04
1.682584136891781157e-04
1.623491116070270059e-04
1.672730988066826259e-04
1.620783703902493303e-04
1.641586763002229324e-04
1.668488395304853990e-04
1.751018175360261975e-04
1.623669941084642996e-04
1.576070904507739703e-04
1.660423312372602566e-04
1.631619503014016350e-04
1.701255124682979965e-04
1.643805093655941591e-04
1.579808886257528719e-04
1.666821388900569813e-04
1.650739465675197973e-04
1.618262177660299318e-04
1.693813648764191417e-04
1.711329331057140346e-04
1.696244885995526637e-04
1.642333654705022616e-04
1.633643200930081599e-04
1.742928027702058237e-04
1.609441780177020022e-04
1.665343482080965814e-04
1.639010229766101046e-04
1.777947311654495821e-04
1.661801651231771060e-04
1.661553530173683188e-04
1.778605442371419603e-04
1.627011278661811709e-04
1.626415794690131821e-04
1.632993340925269145e-04
1.674065880181213259e-04
1.670419510138693414e-04
1.663102219410425011e-04
1.668659000214112761e-04
1.655609321363324025e-04
1.635484174153952852e-04
1.682743017955244116e-04
1.649282728811458790e-04
1.684964361630673273e-04
1.686454489043185117e-04
1.661464713080754033e-04
1.716406672923391724e-04
1.714758063163055336e-04
1.637942799820601980e-04
1.650352786618032488e-04
1.721850468468657071e-04
1.610472836366254085e-04
1.681376930884203756e-04
1.701177727816693963e-04
1.597614897184071469e-04
1.630608667294257256e-04
1.634688933355886908e-04
1.605961130588269407e-04
1.632794103054915750e-04
1.650347007241556672e-04
1.649394892624326116e-04
1.668673946881848178e-04
1.703088087067295493e-04
1.680215729707310512e-04
1.755021798055237563e-04
1.719168246788003855e-04
1.663067313929991330e-04
1.654140240554139232e-04
1.668964624777095668e-04
1.707422313579625588e-04
1.612123952144109895e-04
1.710985919366984497e-04
1.707382977365030723e-04
1.657707416387416914e-04
1.676386038543697834e-04
1.660154505642869862e-04
1.680654138086218742e-04
1.644776086500388478e-04
1.603055664809185878e-04
1.647941611095843947e-04
1.677072173011997787e-04
1.769703410636037997e-04
1.715468801917497950e-04
1.726828086704850244e-04
1.722812618923296672e-04
1.716484089469715220e-04
1.591825365580114629e-04
1.738475021890274275e-04
1.643659455401853494e-04
1.718885254861505835e-04
1.618963398605809448e-04
1.605188204184361598e-04
1.657221486644813160e-04
1.667151749076737179e-04
1.605701542343541185e-04
1.685292346843508631e-04
1.646662317212268677e-04
1.611164112037236529e-04
1.740464698156785419e-04
1.641016114580177564e-04
1.698040753812065013e-04
1.595847266330732868e-04
1.698643470242632871e-04
1.723343071296372137e-04
1.619432344524230293e-04
1.682342522405852600e-04
1.620372341580335329e-04
1.637575078638217141e-04
1.718279675256024618e-04
1.666037978773567715e-04
1.656050832132035101e-04
1.674492266774814614e-04
1.689428723347678935e-04
1.685784089212568389e-04
1.717049551847296598e-04
1.584981003782503345e-04
1.626265609593210114e-04
1.647155489472477768e-04
1.601132144737577403e-04
1.613364996085246510e-04
1.741962755606552644e-04
1.657082172062616910e-04
1.687737729167061338e-04
1.641346113783399060e-04
1.672724990281692855e-04
1.644739794227851660e-04
1.625981397826921663e-04
1.682727227693333878e-04
1.610091746099975656e-04
1.594833333046609750e-04
1.697428573259218590e-04
1.677104362151098831e-04
1.771510108828401597e-04
1.745879169888275633e-04
1.733331979765070029e-04
1.716729253509856616e-04
1.631753576400479431e-04
1.787026800783970374e-04
1.724795404526257539e-04
1.670178217352573846e-04
1.680912671062736639e-04
1.742455526699914327e-04
1.706628033253565393e-04
1.694909663356409873e-04
1.698152709870611864e-04
1.701687095874732808e-04
1.620301373246503952e-04
1.675657088757962507e-04
1.703954427361034456e-04
1.716243545219232609e-04
1.644832362511100283e-04
1.760326212375239456e-04
1.615531674692316955e-04
1.637770070560320697e-04
1.671086121745858578e-04
1.705715001811300522e-04
1.654519691709265895e-04
1.687818401856662205e-04
1.705692272780412217e-04
1.728978390528200428e-04
1.629221878310171208e-04
1.692178460230926902e-04
1.696997755674806152e-04
1.684025602920232042e-04
1.692140050393675741e-04
1.652548150334407352e-04
1.766020674867378379e-04
1.609796673764166131e-04
1.691610114215010897e-04
1.655945362497529636e-04
1.775381477761916538e-04
1.641793302323844893e-04
1.692992131164031393e-04
1.648911298367863594e-04
1.644171642154069600e-04
1.660101718769825812e-04
1.677884714304746141e-04
1.644491019196576878e-04
1.756317883163768161e-04
1.735686096716873778e-04
1.703377917138337665e-04
1.703538324431479287e-04
1.727165489717476764e-04
1.697571078998305171e-04
1.674748532043819583e-04
1.725715640205584733e-04
1.694001588112112767e-04
1.709520800097012966e-04
1.685481517039600220e-04
1.716005183703085072e-04
1.732188574636711327e-04
1.669361283594134732e-04
1.695839332761231910e-04
1.610949849047523181e-04
1.731326614149925134e-04
1.686039144848592555e-04
1.738535332015718612e-04
1.658082248807777725e-04
1.666807628202700276e-04
1.681236733065685697e-04
1.675373120255306222e-04
1.771116728894118119e-04
1.654709043427806195e-04
1.655216626466456879e-04
1.679767779702237974e-04
1.632198683181561034e-04
1.754863600498338127e-04
1.693253747825384007e-04
1.710463445129404485e-04
1.728561316436711835e-04
1.644424563291859136e-04
1.742011314084883063e-04
1.711303929880897932e-04
1.821010793641225569e-04
1.555714588025177791e-04
1.677953946621410367e-04
1.665194383556313441e-04
1.739989081731769572e-04
1.698956642668089970e-04
1.693235445006854574e-04
1.697915476424343047e-04
1.625894391947235425e-04
1.689735093610884875e-04
1.721538608630886625e-04
1.702222072140672322e-04
1.738002809081916962e-04
1.720651768097954560e-04
1.657760052547750424e-04
1.710931967220309007e-04
1.671539539814704970e-04
1.720194776432655234e-04
1.747953134129183624e-04
1.703370531701806935e-04
1.674110289508835337e-04
1.706968781031314877e-04
1.664823924440725421e-04
1.667103971788289236e-04
1.704173308048356099e-04
1.668863838527334675e-04
1.749001460319173486e-04
1.774060738899761844e-04
1.666797288992567967e-04
1.713652538852957180e-04
1.663675286517311705e-04
1.713301914159018747e-04
1.664892582647290180e-04
1.752410617724976512e-04
1.669218642952924499e-04
1.654657940820702293e-04
1.696638885574551720e-04
1.682624342407284136e-04
1.683218077297187528e-04
1.730505434081691077e-04
1.677214693148237001e-04
1.735396755874400829e-04
1.580427804717281822e-04
1.610173333493988455e-04
1.698045853914294386e-04
1.698513046254725763e-04
1.659904077850353683e-04
1.728420842255391505e-04
1.695239386082390744e-04
1.677923588666410432e-04
1.648033981701182559e-04
1.699044607817621841e-04
1.728937345105587388e-04
1.640078804451307055e-04
1.778415028346920772e-04
1.689747797876776925e-04
1.648861063159375191e-04
1.738937877987105948e-04
1.713048302255581676e-04
1.711639756173193277e-04
1.644853890060362809e-04
1.774343459515703649e-04
1.707174263429297361e-04
1.641256160828761938e-04
1.643156257393425042e-04
1.672742769970520568e-04
1.727882952924091769e-04
1.652773755982088629e-04
1.698466814176412796e-04
1.731107107157541262e-04
1.660644185294078549e-04
1.729414401538571246e-04
1.686688218241230686e-04
1.746806807883100857e-04
1.664488027757296291e-04
1.646923080600481753e-04
1.726659392068728249e-04
1.716905006096278120e-04
1.784746940345946866e-04
1.662322635332994479e-04
1.688136758305602142e-04
1.650710211125078252e-04
1.765529604146672958e-04
1.706210587617537416e-04
1.815668566291767756e-04
1.700258160493771332e-04
1.706532008123842119e-04
1.718134136762178635e-04
1.711034924121957129e-04
1.701669894712844178e-04
1.658201613286391224e-04
1.602383932691544307e-04
1.715277092995780967e-04
1.759414606594534420e-04
1.685939377869497154e-04
1.705622966730602479e-04
1.725531209198719203e-04
1.662612775785105371e-04
1.706032669904561849e-04
1.772558404415737802e-04
1.723616618786040608e-04
1.639088814103575322e-04
1.732083083596466810e-04
1.734398154678530514e-04
1.637972480772957433e-04
1.837544546505546475e-04
1.738273474965422710e-04
1.708759838128562066e-04
1.702741984989611271e-04
1.751367131077231248e-04
1.726812472251329392e-04
1.569783400861659076e-04
1.624827062668064389e-04
1.631112640731114045e-04
1.713428042824717047e-04
1.625954001441235624e-04
1.641598274895938396e-04
1.684145676041299341e-04
1.658376228630200635e-04
1.716486398786241474e-04
1.667767462279414088e-04
1.608722163042790949e-04
1.695225265341793425e-04
1.701075220748412469e-04
1.689704409205194187e-04
1.707791328154344038e-04
1.698123026978685403e-04
1.780575718676810778e-04
1.755879761360189641e-04
1.745544697877974725e-04
1.724918339309027525e-04
1.722800710728287718e-04
1.702568607434661171e-04
1.689810777655234456e-04
1.690520671620129238e-04
1.665547350545546227e-04
1.655194688143647827e-04
1.630328957304879580e-04
1.615790982339485016e-04
1.640133097737260016e-04
1.707449123898162498e-04
1.607028732477188532e-04
1.701232374643227795e-04
1.703988223776689104e-04
1.667124458491884187e-04
1.685262021370141910e-04
1.646701298711772692e-04
1.705886915440324339e-04
1.659253210113844474e-04
1.658628019620921848e-04
1.725306104676506088e-04
1.680475451518487922e-04
1.758723960658146795e-04
1.712807049580473951e-04
1.755909078281624614e-04
1.648056348682567260e-04
1.725750882212365839e-04
1.739407795495420564e-04
1.663658995921286237e-04
1.660913112762885373e-04
1.695349878592515059e-04
1.732564626684996183e-04
1.714686941080687161e-04
1.822696562264648637e-04
1.683664857542913442e-04
1.697829204915853746e-04
1.682896517405518680e-04
1.767474740044778332e-04
1.742404370216138422e-04
1.724483453856018051e-04
1.712161088426125710e-04
1.697640677313158185e-04
1.726725614845736688e-04
1.709488848410154035e-04
1.727920486637371381e-04
1.634702316401029647e-04
1.795263872513557131e-04
1.626705975537832960e-04
1.705851246005308283e-04
1.644988382669395960e-04
1.757188903654570628e-04
1.733792328044334811e-04
1.738544159974414970e-04
1.706564910649596516e-04
1.731515403725400861e-04
1.722080569034783776e-04
1.682699071878715881e-04
1.669518134821165560e-04
1.745097771520573264e-04
1.642096893883357369e-04
1.642721523191688631e-04
1.698622406406950140e-04
1.633272407363224273e-04
1.665571946661440286e-04
1.766709607242750646e-04
1.762619784323966388e-04
1.752467154747245465e-04
1.700599821824169331e-04
1.710263102048670953e-04
1.724543983840208397e-04
1.725505564713128426e-04
1.739236913887161437e-04
1.779212782170943479e-04
1.775956427580086385e-04
1.689642929952388738e-04
1.705742968122352142e-04
1.605155079027866048e-04
1.685549293269839239e-04
1.732262091223615559e-04
1.781839592084316214e-04
1.650902616830439743e-04
1.711188933448238940e-04
1.676068724741795941e-04
1.712802992898693362e-04
1.708066244173218212e-04
1.717345807383824786e-04
1.678172085719965704e-04
1.656396017556020848e-04
1.741857711827327581e-04
1.696969760330029509e-04
1.695758465075966734e-04
1.656395545391816412e-04
1.723942953659234815e-04
1.759871287941241905e-04
1.679216643777770436e-04
1.689353515126456185e-04
1.715041880476655500e-04
1.735390803351081470e-04
1.730663996614152493e-04
1.679326029130078261e-04
1.674323043047800427e-04
1.676813766054583354e-04
1.747039975893484602e-04
1.728588320994836809e-04
1.643356438549897953e-04
1.699176226942683608e-04
1.686554529704132439e-04
1.690143067627288714e-04
1.707728230769132093e-04
1.688944209409221195e-04
1.638435735520007302e-04
1.702452715751291592e-04
1.705197586943343793e-04
1.725846542313266244e-04
1.698205556561608915e-04
1.763676397785844403e-04
1.648418348094698592e-04
1.751105736029394204e-04
1.721443588250638160e-04
1.760309878942514902e-04
1.775479199275238997e-04
1.681821119447001020e-04
1.721111941590661501e-04
1.716578742004844086e-04
1.728268477779285625e-04
1.757741007283179541e-04
1.647009532885118416e-04
1.710668397576382827e-04
1.677931780237306965e-04
1.704467593431547212e-04
1.833121559836536560e-04
1.642415233169822522e-04
1.782852688229243478e-04
1.649295560043569141e-04
1.675714202628305163e-04
1.743396357277754070e-04
1.686491906730780931e-04
1.767029752099734743e-04
1.752866450994932756e-04
1.724914280861394118e-04
1.684859741610202533e-04
1.788119290424698736e-04
1.716364989898185348e-04
1.765669405626561512e-04
1.686296269226508380e-04
1.753550387078692166e-04
1.645801550931745496e-04
1.711624325700990018e-04
1.687077453485806892e-04
1.649284442611448299e-04
1.695718607380175156e-04
1.727917327439210875e-04
1.746583406031364954e-04
1.725151253524966771e-04
1.691473461852092681e-04
1.746903863358978122e-04
1.707744003141731693e-04
1.688701509590884923e-04
1.702703324915914504e-04
1.651762818490770961e-04
1.710364218351635680e-04
1.750428482810176495e-04
1.721635891629612542e-04
1.704474272296508568e-04
1.743735372979014482e-04
1.786137405629144781e-04
1.640701855757883444e-04
1.724932773536894570e-04
1.743161500084052364e-04
1.664643576063643991e-04
1.677493960535927496e-04
1.737494816325631567e-04
1.750376643223368713e-04
1.689903883350588726e-04
1.770873163178135565e-04
1.772685967462142489e-04
1.803361591872201439e-04
1.729505743254356549e-04
1.721973126744085186e-04
1.678197900666955384e-04
1.644105238651968881e-04
1.689829288828250710e-04
1.710323206275931858e-04
1.719386266570598542e-04
1.744446089081333050e-04
1.751054359532063398e-04
1.706356839893124089e-04
1.662394235982940472e-04
1.682448946075018581e-04
1.662541849445221104e-04
1.728245523530855764e-04
1.826905176391680212e-04
1.742883744711552654e-04
1.812432812647851840e-04
1.710470770039700041e-04
1.726369013728472302e-04
1.783376965953892106e-04
1.696984462987051869e-04
1.717034945798193114e-04
1.744477017565718440e-04
1.711383793595995203e-04
1.697591242191128999e-04
1.721890037504934063e-04
1.780196500987903292e-04
1.689416666662056459e-04
1.656859198596613656e-04
1.762140348806638180e-04
1.730336935113461507e-04
1.727429733374617976e-04
1.782831262916474149e-04
1.732616544713323737e-04
1.739869091879810300e-04
1.712573248675990393e-04
1.656072984007274829e-04
1.668814617751441002e-04
1.713423814286608462e-04
1.723705312094461458e-04
1.718295817153147774e-04
1.709773571714171979e-04
1.742642731112907821e-04
1.776599427731995564e-04
1.744545265880375186e-04
1.768009302760249562e-04
1.755205742392166972e-04
1.724170158250587243e-04
1.724246392530707128e-04
1.760710084518832925e-04
1.676089164403861149e-04
1.718507276162279870e-04
1.712741337619023388e-04
1.781631382041799609e-04
1.725314200723504043e-04
1.664978280276386310e-04
1.746143939740376575e-04
1.673521674780237246e-04
1.740348245146152958e-04
1.687407916384537786e-04
1.773606064703772505e-04
1.850890752817516876e-04
1.835458543183353050e-04
1.828635704447075438e-04
1.664431094000695481e-04
1.733426446977786640e-04
1.688333734565038277e-04
1.734451690885113577e-04
1.681213378457740060e-04
1.790257335752156289e-04
1.663221654132548142e-04
1.753258816722634561e-04
1.744062829126323913e-04
1.746376855484959841e-04
1.767145912759684426e-04
1.776859321982462655e-04
1.747497106698420156e-04
1.695010412158076381e-04
1.728294053302276828e-04
1.757905596965814762e-04
1.693638610048394581e-04
1.748029602885891232e-04
1.747650791798629544e-04
1.720917010425542513e-04
1.601981880587190557e-04
1.753044696541128692e-04
1.721504929036251524e-04
1.751068513122162917e-04
1.771861913074433508e-04
1.742269155730950499e-04
1.766454677121011047e-04
1.704113205575867466e-04
1.763152994293258114e-04
1.638195105818492591e-04
1.765794917038948089e-04
1.790624716379813968e-04
1.651794254274929557e-04
1.707703972567510878e-04
1.720869627029594567e-04
1.740569769432340349e-04
1.784314026525874060e-04
1.764483797121931951e-04
1.769067387655180561e-04
1.715552822924870679e-04
1.706447385882996659e-04
1.698508074790285017e-04
1.782489482353683094e-04
1.711513035751073010e-04
1.677852120756909864e-04
1.671027897700722302e-04
1.722825296077172205e-04
1.745536848902439723e-04
1.687509678571510411e-04
1.744932603198326502e-04
1.759976408765410202e-04
1.673055230373166351e-04
1.795221206034221533e-04
1.731335374692453358e-04
1.772793395725276162e-04
1.679642715163594106e-04
1.748569945250314547e-04
1.792374965795818760e-04
1.740623562076769630e-04
1.716943221677723450e-04
1.731529975004925635e-04
1.636096585045288714e-04
1.799274681029931625e-04
1.719870150935036955e-04
1.731670359476859670e-04
1.713696974429549703e-04
1.641230545702542811e-04
1.740757844734762395e-04
1.730620912856389913e-04
1.761522331382097772e-04
1.766240011862270961e-04
1.759645437116784340e-04
1.715991156012747632e-04
1.727349351163050175e-04
1.707323699958392148e-04
1.777583043022732138e-04
1.814119597446811367e-04
1.738963715779779848e-04
1.742486758673688285e-04
1.740703698664199540e-04
1.766725039721039360e-04
1.783523427193449851e-04
1.792917767946773167e-04
1.733894411692040902e-04
1.699469915820656725e-04
1.755558735179401730e-04
1.778924892318898057e-04
1.750946208512925645e-04
1.726623490226764231e-04
1.756654391099799644e-04
1.722832778843453802e-04
1.756895537524504470e-04
1.775985181901784595e-04
1.707259353487591282e-04
1.720811461696172438e-04
1.709036408648785532e-04
1.704055057321284493e-04
1.760873340133458276e-04
1.802045147618811221e-04
1.776721770276942910e-04
1.751289255778586682e-04
1.827163985870698475e-04
1.735245061755964877e-04
1.841194581795526513e-04
1.797181336298670352e-04
1.772123901415087498e-04
1.728984889359135089e-04
1.752286264548672391e-04
1.737657165497485056e-04
1.792189768897343386e-04
1.729213880996614643e-04
1.848254869924568112e-04
1.701280210810078651e-04
1.709329674546148151e-04
1.727209911193014165e-04
1.748640840861738672e-04
1.721957709533175303e-04
1.729740566289944363e-04
1.731465116428557128e-04
1.742020857192238842e-04
1.698438931251579028e-04
1.811341892250488829e-04
1.759643990885523506e-04
1.722589243723666856e-04
1.757607122149030859e-04
1.774176865899102775e-04
1.760471688975004270e-04
1.771920358467390770e-04
1.781501186144043977e-04
1.787140904915071203e-04
1.664686726542449866e-04
1.624402975337940400e-04
1.719492729680944067e-04
1.778379377034947930e-04
1.747287648582694912e-04
1.705141126310823045e-04
1.686808483327106834e-04
1.702947057184345974e-04
1.768713735892334094e-04
1.780827828638247988e-04
1.790377647174256682e-04
1.761988209698487934e-04
1.758185812808396001e-04
1.776729655032118339e-04
1.759862337265842482e-04
1.767330542568002687e-04
1.759368499330056393e-04
1.727845484085975504e-04
1.698588727903796002e-04
1.747163033889310014e-04
1.802440964294311761e-04
1.789660006066279957e-04
1.725374264091927368e-04
1.794563657488346586e-04
1.766870682080986989e-04
1.754375049749265329e-04
1.771628907731819370e-04
1.771620009394657858e-04
1.748112131324652395e-04
1.794458676960791050e-04
1.704025135941500911e-04
1.763497606915552529e-04
1.728473649709625032e-04
1.728673042159022219e-04
1.705907937883478017e-04
1.732377601110737689e-04
1.778682828334296625e-04
1.680954359799392665e-04
1.737270487576047639e-04
1.768928134327861349e-04
1.743996147655293310e-04
1.769461783836015739e-04
1.833150722082462479e-04
1.761476417376976289e-04
1.776283974544654585e-04
1.752209813614538712e-04
1.807209180101846790e-04
1.706141733991811389e-04
1.728402722608021248e-04
1.838770720579594679e-04
1.767633439952803146e-04
1.797827578219078138e-04
1.783217792519121319e-04
1.774028258891472798e-04
1.702465237536601619e-04
1.789151404306586150e-04
1.741353388392496667e-04
1.728917578379897586e-04
1.707253513913817744e-04
1.768333634540352796e-04
1.776096373212636480e-04
1.722559359262401917e-04
1.721138622678909831e-04
1.758951867810031760e-04
1.771710249419092709e-04
1.731309281692965660e-04
1.673246407802667101e-04
1.746740173422178734e-04
1.736609998191306048e-04
1.724809711294971869e-04
1.704427287769809884e-04
1.793074949985844896e-04
1.725978585118072999e-04
1.784112610052928554e-04
1.749389776653519394e-04
1.672770990748753022e-04
1.749015345736869504e-04
1.684047428637755212e-04
1.801937149915821493e-04
1.779662469430677975e-04
1.746807020969888655e-04
1.768136055161175825e-04
1.752234054293399883e-04
1.798148593463500574e-04
1.698161070142849272e-04
1.776735017430092461e-04
1.706232237894899327e-04
1.794089849067319505e-04
1.780360742708051510e-04
1.760323882703442727e-04
1.769162144849621514e-04
1.835885267805161447e-04
1.819606172099837778e-04
1.789321416380028405e-04
1.739384291751366191e-04
1.814596559519204106e-04
1.702212344227365889e-04
1.736180814724229415e-04
1.730076493376920741e-04
1.767580661576569664e-04
1.767289656586065369e-04
1.719016503036574332e-04
1.782059494986478843e-04
1.800840186160373470e-04
1.836911630827316590e-04
1.746342746795912014e-04
1.774541199486001912e-04
1.814986605652122733e-04
1.750178883392771606e-04
1.799436620786705151e-04
1.745914727251186350e-04
1.713893315096076155e-04
1.722762791847295494e-04
1.768718327480580321e-04
1.786975071725853284e-04
1.815889704872149203e-04
1.812108281707888453e-04
1.801276065101743370e-04
1.799916402531321464e-04
1.804591867503617039e-04
1.800386301665606568e-04
1.782126436052778175e-04
1.853309426876802114e-04
1.781206822932423128e-04
1.784964589200250488e-04
1.809584981459215914e-04
1.854769061213489445e-04
1.713758094308740572e-04
1.725164238416480303e-04
1.722089068423128598e-04
1.739436048303267981e-04
1.840593711987661225e-04
1.734527365620319261e-04
1.786199262804002064e-04
1.752657025009045583e-04
1.701186949793136811e-04
1.809427608483227300e-04
1.793016864461654636e-04
1.790033904735753014e-04
1.766280387385184595e-04
1.782522919103408162e-04
1.840966346872967177e-04
1.828914333352248209e-04
1.769356891063340875e-04
1.692436084446708594e-04
1.862788565179455795e-04
1.790371324202878701e-04
1.863920956511714861e-04
1.783487346503656546e-04
1.813739094876484954e-04
1.795466784944391180e-04
1.743403510264391319e-04
1.737226777243585003e-04
1.767912265838869428e-04
1.696205711074442329e-04
1.777934447925431124e-04
1.797752024756333927e-04
1.759549595170538947e-04
1.718943167743014965e-04
1.756094181073999580e-04
1.770279927172484496e-04
1.798067871468731198e-04
1.779268279789758447e-04
1.731940205597162243e-04
1.854003671182215176e-04
1.735281896404207945e-04
1.808924565467055128e-04
1.763586553997247475e-04
1.780816227214138407e-04
1.806213736800051832e-04
1.765389865733539186e-04
1.838321911962614711e-04
1.757712617361074188e-04
1.802236885287699405e-04
1.739833436373026726e-04
1.848583351238244541e-04
1.759816606544189425e-04
1.887406055627771542e-04
1.801038830021543390e-04
1.773933424074379886e-04
1.870108178189862922e-04
1.753791415126541907e-04
1.707553078698539060e-04
1.803739865551480699e-04
1.773879712150949880e-04
1.695555896995082986e-04
1.812820665442180560e-04
1.713015383819347151e-04
1.784515028918828568e-04
1.727749690326795342e-04
1.833200812637755751e-04
1.816397263033854765e-04
1.750427117163648612e-04
1.820673703412634104e-04
1.683166941498316421e-04
1.804054245027912542e-04
1.815638595614666644e-04
1.833552234697853828e-04
1.797213345991058916e-04
