# Cls sims
3.318992405857715403e-12 3.138925134046033596e-13 1.881890388783694942e-13 1.381301828565773495e-13 9.338988757644513232e-14 5.243546356055840429e-14 2.487970310898128889e-14 1.159706636646787568e-14 8.147663278499538979e-15 8.216987108394710617e-15 1.811436827454245955e-15 1.586253853588704734e-18 6.791548388250305869e-19 4.030744390348183081e-19 2.790099512960476073e-19
3.402649383118220626e-12 3.024762978291731551e-13 1.890909372025121627e-13 1.416459650381331277e-13 9.050588787481049382e-14 5.166621598589713163e-14 2.445076278554546264e-14 1.161133259755032539e-14 8.350737911613443077e-15 8.254882664106422598e-15 1.802415307237360068e-15 1.500126111985982121e-18 5.844373809484433067e-19 3.502105828160025254e-19 2.462392958756948390e-19
3.826967944515411894e-12 2.955452230415674624e-13 1.933075185875292803e-13 1.386930968445751704e-13 9.187655717481139073e-14 5.209609678110268793e-14 2.464303821101074234e-14 1.157743679289819334e-14 8.311428554837894318e-15 8.349836575910221472e-15 1.768628165140951144e-15 1.474420222056132741e-18 6.258874490209422460e-19 3.663171810530571364e-19 2.469967293353391361e-19
2.853986898781977222e-12 2.982379565119613257e-13 1.910845595667508171e-13 1.397972868189475467e-13 9.165157459824138921e-14 5.270213425152205777e-14 2.485663228448182937e-14 1.159757970771988379e-14 8.239310010908718228e-15 8.220024026182382461e-15 1.811806250489494932e-15 1.432924505649464233e-18 6.050455649298481261e-19 3.548931001992209504e-19 2.443054561530638975e-19
3.155267727196447702e-12 3.072583144664288241e-13 1.901313383591864875e-13 1.393957775962946960e-13 9.188135411031994269e-14 5.167105850345608580e-14 2.485610126572369933e-14 1.151830967975749396e-14 8.353707082745618100e-15 8.196185104028865351e-15 1.800658088093341243e-15 1.471820299836175669e-18 6.417441728264948109e-19 3.690955062296481519e-19 2.595595792097453427e-19
4.078521445425343762e-12 2.993516490972677426e-13 1.900524630808623828e-13 1.382768792963544991e-13 9.320015182021755926e-14 5.220024290345517748e-14 2.468238318124039736e-14 1.157389852146759057e-14 8.321118527399613189e-15 8.250525838923996428e-15 1.794807218807982438e-15 1.499746242419958392e-18 6.142946817563535063e-19 3.588063310857773496e-19 2.505879982450994456e-19
2.809305242562065397e-12 2.992969162541890296e-13 1.947596240253358769e-13 1.399228482212539166e-13 9.399202235977170444e-14 5.159980772698153795e-14 2.452981437134298611e-14 1.158058912675970261e-14 8.225526930688968168e-15 8.316380318486235479e-15 1.817979348226617541e-15 1.512991304344757564e-18 6.450455908161102287e-19 3.876787971139668741e-19 2.682613212225014858e-19
2.735780327786395523e-12 3.019286630041033152e-13 1.900897251851204297e-13 1.414805209869151274e-13 9.238959054781446800e-14 5.161362672444392237e-14 2.467347449049020265e-14 1.175409769463827597e-14 8.228806174418891524e-15 8.391434356673703274e-15 1.786860976779226302e-15 1.518518007231889786e-18 6.442279554538653634e-19 3.734479683159206243e-19 2.558659810862444152e-19
4.347274799213495285e-12 3.017498807738795385e-13 1.929351614828513500e-13 1.394332857487902302e-13 9.282224784293649522e-14 5.234149805519795062e-14 2.452784789198026961e-14 1.173704813073564003e-14 8.257757083183453740e-15 8.252684311276147228e-15 1.773244052576367708e-15 1.568504892071022309e-18 6.493112406626584695e-19 3.885355951559733469e-19 2.683935082106522224e-19
3.257996365008137201e-12 2.995485372756665730e-13 1.925269973142760431e-13 1.385397858426423776e-13 9.059741632575004965e-14 5.201021886873089073e-14 2.475447269121568791e-14 1.163029916961448508e-14 8.316895575585815130e-15 8.251626768046068973e-15 1.805942232263401197e-15 1.434587793621741882e-18 6.063579732081011927e-19 3.533283803094598064e-19 2.504440762919312824e-19
3.756965143578968007e-12 3.103154085723996975e-13 1.879966503229529060e-13 1.385900797699739700e-13 9.236223487012795357e-14 5.212315589056940085e-14 2.440899884230792050e-14 1.151272875946520658e-14 8.183271385913898411e-15 8.341474103751139595e-15 1.812871605585447124e-15 1.474567910713323537e-18 6.147558020560488940e-19 3.480524467478237230e-19 2.403179942875165819e-19
3.435617546899618068e-12 3.047705879021538262e-13 1.980483322775464309e-13 1.412130656022862219e-13 9.237593883916446280e-14 5.255134920213254111e-14 2.441048383593225600e-14 1.161662220988431770e-14 8.285831048018835584e-15 8.290436183939731273e-15 1.800603123759419533e-15 1.464267526136273788e-18 6.258328853760848051e-19 3.567735864300480408e-19 2.495238182868997988e-19
2.804647341001427106e-12 2.905804328159276268e-13 1.918127565914121268e-13 1.396138026643932022e-13 9.181121762305147235e-14 5.123668043568928780e-14 2.416327276322497597e-14 1.164631587266840902e-14 8.198727427000510508e-15 8.327397865140018053e-15 1.777455729503548014e-15 1.523713214079431988e-18 6.293164690976395952e-19 3.621528900106973870e-19 2.517560571242716887e-19
3.425784631655268838e-12 3.052609172239643349e-13 1.983008417143379521e-13 1.396695266981348295e-13 9.167650570608025111e-14 5.116244222728925654e-14 2.469309715125314911e-14 1.163621016056050360e-14 8.252515971835457830e-15 8.357034019796006192e-15 1.796569822957467101e-15 1.539868843933639859e-18 6.456775652449926427e-19 3.764147819961184363e-19 2.586208688551890024e-19
3.400763063228444703e-12 3.069530188414293530e-13 1.893268075554614876e-13 1.389476632626941919e-13 9.275112324144081552e-14 5.140545472261969019e-14 2.447298014462632084e-14 1.148135719203835246e-14 8.238289395080217011e-15 8.296351415666945357e-15 1.771775229072513988e-15 1.573587974462858933e-18 6.545039917121378083e-19 3.817792718296155338e-19 2.612144580604014631e-19
2.872088376199112201e-12 3.027938502484812051e-13 1.904692526234065605e-13 1.384226137545917351e-13 9.084090067643495740e-14 5.226844111177652657e-14 2.424774153258946942e-14 1.164743753245652572e-14 8.234675118745061949e-15 8.274954972959212877e-15 1.826518836387461339e-15 1.514123505863518930e-18 6.533352567124497515e-19 3.704729852614844103e-19 2.557229376944637817e-19
3.475418124255111212e-12 3.026868323288952314e-13 1.913675848915226851e-13 1.412208415798503751e-13 9.195399831205719462e-14 5.234522774832661303e-14 2.420676382751464227e-14 1.151009217049766280e-14 8.277132038872616089e-15 8.367705730314561070e-15 1.807380046459427175e-15 1.568557040890189480e-18 6.771798278063656734e-19 3.840601510178439263e-19 2.703910601660686367e-19
2.746052848178720378e-12 3.040056700717179512e-13 1.922012163573953260e-13 1.408640268813936707e-13 9.280689541906516023e-14 5.120661670361472831e-14 2.446118302152263632e-14 1.166984448338652494e-14 8.231273181461403835e-15 8.406607476819750653e-15 1.802860541899542522e-15 1.596729211870349903e-18 6.387892940380524439e-19 3.816737007874794858e-19 2.667338777493476381e-19
3.531448347491863699e-12 3.006408211885153064e-13 1.931528574767859905e-13 1.374552735291824744e-13 9.127670544127394421e-14 5.246930752661904893e-14 2.454724216336216116e-14 1.163263950318815898e-14 8.395703757925896581e-15 8.340605671027939844e-15 1.805977844286686929e-15 1.597794725840228382e-18 6.645016392507108006e-19 3.786659545186393473e-19 2.673124719768104416e-19
3.044268609133495994e-12 2.934893243345181102e-13 1.902671926063709547e-13 1.375124194669062586e-13 9.160199320852519134e-14 5.179828371793577561e-14 2.457561540295727388e-14 1.151182610596655484e-14 8.131797876941599395e-15 8.319910126733039760e-15 1.836023482472932178e-15 1.501905211858957159e-18 6.252671648081152230e-19 3.680165049626026420e-19 2.503944534967067128e-19
2.959355165770952505e-12 3.049636509385266575e-13 1.878089115192485284e-13 1.387713377465276793e-13 9.064190497474448265e-14 5.155058616609731465e-14 2.496523730354405767e-14 1.153560358806148326e-14 8.306979342976567105e-15 8.262746496570320175e-15 1.775701919371194329e-15 1.524982348960835611e-18 6.195396143216241927e-19 3.580479865231793618e-19 2.492307024926154626e-19
5.002157452510844050e-12 3.039153585484924092e-13 1.886541807256449886e-13 1.393100823125761367e-13 9.209639964335542761e-14 5.115362577435806255e-14 2.452391787601304405e-14 1.151246634504195454e-14 8.219819950052652846e-15 8.311806097574670393e-15 1.778754492036912953e-15 1.667159904980399875e-18 6.837157847477185613e-19 4.011205257077917174e-19 2.779837637955599057e-19
3.031334480792958610e-12 3.061979713001782765e-13 1.904769954798950415e-13 1.416278220911893663e-13 9.178513793400683509e-14 5.215360870039366770e-14 2.435394704811712095e-14 1.175425058665114695e-14 8.309981459701455515e-15 8.338946028024715437e-15 1.804159565170560202e-15 1.655521592869545117e-18 6.675896586447949017e-19 3.921311375538134599e-19 2.679174526606397654e-19
3.504883188547348110e-12 3.052566051526054354e-13 1.866711723786269482e-13 1.402418413575346901e-13 9.200128781452611086e-14 5.162938877482493638e-14 2.447831488524165637e-14 1.156100072693359962e-14 8.260726725370342020e-15 8.239545335894188430e-15 1.790110340450636941e-15 1.428666802470385163e-18 5.712942414231014400e-19 3.360496456545090830e-19 2.344848656341567009e-19
3.822362281098354717e-12 2.941017890652103511e-13 1.901024871367750823e-13 1.405783909213314442e-13 9.268723863717986565e-14 5.128645461830175220e-14 2.427183299981232848e-14 1.180978051658857800e-14 8.221010783394250458e-15 8.294217763304266684e-15 1.815469558276864279e-15 1.473308924488306612e-18 6.522859175571368053e-19 3.788619342543582030e-19 2.616096068452140019e-19
3.135398097357022499e-12 2.997894393026075574e-13 1.953371783876996837e-13 1.393415788940235321e-13 9.238302127011882166e-14 5.193300349736469158e-14 2.447472392680885759e-14 1.163689230516282565e-14 8.124120366376230857e-15 8.260523127586451464e-15 1.785019743312660454e-15 1.546560985443113595e-18 6.296938124916426632e-19 3.683544441269657595e-19 2.563532199406578528e-19
2.679916553970293853e-12 2.964926297309419114e-13 1.859626927373064517e-13 1.418501890123388513e-13 9.330841068935217739e-14 5.184159636065447016e-14 2.449145822962364957e-14 1.170153466848881525e-14 8.181220754828730317e-15 8.437350738810641111e-15 1.773047889522943342e-15 1.356315471223024016e-18 5.687018264557878541e-19 3.346390156082087610e-19 2.321083054445618073e-19
3.408824015912081559e-12 2.958063886664068198e-13 1.914109638909404897e-13 1.394183286290094371e-13 9.165255346380420013e-14 5.149210374150867438e-14 2.453779295417199834e-14 1.163841518007463371e-14 8.285016354558759074e-15 8.288152361899853120e-15 1.802091897539255016e-15 1.389776382850409666e-18 5.534003874063614225e-19 3.288907339272888023e-19 2.276029093660685831e-19
3.109761782381190377e-12 3.073713060463330059e-13 1.905050472320446873e-13 1.409701037866620831e-13 9.143312828057428431e-14 5.108920121554303858e-14 2.455110256696309579e-14 1.164279887426022201e-14 8.278724994660894374e-15 8.317528516015232782e-15 1.815820241742343224e-15 1.382595995955925073e-18 5.767137100589485545e-19 3.400324463981139545e-19 2.319769008720389103e-19
3.064260176207927457e-12 3.025732618634057157e-13 1.877193118594211542e-13 1.372358349487259372e-13 9.085226469109459184e-14 5.158090775904014584e-14 2.418176010991669105e-14 1.162376111671412293e-14 8.260289205722688206e-15 8.228212095473039715e-15 1.773636661466149439e-15 1.569604135101185762e-18 6.308645184917582433e-19 3.653341916934557867e-19 2.525636867144461740e-19
3.928897548071938675e-12 3.029809036331405781e-13 1.898202585134282996e-13 1.396172709259327592e-13 9.206501014895996881e-14 5.145892540518091046e-14 2.473822718176454712e-14 1.161719102805622578e-14 8.297567465648609438e-15 8.137533520838561978e-15 1.801166817868042484e-15 1.547546844053317067e-18 6.189659149699173320e-19 3.601868291551207726e-19 2.515702418406638961e-19
4.346520751962511419e-12 3.103171112009103072e-13 1.904271705323469865e-13 1.406125502582580672e-13 9.335521927782503647e-14 5.200487909959591513e-14 2.467561263486879720e-14 1.146165965582651898e-14 8.318482594873257423e-15 8.300428427475231888e-15 1.766587573267781773e-15 1.432889510989827173e-18 6.000049454834261285e-19 3.473050328066570694e-19 2.478061845980752100e-19
2.365224195413932862e-12 3.017693839122084856e-13 1.897022314066107153e-13 1.374347179016145021e-13 9.156922708041523280e-14 5.201723340468632757e-14 2.428098917672561538e-14 1.162489633731632586e-14 8.288206615913419332e-15 8.329901401415859850e-15 1.803717764652352607e-15 1.419831249562187305e-18 6.108540552077514468e-19 3.576126749678049920e-19 2.467730698456536408e-19
3.348599906856034437e-12 2.939089833453311635e-13 1.930151219913860446e-13 1.375631236253343016e-13 9.103383691429147581e-14 5.219951726651740110e-14 2.432156379166700671e-14 1.155212283935141743e-14 8.261418764602013630e-15 8.335274561642715489e-15 1.776265213232268855e-15 1.327007927330660819e-18 5.422531071644515470e-19 3.136179020798214791e-19 2.197327036294238936e-19
2.676154898292679892e-12 2.997830488765376754e-13 1.889094247159912132e-13 1.405464618984826490e-13 9.268420512873992513e-14 5.205673169203746465e-14 2.446596481885488911e-14 1.146223170036458447e-14 8.326587351579253741e-15 8.305862007643240247e-15 1.791116177803770713e-15 1.437560357079208626e-18 5.934088952460216842e-19 3.525241790563775060e-19 2.390631362638659786e-19
3.947044855338869328e-12 3.012972706181427597e-13 1.885441720352953065e-13 1.393305708988387772e-13 9.268250168801400016e-14 5.147959672403163021e-14 2.460879567521312047e-14 1.167916902998242437e-14 8.172490692776253441e-15 8.236172270448765087e-15 1.868874327904759348e-15 1.724604723258173107e-18 7.355263544526400390e-19 4.263145294724233603e-19 2.904464302705965824e-19
2.886925853976302972e-12 3.029260868400523113e-13 1.924238208257508138e-13 1.378698655071404905e-13 9.246735847065534787e-14 5.172200708476690760e-14 2.464805808586997746e-14 1.173895960023581914e-14 8.275736005744502250e-15 8.327925675556159171e-15 1.770787188818912956e-15 1.372620389820019935e-18 5.712954655214866378e-19 3.363402480523436287e-19 2.307433834398669822e-19
2.791631188274728324e-12 3.081901285904469129e-13 1.926351326314397287e-13 1.395053927130823207e-13 9.239498829849631682e-14 5.230094858397280907e-14 2.452354292246966355e-14 1.156696146884106654e-14 8.361310476497854467e-15 8.310230118906764335e-15 1.774068816677651425e-15 1.348841547437022576e-18 5.646770764092441069e-19 3.320768656927396094e-19 2.294720788130705319e-19
3.015622411662165608e-12 3.022668420501171628e-13 1.960287111430685053e-13 1.369187875660956064e-13 9.199289729361894840e-14 5.189418711906289378e-14 2.466575499157177656e-14 1.166966500572686144e-14 8.254493377589080080e-15 8.321457709308440896e-15 1.789211189781513061e-15 1.561693526604837884e-18 6.671637294411398241e-19 3.800230986929466211e-19 2.705749028907890432e-19
3.092042017295253021e-12 3.033018177025636368e-13 1.901218392394636680e-13 1.397168791380003451e-13 9.132471739908229476e-14 5.216706890668622812e-14 2.470330753708490250e-14 1.151736534616567262e-14 8.318470861356752700e-15 8.333047420433199475e-15 1.782252245681071848e-15 1.499131930098333146e-18 6.177323087494240096e-19 3.607199913064150121e-19 2.521706486221527340e-19
3.991867697654356019e-12 3.100508742080552185e-13 1.858363180623728592e-13 1.390109924472305952e-13 9.278024390266933528e-14 5.185389096385278522e-14 2.425994808059493252e-14 1.157197336101632378e-14 8.165695322595657071e-15 8.323591615617268408e-15 1.847792101895193766e-15 1.491504794577193650e-18 6.227770704529059337e-19 3.622206655030030797e-19 2.504919405933990879e-19
3.339998205950398938e-12 3.052210113585646828e-13 1.905844952630680841e-13 1.367122018059855799e-13 9.145774878877748548e-14 5.152706476603511476e-14 2.455096912640102171e-14 1.156464459832551342e-14 8.314648882123809717e-15 8.237740658039110603e-15 1.792367491037100870e-15 1.523096610433011157e-18 6.186698657424748042e-19 3.662833497361035409e-19 2.498087723458599421e-19
3.935205980189659926e-12 2.968441415995638540e-13 1.909508691096726412e-13 1.418820330546170471e-13 9.286390459591525822e-14 5.219402888195023773e-14 2.433707698192645472e-14 1.165380514719606256e-14 8.292964226789544168e-15 8.334386726599097500e-15 1.764911956442440212e-15 1.715587891876181744e-18 7.116011739960460157e-19 4.165622021278412478e-19 2.901633064832895090e-19
2.830849508263070154e-12 3.009157026055376815e-13 1.931333216417938899e-13 1.405497802304280184e-13 9.250799154904229640e-14 5.188194576958735362e-14 2.451914968078453885e-14 1.153871642717789717e-14 8.317880842432338243e-15 8.380090705424692667e-15 1.778692146454894713e-15 1.475062524682776874e-18 6.151621733022810295e-19 3.634245303061550743e-19 2.549327894654859891e-19
3.744270089378871098e-12 2.959539034915908041e-13 1.944371752979739810e-13 1.411946579847710053e-13 9.126485057728734225e-14 5.182200294205158999e-14 2.444266650768958959e-14 1.153450085795525815e-14 8.277420934138291083e-15 8.272012988317829398e-15 1.762887297088786167e-15 1.544316799641333548e-18 6.343671167077019115e-19 3.647138426975268602e-19 2.596283112674601060e-19
4.163097010572319190e-12 2.940394736118180916e-13 1.932402744698998855e-13 1.370196938113962801e-13 9.250059452780936693e-14 5.169675679858695459e-14 2.439058591924222587e-14 1.159768517667639273e-14 8.309262898192067989e-15 8.287175481961441820e-15 1.822474493244357504e-15 1.502687195049180559e-18 6.552116967045187542e-19 3.721635502669654276e-19 2.606895377049987485e-19
3.786944706742082908e-12 2.982564160977472347e-13 1.897077916980275797e-13 1.391392976561355703e-13 9.182626575982845930e-14 5.160050245651342113e-14 2.495440485270228809e-14 1.147819047408191931e-14 8.226541695428772970e-15 8.288014882662223584e-15 1.813602236873801146e-15 1.542322670330656434e-18 6.074650097901283034e-19 3.622603921150785122e-19 2.495882729851378031e-19
3.976847691612567766e-12 3.113800802915482158e-13 1.916153614053371463e-13 1.362105267309122190e-13 9.152630986378460838e-14 5.257732369389055697e-14 2.440908071919341979e-14 1.151728333253864536e-14 8.315046370175092367e-15 8.242127339346848580e-15 1.806531681929315819e-15 1.578513091033054641e-18 6.425348144056958365e-19 3.781341879588776565e-19 2.584007521303295904e-19
2.748622977525134575e-12 3.071720879590886591e-13 1.904323450486724432e-13 1.369165895287488403e-13 9.102453280567865416e-14 5.167504499334194092e-14 2.457738079689057465e-14 1.138446810197864747e-14 8.303543890630783552e-15 8.312387498718710642e-15 1.823472603344899169e-15 1.685326172043553447e-18 6.925993231112834316e-19 3.945004538599290845e-19 2.801545798876055596e-19
3.020195130551804443e-12 3.035814600865443467e-13 1.879332360565376090e-13 1.402233029586780517e-13 9.077761964733231554e-14 5.156616953047435941e-14 2.412541244130415712e-14 1.159334544471266271e-14 8.175679569143790525e-15 8.276666514659794548e-15 1.785895878410684736e-15 1.466846002308938136e-18 5.995293774059326184e-19 3.605807554530035982e-19 2.465009987451405952e-19
4.769215989527142865e-12 3.101810379699164291e-13 1.897522917072219017e-13 1.399585470038539394e-13 9.024441430026358630e-14 5.227717897942638352e-14 2.478530460354714837e-14 1.166768106370587931e-14 8.180169666847174429e-15 8.322566270376825981e-15 1.824828763221801752e-15 1.639013862971677207e-18 7.056125270154838527e-19 4.086124299669695009e-19 2.795095542117191613e-19
3.681399820407696747e-12 3.165942796435023760e-13 1.897179845779867307e-13 1.398251707907139530e-13 9.396317011920742981e-14 5.209592368829760702e-14 2.409731682660953405e-14 1.164658940002752010e-14 8.221193603479201528e-15 8.314629181466464938e-15 1.794922970758899025e-15 1.420563850899966245e-18 5.867519611638156148e-19 3.398048175348304104e-19 2.340623404034145833e-19
3.169772509593687154e-12 3.028983794690631031e-13 1.904463542478686529e-13 1.413979020769154477e-13 9.094310251896591548e-14 5.161888744582065453e-14 2.483293131836711705e-14 1.165388710101496763e-14 8.205131699638878176e-15 8.195498439815556665e-15 1.810237356038109880e-15 1.642380675048710676e-18 6.769877615690866458e-19 3.937568930758641602e-19 2.730694220991075562e-19
3.015785741812739959e-12 2.969961510016687139e-13 1.902879954292407551e-13 1.391364626109275288e-13 9.031143296212600200e-14 5.189908903951496885e-14 2.477081661452405840e-14 1.154262074500948020e-14 8.255266696407329766e-15 8.258392830672434460e-15 1.826711808197888801e-15 1.577298878576539389e-18 6.576076211553278789e-19 3.907679905892784342e-19 2.685368022362634527e-19
2.750463037111519262e-12 3.017020904568023969e-13 1.861625528354162511e-13 1.383518576690416920e-13 9.228972112098742996e-14 5.202405097728586567e-14 2.487627173156073084e-14 1.165108122607341227e-14 8.191003734567269656e-15 8.351861184680709117e-15 1.788925628318088261e-15 1.431630649834931178e-18 5.968291446142627857e-19 3.481316977471275006e-19 2.389936943357428639e-19
3.967480557499940680e-12 3.079563270070408990e-13 1.903679466900240598e-13 1.367676916119994008e-13 9.332566547144817604e-14 5.251914566643665598e-14 2.475599865252741508e-14 1.152465524235775602e-14 8.313049519023328418e-15 8.338745471717138076e-15 1.810954729430979551e-15 1.462169615700595656e-18 6.222588229415451672e-19 3.655647920810426146e-19 2.514714137462748938e-19
3.413444797713579878e-12 3.089455453241031615e-13 1.917678551233062685e-13 1.427612134172438728e-13 9.291211448011383872e-14 5.174628091675479764e-14 2.477372428586480828e-14 1.169202552926584818e-14 8.270993065855979718e-15 8.346504462674538459e-15 1.779783318628572509e-15 1.634146636476952225e-18 6.630993261902777285e-19 3.934330151667396544e-19 2.685484236370166306e-19
3.683508783233656482e-12 3.128444433621236293e-13 1.904151971147912631e-13 1.399325616764151598e-13 9.132167051733397026e-14 5.194804194813562150e-14 2.466769728992760167e-14 1.156829054645742287e-14 8.265841586461703187e-15 8.315973774191625265e-15 1.792061706303771188e-15 1.482522616047467320e-18 6.182084960221584881e-19 3.639296660616105339e-19 2.479411609436904458e-19
3.446263594564032716e-12 2.968997168074893345e-13 1.935936477304817823e-13 1.414975104298537751e-13 9.193993853496555191e-14 5.129352048260394033e-14 2.463755806852931941e-14 1.158322658523514692e-14 8.237389032879310459e-15 8.307994737973816550e-15 1.798334366205849801e-15 1.631612030808177803e-18 6.799245878542238667e-19 4.066065315676083390e-19 2.773522833588181344e-19
3.087556835990754461e-12 3.010751496357292197e-13 1.872685674960113070e-13 1.364320402161918285e-13 9.075974065931581361e-14 5.159912307064115855e-14 2.446505110801350785e-14 1.154419015706045845e-14 8.374730562326868505e-15 8.280180185965021775e-15 1.807642891216675356e-15 1.456578042815570430e-18 6.106622076186547036e-19 3.516347767720889826e-19 2.463067677167882252e-19
4.002964734757140223e-12 3.042837334511041589e-13 1.924966566077117932e-13 1.393306383581845248e-13 9.223364469698641761e-14 5.247163373710643488e-14 2.448384062634227737e-14 1.162023099998123587e-14 8.185293594760809755e-15 8.251136738153393372e-15 1.811550029769439245e-15 1.603001827388839433e-18 6.822415548990940162e-19 3.970334347716644073e-19 2.749026114641316389e-19
4.930781105359121786e-12 2.963408845589028722e-13 1.893551755082878244e-13 1.406123144683925804e-13 9.372610068318261525e-14 5.155907190230804599e-14 2.471697470630792401e-14 1.165096032737804431e-14 8.209751553640281728e-15 8.369628877272696917e-15 1.782696269388715863e-15 1.611876538713005514e-18 6.418402359736840202e-19 3.764597367893050139e-19 2.646575075152427567e-19
4.189038025059201738e-12 3.030617633415043886e-13 1.897520354203111414e-13 1.397670276857916518e-13 9.219556195388102532e-14 5.180533467608556764e-14 2.452568125244957755e-14 1.162454367804989273e-14 8.212783534275966366e-15 8.247631131043115574e-15 1.789294737293161722e-15 1.348196106539240071e-18 5.669096827039629056e-19 3.269549775369400585e-19 2.249038692946563220e-19
4.026834189711394376e-12 3.113749945540224028e-13 1.923136268219973107e-13 1.387746227981277735e-13 9.264272707093292572e-14 5.097168983383794378e-14 2.431367326672767157e-14 1.162487733350368406e-14 8.256795284670738573e-15 8.303633188081553992e-15 1.832221853176898353e-15 1.393567759141594223e-18 5.906994633496207753e-19 3.424544499304166901e-19 2.394280617224179919e-19
3.217604473141371309e-12 3.080128468399691684e-13 1.886847431176724706e-13 1.400495107745757261e-13 9.206528298764628957e-14 5.128816427195256245e-14 2.425538654897209661e-14 1.151058255033128264e-14 8.236850694271046372e-15 8.279317677041858602e-15 1.816071820120600279e-15 1.475043395088655010e-18 6.259278717570752925e-19 3.558784207777309134e-19 2.509842120276775995e-19
2.246994264232310818e-12 2.954754917392094489e-13 1.910964598868318773e-13 1.390710064274283808e-13 9.246966295249169145e-14 5.163539209231900759e-14 2.431626041790838141e-14 1.159752141222235735e-14 8.229675366079656426e-15 8.375702666522971230e-15 1.810796970397438293e-15 1.493920505775498562e-18 6.323323268192121155e-19 3.687082315567098303e-19 2.549279083236516022e-19
3.943667917690204837e-12 3.054722920944866808e-13 1.884036093456230707e-13 1.405168457857136883e-13 9.233773494058746315e-14 5.200371411505437812e-14 2.450896409130324223e-14 1.157543911628652600e-14 8.265697853054228607e-15 8.190569076498073934e-15 1.786933520831319160e-15 1.501434168644847256e-18 6.027984787434999771e-19 3.532367893481385104e-19 2.411482942930217627e-19
3.232848916491520546e-12 2.992409593016873758e-13 1.929537706730042903e-13 1.361147015654143682e-13 9.260737158334333689e-14 5.226458485781623192e-14 2.446663594364938913e-14 1.168121002974730768e-14 8.293609319067041430e-15 8.197405116168942086e-15 1.798159084000277938e-15 1.473464669077500650e-18 6.359409922323409243e-19 3.722977739876963453e-19 2.587630784826632608e-19
2.581231334014228045e-12 3.040922803853392542e-13 1.929537026252587802e-13 1.388614884573698002e-13 9.320552550878075607e-14 5.160176634404969930e-14 2.449764866183558175e-14 1.156862121079475883e-14 8.283900022439907697e-15 8.231269017082314637e-15 1.790409978374556682e-15 1.468106594695370176e-18 6.079076079257843958e-19 3.603748109858095087e-19 2.510633456441403906e-19
3.282189926488307675e-12 3.080954529969479280e-13 1.914776711784048994e-13 1.378194945816522275e-13 9.185663811475156834e-14 5.221304469140444225e-14 2.434664015665321413e-14 1.169899239440357932e-14 8.297716819297160477e-15 8.350022023783322842e-15 1.813259067070066443e-15 1.568266768260858479e-18 6.561288836436158453e-19 3.793759875163186866e-19 2.560502761823182410e-19
3.250654262223343754e-12 3.030742556233795590e-13 1.945667534861805755e-13 1.405953916752086465e-13 9.263060799212751824e-14 5.308631909793178433e-14 2.416337988855260769e-14 1.163473677368109556e-14 8.192952482825213319e-15 8.304013186281601603e-15 1.807505867977066802e-15 1.333060876285695261e-18 5.511973623515717371e-19 3.151689283529309428e-19 2.203194447283679988e-19
4.022135378556387334e-12 2.932614025691288795e-13 1.910016562191029218e-13 1.365295114119204892e-13 9.159575923738805842e-14 5.195462135198313783e-14 2.451983929323540079e-14 1.153454069183593861e-14 8.203512357917275694e-15 8.308248569252165701e-15 1.815159844391427066e-15 1.592030081275973787e-18 6.322614944021779358e-19 3.787097786112235317e-19 2.609199236263583287e-19
4.874707369791753436e-12 3.098183865573595493e-13 1.930590502225415430e-13 1.395078584240002134e-13 9.058225891474446449e-14 5.140171377057348896e-14 2.435328451722768439e-14 1.158061372493187591e-14 8.351305746345537554e-15 8.352593924299024106e-15 1.777149696308477816e-15 1.585073473006503110e-18 6.307555361667979794e-19 3.668927405777961156e-19 2.526938574226710447e-19
3.414812214973873990e-12 2.988843717926487115e-13 1.906453316460252707e-13 1.399432773454663151e-13 9.200192021750650283e-14 5.070210160780039681e-14 2.445172609065701636e-14 1.176313148904321391e-14 8.261840339782622376e-15 8.302920320656759413e-15 1.786089860958189725e-15 1.516632399414105512e-18 6.362004846900842208e-19 3.673747005418606326e-19 2.576678665735507155e-19
3.034578963004445663e-12 3.066110796460520721e-13 1.940790428582239934e-13 1.357102443131875898e-13 9.230033704280716888e-14 5.205810601873782067e-14 2.458333789309029752e-14 1.170491558462594355e-14 8.233960842704423478e-15 8.213842238901900651e-15 1.787212735943777021e-15 1.440763546161759507e-18 6.074168592131499200e-19 3.544546733911103254e-19 2.449894930368999234e-19
2.396285201011406555e-12 2.993700548829217700e-13 1.918994032761766011e-13 1.358830015152723123e-13 9.268978942501963935e-14 5.158754207459915386e-14 2.474439495629655802e-14 1.152789973986418209e-14 8.234514549320598020e-15 8.370830682255945229e-15 1.794261158285156690e-15 1.559808113090909781e-18 6.481210896142994439e-19 3.716234316415418483e-19 2.569647505095784629e-19
2.974611231001544598e-12 3.028396319542185173e-13 1.899903423618511614e-13 1.378121997623617771e-13 9.187042522568706853e-14 5.152384825873494711e-14 2.444822499044140731e-14 1.175351193593075963e-14 8.251895401191286346e-15 8.342064617226169092e-15 1.830320892723113102e-15 1.362921034678190038e-18 5.952541592606272801e-19 3.509593236165213028e-19 2.357250067661026448e-19
2.767277297986887105e-12 3.015081241912772914e-13 1.895618620089944104e-13 1.396557871035023273e-13 9.217494837853917688e-14 5.151996715186908816e-14 2.447889837311775001e-14 1.163862895529659094e-14 8.200599492746678056e-15 8.308594876264051280e-15 1.807947673651524864e-15 1.472034129438274016e-18 6.226961364865716047e-19 3.600003406327560310e-19 2.511548144469964098e-19
3.128504725841572010e-12 2.991699328456726367e-13 1.848824311135107114e-13 1.386387730889021910e-13 9.194819183384034624e-14 5.196438068754772056e-14 2.467440915852973238e-14 1.165099329827444627e-14 8.239441435928872840e-15 8.300283072441907385e-15 1.791830911198581852e-15 1.544808454391390608e-18 6.391110529768395902e-19 3.749207131132991441e-19 2.559973570984339395e-19
3.260084331397009397e-12 3.033259691091640801e-13 1.902980658391354986e-13 1.378981642065469843e-13 9.359544605623699730e-14 5.175662568794899186e-14 2.451397030263505356e-14 1.161159324061146583e-14 8.265764309687858436e-15 8.366706761878219064e-15 1.780896254235063758e-15 1.600577993975511765e-18 6.695556189107039797e-19 3.921386423921471826e-19 2.725827844606143176e-19
2.991758821692747224e-12 2.988580969132452013e-13 1.895314222085577437e-13 1.375337738364951455e-13 9.211527074645446536e-14 5.207215730254184134e-14 2.451346473962357973e-14 1.155052995504214447e-14 8.256159682849562503e-15 8.309337889232099749e-15 1.786810136972793522e-15 1.455662859759044864e-18 6.135164588863191202e-19 3.712797954167603002e-19 2.565145252793960042e-19
3.163680652254298680e-12 3.108974934088266555e-13 1.920215660915313485e-13 1.377851602699062718e-13 9.191340035902031967e-14 5.181641824721539033e-14 2.450806254811043954e-14 1.161690307329546893e-14 8.367339245550522496e-15 8.449304349908983063e-15 1.814645753728629944e-15 1.442917183197759881e-18 6.410819111338513692e-19 3.669062284495651639e-19 2.502796480270612504e-19
2.922866552499998378e-12 3.101849135562692581e-13 1.925496779305737703e-13 1.398118058260803815e-13 9.132480756831740373e-14 5.238816601046170311e-14 2.436946544798660095e-14 1.151811202509173441e-14 8.311684738127019517e-15 8.340154893534230521e-15 1.801566595713081770e-15 1.672892548608797175e-18 6.842271656586404690e-19 4.000339989792519804e-19 2.822187797730882550e-19
4.345353567048329232e-12 3.017144340056722060e-13 1.883037758633142523e-13 1.399344010553353987e-13 9.288284927024379344e-14 5.134464350752068334e-14 2.448800744458744446e-14 1.159773148213512831e-14 8.314674924453999169e-15 8.265172648424938696e-15 1.798466165338029378e-15 1.462141616536997752e-18 6.275675471558112398e-19 3.693277119310001777e-19 2.564632708610411383e-19
3.439722668546811983e-12 2.906647897471003863e-13 1.921111815301755263e-13 1.399682577995124337e-13 9.250886944180582575e-14 5.211555919710357500e-14 2.469729262274106736e-14 1.161593688992377054e-14 8.327202343698001321e-15 8.362488218464804355e-15 1.792408709481850624e-15 1.560258292691067233e-18 6.397612793014848059e-19 3.798964625210884612e-19 2.651988636519354458e-19
3.677630993187811947e-12 3.085453664835218756e-13 1.912661337303027986e-13 1.406333109869512243e-13 9.169990648914453338e-14 5.124660649592612481e-14 2.474684630723419062e-14 1.162884196048971251e-14 8.273822106415621570e-15 8.365833386969559951e-15 1.782653741876841303e-15 1.556745940844810083e-18 6.410277183866265116e-19 3.713731900090285357e-19 2.557002844054071462e-19
2.779188064968298958e-12 2.996599866689069911e-13 1.907523814957217471e-13 1.400882858883657866e-13 9.281251690841595532e-14 5.227038138785466132e-14 2.493749213293538069e-14 1.152979693264356546e-14 8.321810307971409641e-15 8.254105130241549624e-15 1.789556035844054897e-15 1.593684002772680792e-18 6.678183772756136358e-19 3.891440180753108103e-19 2.707951581408610146e-19
2.703957684670225221e-12 2.955662947071737855e-13 1.963155470288066414e-13 1.398991969382804584e-13 9.237371887396365010e-14 5.158982381269337575e-14 2.441766808730006693e-14 1.159544338976948293e-14 8.335123500770800528e-15 8.399302000075786129e-15 1.768208325767291375e-15 1.419113220494864479e-18 5.670195479989792756e-19 3.458822103015998508e-19 2.351779927456423971e-19
3.093419138159585527e-12 3.110456710629251756e-13 1.909654270863087943e-13 1.407982247918091574e-13 9.278594505833187733e-14 5.143361312658993674e-14 2.452965334787105208e-14 1.158896400046755919e-14 8.393294862905651870e-15 8.314676147810542147e-15 1.800123314933918647e-15 1.635794066037768548e-18 6.858281510291563835e-19 4.036463927623471903e-19 2.795919802230450080e-19
3.311222940366759789e-12 3.075928193506314397e-13 1.919337980844906697e-13 1.375058453429710452e-13 9.301605990847236322e-14 5.230498891166502164e-14 2.441410151059532984e-14 1.152224834094592008e-14 8.318425048959201242e-15 8.235589866941971434e-15 1.732615397644667604e-15 1.456752445677466029e-18 6.010847407491290386e-19 3.404377973776789806e-19 2.380215565509988211e-19
2.648406605237014226e-12 3.101950619083922452e-13 1.899048929075306839e-13 1.366102905754270231e-13 9.279449067501857131e-14 5.159044905737765808e-14 2.439679749205591944e-14 1.153678652675856116e-14 8.223159850404639219e-15 8.240457191385190357e-15 1.844701775428057083e-15 1.537241403241603684e-18 6.656101851199955569e-19 3.799972823376618376e-19 2.615679296533252056e-19
3.161236921049883611e-12 3.028378262639733821e-13 1.889126185308523170e-13 1.398343610315221367e-13 9.305918497571270026e-14 5.143156334802664794e-14 2.485341748071925766e-14 1.143770635577794632e-14 8.295099694797711894e-15 8.378620286097589120e-15 1.806826517189888180e-15 1.514553639472322495e-18 6.299182326787520756e-19 3.625936295739536487e-19 2.541792188703053313e-19
3.632817417994146942e-12 3.133861524890965649e-13 1.950380756565263652e-13 1.411141861685855911e-13 9.174597636237261492e-14 5.205453480575177472e-14 2.446771856842963766e-14 1.146367387386440126e-14 8.241986717696580039e-15 8.342813177986270619e-15 1.791805181139870384e-15 1.601884315724118794e-18 6.678721181765252103e-19 3.950413629714763055e-19 2.740026915117084953e-19
3.636699352178811577e-12 2.931108076593541152e-13 1.928368685920302620e-13 1.386724397484501487e-13 9.239989156255144442e-14 5.218608559634279108e-14 2.441465123831832743e-14 1.154467240297980558e-14 8.278940488156296670e-15 8.275013289741416657e-15 1.818346453593554783e-15 1.764545312727953124e-18 7.318753239194410206e-19 4.289929114072808062e-19 2.926797453270571526e-19
3.236824619695747316e-12 3.026161266880753597e-13 1.897060560716378948e-13 1.363125351204498272e-13 9.295496777360220816e-14 5.168216615665141968e-14 2.459399569729444303e-14 1.165048302008593948e-14 8.387167129781595864e-15 8.358166034589497112e-15 1.835063724723531077e-15 1.630941563264930988e-18 6.559633222034874825e-19 3.865173389916134391e-19 2.625272957397886030e-19
3.421699797381065539e-12 3.089770496733479469e-13 1.919953764351531582e-13 1.375431608462110669e-13 9.269184118944684960e-14 5.238030162741233200e-14 2.465829096068292715e-14 1.142426062496206907e-14 8.343747868586927200e-15 8.325779391149167091e-15 1.772626277739017017e-15 1.282717540006912721e-18 5.536312569986635398e-19 3.285191754099772272e-19 2.292411411205146861e-19
2.729229222573329187e-12 3.027497966532674123e-13 1.946066440107794388e-13 1.385316394097598556e-13 9.224888286064571789e-14 5.181121838898137124e-14 2.452876112722618009e-14 1.156606345947795415e-14 8.303236820394696480e-15 8.269998397109357433e-15 1.789026061292023727e-15 1.590333801016743705e-18 6.739793388394724616e-19 3.892332795277313646e-19 2.705539016737634781e-19
4.675955172687673791e-12 3.023235622521000742e-13 1.931235584722887189e-13 1.407041409578861132e-13 9.383373565760687580e-14 5.197270211505866782e-14 2.462946799437660130e-14 1.169880621956517076e-14 8.296389973804444128e-15 8.275160738034979842e-15 1.827032221345283179e-15 1.692352123406673549e-18 6.720209945201482748e-19 4.001659478389169645e-19 2.742316067965326377e-19
3.830177465108741751e-12 3.071622294013187326e-13 1.904625898397001612e-13 1.400905428404349174e-13 9.164069127953986365e-14 5.188439021873641891e-14 2.454393578536733089e-14 1.158531051346173426e-14 8.318041908079657181e-15 8.225241306741644819e-15 1.779085178495118808e-15 1.454527633958304476e-18 6.159126636546940843e-19 3.559697901254670561e-19 2.461864282184737320e-19
3.201620510629002410e-12 3.075543547159935314e-13 1.909938912296611026e-13 1.395081361155066148e-13 9.203659952111572540e-14 5.210100097795649032e-14 2.462898810055674709e-14 1.166874475946313390e-14 8.235129936203443775e-15 8.271534805492075310e-15 1.807043834170128162e-15 1.701226393499997978e-18 7.067225740348902913e-19 4.091409167921074850e-19 2.874306806578217760e-19
3.377280100257539111e-12 3.029842340024978694e-13 1.874615039831300874e-13 1.411175552531848704e-13 9.027260249968006165e-14 5.192874505965116697e-14 2.446056922910388314e-14 1.167507225751583697e-14 8.393287094281316247e-15 8.252810412440861874e-15 1.779534356711037678e-15 1.278531718097969142e-18 5.546751375921918468e-19 3.225530141220828165e-19 2.227949799602304613e-19
2.976311375277216833e-12 3.054728795730941724e-13 1.941085150779540370e-13 1.370903155326201773e-13 9.413806610001541869e-14 5.183632277675348324e-14 2.373352406730152931e-14 1.145884524287795912e-14 8.280979479107262687e-15 8.334929522289858123e-15 1.815535666242328431e-15 1.419864387503727988e-18 5.864199849123477042e-19 3.437017297481095444e-19 2.360187438022422494e-19
3.663492399070274786e-12 2.910142393676751830e-13 1.902041406625986047e-13 1.396434075772516281e-13 9.257881313569652149e-14 5.180230601453761368e-14 2.482962851084364473e-14 1.163199363231475381e-14 8.317571595812150140e-15 8.234119648229840147e-15 1.810885895260061878e-15 1.620714624665062446e-18 6.538954549094489860e-19 3.809632934893377595e-19 2.606074465528434425e-19
3.222426245166178531e-12 3.080198986111636778e-13 1.892364179337457921e-13 1.393306936288514321e-13 9.363647691923514801e-14 5.194070477778026535e-14 2.436038241337148304e-14 1.140583954400339815e-14 8.254101044232415035e-15 8.330963348443502666e-15 1.827016586055838729e-15 1.531557922300037050e-18 6.710699251344789469e-19 3.946119888141829170e-19 2.728908583755011643e-19
4.703487395398477352e-12 2.969436700934325372e-13 1.943103597794468278e-13 1.382697660536267439e-13 9.148766769999867184e-14 5.227205082404230087e-14 2.453166024158538470e-14 1.147609611638409152e-14 8.228163238358343560e-15 8.234870753412715126e-15 1.805641527659793254e-15 1.444319001389540023e-18 6.151933931554869462e-19 3.568800497398112536e-19 2.453969254194223874e-19
2.726786831280173033e-12 3.068186809972610277e-13 1.910377690407193625e-13 1.371909654568282807e-13 9.233064353228960132e-14 5.199050633394175797e-14 2.462246998174858941e-14 1.159589617610084794e-14 8.348661874378749079e-15 8.359746904451015104e-15 1.790075433335633774e-15 1.716210961383311948e-18 7.213172033078590266e-19 4.341840254932762913e-19 3.013472609370925261e-19
2.452749924014543933e-12 3.057809738119937460e-13 1.923569869074685280e-13 1.373279810398703027e-13 9.335061489369313992e-14 5.117050272365174031e-14 2.457202273688849116e-14 1.162245783984525026e-14 8.277681335472869056e-15 8.221199374698889889e-15 1.781240910999655152e-15 1.500444572938052685e-18 6.192491941663994748e-19 3.585315810746137822e-19 2.476295870162949484e-19
3.492305024161199727e-12 3.027635525803783027e-13 1.902491539887705188e-13 1.399014047960429870e-13 9.210177564056015030e-14 5.250515997703100426e-14 2.452954660445901754e-14 1.165815312265221717e-14 8.285796962779779790e-15 8.197189642511097548e-15 1.836989031636581951e-15 1.439887991761688314e-18 5.829282854894844973e-19 3.398122216235980927e-19 2.321357791497999847e-19
2.825686869629816299e-12 3.030040914475556510e-13 1.885714174569620448e-13 1.406323386665750432e-13 9.236143671726880307e-14 5.192075902032436717e-14 2.427917874458013712e-14 1.159139865451682981e-14 8.342679197572866940e-15 8.283225429405506863e-15 1.794158742195049428e-15 1.470017209165188525e-18 6.216418060591040434e-19 3.685487434192726293e-19 2.544344644974074822e-19
2.953943162943496481e-12 3.027406132990302998e-13 1.901207188558251857e-13 1.399540226825738710e-13 9.036015074257461549e-14 5.179965477884777066e-14 2.441360687680076917e-14 1.171708148655322177e-14 8.204344498102047493e-15 8.195580768117788534e-15 1.790411634263739491e-15 1.495186859764361100e-18 6.304074524443651672e-19 3.698015461927601070e-19 2.507406498659412691e-19
2.749018986724051023e-12 3.018166340386100162e-13 1.909393750277615525e-13 1.411803393970871403e-13 9.473572529962551677e-14 5.208930846152899885e-14 2.441444872611487817e-14 1.159248717025684174e-14 8.241493786376645746e-15 8.282552463630686570e-15 1.746424026327142266e-15 1.395368679571056081e-18 5.789041152786328391e-19 3.348519653169112808e-19 2.339028130103861086e-19
3.317562244313018116e-12 3.014754955708781427e-13 1.881018640356237406e-13 1.435356560940796140e-13 9.104244990618559100e-14 5.190812918613269519e-14 2.445155055845707425e-14 1.148552379439677919e-14 8.243649251721776383e-15 8.358388186610370450e-15 1.789991947764947383e-15 1.647848098480729876e-18 6.791256172287036938e-19 3.967421973048997541e-19 2.762856863820597123e-19
3.842778824459549388e-12 3.068517557458092880e-13 1.876169576130369599e-13 1.349499705311398086e-13 9.266806252164590428e-14 5.184884125798776571e-14 2.465918435562482684e-14 1.158745413041616221e-14 8.292497638335552578e-15 8.312568313212914907e-15 1.847987372197259204e-15 1.531009235859820895e-18 6.216031682632677493e-19 3.660161790970925520e-19 2.547295448726612660e-19
3.400753381495801644e-12 3.068964059339719012e-13 1.890830571023734577e-13 1.388312380394042378e-13 9.198521515318794422e-14 5.169474664825254129e-14 2.469827291330541709e-14 1.155355704009348522e-14 8.276741154208036757e-15 8.253484687253748099e-15 1.839255043714907264e-15 1.467783213408153518e-18 6.267674021333865493e-19 3.579469254229591460e-19 2.496141832227456280e-19
3.632179369253358202e-12 2.989722160162127625e-13 1.896770937181916077e-13 1.375944982013625474e-13 9.287592369776270490e-14 5.150692857783755596e-14 2.494632126518412252e-14 1.175514636566974053e-14 8.244435779541933208e-15 8.257006747771886269e-15 1.821445364075810491e-15 1.474934393315867946e-18 6.044046086786632484e-19 3.527876012315824420e-19 2.463709422365482099e-19
3.077409983747805246e-12 3.043213105799226644e-13 1.902094813330735992e-13 1.386715082621365703e-13 9.246497955845574881e-14 5.156501106910721644e-14 2.451471725976604338e-14 1.167843140655514587e-14 8.335900021701229445e-15 8.306715279036462684e-15 1.776266926638388498e-15 1.450913723284107970e-18 6.057185968232211501e-19 3.564252061844931984e-19 2.438760618188173986e-19
3.542059331087745547e-12 2.988977583392559113e-13 1.896439467889868419e-13 1.384869349822882691e-13 9.268101016033396941e-14 5.238802609623340072e-14 2.463475419214417348e-14 1.154014161632497503e-14 8.256042359909502187e-15 8.290312214668741533e-15 1.800940831784091257e-15 1.445919393202969937e-18 6.228458300413756585e-19 3.581491968610790405e-19 2.465666908218542137e-19
2.627579308541721458e-12 3.071943020058607666e-13 1.882163088443951105e-13 1.389474113897720298e-13 9.281035176890516438e-14 5.208463035990150282e-14 2.474594824663419640e-14 1.140632785856783614e-14 8.228361969384472245e-15 8.301837665890743520e-15 1.835644924775680189e-15 1.622683251561014496e-18 6.702048006958782702e-19 4.001666115505928648e-19 2.770029071147527294e-19
2.971868412750920302e-12 3.036244012495457665e-13 1.933484525536493718e-13 1.389193374047313248e-13 9.401070079754914960e-14 5.221841761308882258e-14 2.450255542764539412e-14 1.148534770605160757e-14 8.332127315938590310e-15 8.339352895779607157e-15 1.806316792501559893e-15 1.473907202447979854e-18 6.248431075721377105e-19 3.606862347869254448e-19 2.514481516138137149e-19
4.139315326774569292e-12 3.084754252689140228e-13 1.893889319335646632e-13 1.365617996708597197e-13 9.234018540103797588e-14 5.169884292748983357e-14 2.432946193769539135e-14 1.159778665397835973e-14 8.178317414774424050e-15 8.126383215587285978e-15 1.834213231729464816e-15 1.271249509449298448e-18 5.292351261268022308e-19 3.015286527204878365e-19 2.138096634932381855e-19
3.396281950054251071e-12 3.020201138447330157e-13 1.928270694572164738e-13 1.359127974715739996e-13 9.229725727231321013e-14 5.149417599837616062e-14 2.500548991342911367e-14 1.154087073440160718e-14 8.257614904130831865e-15 8.254497016065942056e-15 1.784000166545658330e-15 1.505626687541926026e-18 6.303867681178791992e-19 3.627072606637688291e-19 2.527256372144579425e-19
3.286689438907500805e-12 2.968852960196664401e-13 1.912198806344332303e-13 1.369934049558989056e-13 9.359203069445130295e-14 5.234495704631623081e-14 2.437022175135281826e-14 1.157692712745053002e-14 8.316503439510601263e-15 8.364038101451460355e-15 1.820077845321139928e-15 1.415183161166137806e-18 5.974489335001603068e-19 3.484991355453645624e-19 2.430737217167727389e-19
3.483902606107428291e-12 2.988607705470218002e-13 1.894425537758113153e-13 1.404657638069933646e-13 9.263517820475579684e-14 5.219828149745206562e-14 2.460172983150974403e-14 1.162262917720340786e-14 8.278894682289876108e-15 8.393883480632304357e-15 1.805104259248274828e-15 1.536588047118715079e-18 6.633444254361637029e-19 3.781523645585156598e-19 2.599212436387075960e-19
3.937874711194038884e-12 3.051930528844552625e-13 1.942884782546206288e-13 1.385064154725394992e-13 9.275771904646658417e-14 5.145021974576779685e-14 2.480449497803472105e-14 1.164121763952305932e-14 8.287095009636451295e-15 8.295748925063321224e-15 1.747755223822330358e-15 1.415910122373355670e-18 5.943040708913059730e-19 3.501179117711004376e-19 2.436457187984658538e-19
2.423155141476880384e-12 3.044879980022272560e-13 1.909198758385064962e-13 1.394929839809532499e-13 9.310005920916100163e-14 5.174932734439395997e-14 2.456482019308301971e-14 1.156117836009761300e-14 8.304696509433078867e-15 8.231220074873550779e-15 1.809220923130900653e-15 1.636544470828053106e-18 6.601587975167599394e-19 3.772447030597975606e-19 2.678205983876132019e-19
2.704648873788801544e-12 3.000047111391701344e-13 1.882826902394153612e-13 1.380854546032621476e-13 9.269933601909423781e-14 5.141403405622306161e-14 2.456093405512312677e-14 1.159584150058033344e-14 8.247627171186800990e-15 8.339441267280773039e-15 1.791035553204565617e-15 1.421648283700851763e-18 5.654092340750843526e-19 3.322365059226379151e-19 2.333234664514774289e-19
3.280658374802503509e-12 2.984461978851004487e-13 1.871328174948896274e-13 1.374090137398343858e-13 9.216104583555694264e-14 5.130956016875468508e-14 2.454717244876588985e-14 1.163192603924960118e-14 8.305231760993571830e-15 8.317947035313806444e-15 1.763076710071828986e-15 1.510325491120754252e-18 6.313887342985430400e-19 3.647808692022182166e-19 2.488537522388190536e-19
3.782609795250970776e-12 3.011241857334057818e-13 1.902799236034204243e-13 1.366424169513026436e-13 9.209446945756672568e-14 5.240239534206209240e-14 2.485600805643984561e-14 1.157756803250595281e-14 8.320865990131925733e-15 8.281184526666251893e-15 1.789297574779899671e-15 1.258908367752098203e-18 5.251249580825999961e-19 3.081928488292973675e-19 2.104527189651662673e-19
2.813133190954707279e-12 3.009945560753018352e-13 1.870511595890767391e-13 1.364655528019488687e-13 9.280995453483202361e-14 5.216426220502518096e-14 2.442121059239122336e-14 1.157143237504692453e-14 8.256215548005957530e-15 8.340522614866547230e-15 1.779578431006631385e-15 1.781827096373866773e-18 7.528247654847025728e-19 4.330922716453667541e-19 3.033153122035879638e-19
2.984725689508408947e-12 3.090018381637144426e-13 1.926673072790113047e-13 1.379199169799249319e-13 9.109028310828890485e-14 5.268406432015858907e-14 2.440104145175515470e-14 1.165401346621427977e-14 8.298458304422354100e-15 8.338152892910079761e-15 1.786879846115541208e-15 1.387269261093258176e-18 5.791202725101035581e-19 3.295906776447113917e-19 2.311153890946671302e-19
3.282080138610801947e-12 3.093147318421012003e-13 1.930789323747576113e-13 1.395696857051972509e-13 9.254243055907902103e-14 5.192035702654521994e-14 2.490753203906391940e-14 1.153842296914366516e-14 8.163496956832341637e-15 8.282041400514077497e-15 1.837465115568642445e-15 1.465089184848265435e-18 6.143634009708624944e-19 3.534060929439936420e-19 2.425573896979108078e-19
4.389243288363803009e-12 3.074346173253188452e-13 1.890294679873756488e-13 1.388517113083397626e-13 9.245465630373577792e-14 5.149298603585171704e-14 2.434014874418743337e-14 1.149356321238590424e-14 8.327001093529464289e-15 8.295271935739913704e-15 1.791004690292593299e-15 1.397571740275555142e-18 6.085402096821531314e-19 3.503223504920991996e-19 2.424851120704789569e-19
4.068822177268557842e-12 2.892534674414393858e-13 1.931421162374490719e-13 1.392632731013705090e-13 9.105731547263823911e-14 5.199877480800807947e-14 2.480795676124995553e-14 1.160120936642529332e-14 8.343694316758986774e-15 8.397023032601969706e-15 1.787029386197310483e-15 1.459886021512837512e-18 6.070273812502438945e-19 3.643717511599738199e-19 2.538859212784884737e-19
3.834233925322477811e-12 3.081950982551398320e-13 1.954455771341698895e-13 1.368255658705154993e-13 9.259506557514354476e-14 5.181326212193722324e-14 2.470653820875585873e-14 1.162957674589057794e-14 8.291403060509110351e-15 8.276762268307613708e-15 1.836016092163016091e-15 1.532746889081166749e-18 6.487568945197466382e-19 3.796792356497631524e-19 2.594479186891288747e-19
2.990142040653276295e-12 3.015966607949232120e-13 1.912298431076490630e-13 1.373960234960560487e-13 9.060128685342837098e-14 5.136674223274026389e-14 2.451447703861049060e-14 1.162527964790568741e-14 8.224050063363934807e-15 8.420146488833013613e-15 1.792394941006592254e-15 1.314051032884556849e-18 5.557580922258623329e-19 3.137333723822673959e-19 2.215119392018777839e-19
2.877014225844728405e-12 2.966424326436562781e-13 1.924023746123761683e-13 1.385228195653552326e-13 9.224186028806706157e-14 5.243278908041956666e-14 2.481908036547126483e-14 1.162842779411921935e-14 8.266774445633603625e-15 8.211983744068190292e-15 1.780432183598631222e-15 1.425789743908954724e-18 5.745427333517559393e-19 3.374365242338554719e-19 2.301581663112761404e-19
3.815108042789571182e-12 3.099700186097750659e-13 1.895959556830611499e-13 1.398629978157733367e-13 9.006520740010452061e-14 5.118887684267972995e-14 2.438244101288543869e-14 1.169790336010782981e-14 8.186916336457145987e-15 8.313161655147080821e-15 1.799038337646195692e-15 1.517962571071972534e-18 6.443511691153725811e-19 3.730452753163325740e-19 2.589784004756029583e-19
2.863830836618938753e-12 2.982672029345601941e-13 1.891126630196526283e-13 1.397777678475350067e-13 9.296555411469535156e-14 5.189422190038493319e-14 2.425069076270338164e-14 1.164952456038255966e-14 8.322171942729224976e-15 8.198077719851285227e-15 1.815670503286940903e-15 1.383144801929533272e-18 5.854764221400310840e-19 3.486422069626086304e-19 2.382827417524314162e-19
3.441312432191747950e-12 3.006510284078311703e-13 1.930971710559567346e-13 1.386819310457005250e-13 9.451429205606463776e-14 5.216148526676991865e-14 2.480951597010135996e-14 1.174052093424573296e-14 8.220247759531083544e-15 8.367137504714520874e-15 1.806198016841495210e-15 1.489634128310745077e-18 5.936775347059732485e-19 3.562777451256851980e-19 2.401640851060836268e-19
4.054503107044315245e-12 3.093907099051617468e-13 1.855174029595583911e-13 1.393814378886310801e-13 9.212995169473507942e-14 5.172804668945581919e-14 2.474172790599863578e-14 1.160998399243336003e-14 8.434029220972293595e-15 8.298994049864282441e-15 1.811900430980483935e-15 1.601198373356961647e-18 6.953118235806898132e-19 3.950359853459174735e-19 2.778889365146350072e-19
3.493502482357923235e-12 3.059750990186054093e-13 1.868245013244927679e-13 1.405889516207447539e-13 9.313729090048704891e-14 5.120096223598007450e-14 2.432509536597963669e-14 1.162580855036357863e-14 8.263006081962470627e-15 8.263845810676155888e-15 1.816935899372627447e-15 1.408196188943960756e-18 6.252088872438340877e-19 3.637994024807807952e-19 2.448378860938922137e-19
3.538146390604462718e-12 3.051864253866527045e-13 1.875532634198861413e-13 1.397891274097630965e-13 9.194801200733910137e-14 5.225976317087906205e-14 2.435531598400977115e-14 1.138795866169209797e-14 8.176203290998518059e-15 8.247913341776328331e-15 1.796963514641282142e-15 1.557216869811101504e-18 6.633064142967528116e-19 3.861350674948146036e-19 2.679994551214686610e-19
3.644281474761462135e-12 3.048956118749719339e-13 1.871740775715677082e-13 1.406416239379576220e-13 9.236024217217462699e-14 5.226963871063757446e-14 2.429794060459216093e-14 1.152655879019969098e-14 8.265805642412238929e-15 8.275222780464341560e-15 1.786296192333869987e-15 1.420736562588448180e-18 6.048245049234248048e-19 3.531830984529050248e-19 2.463446779366151584e-19
2.771370406040265454e-12 3.077259146492372793e-13 1.880102366187040942e-13 1.385955170265756543e-13 9.174497008426836574e-14 5.210221192334458672e-14 2.506704021352624171e-14 1.169803227558663018e-14 8.300113234616480380e-15 8.249622146587450576e-15 1.827374558873779098e-15 1.648547450230741849e-18 6.953624345610676095e-19 4.028210532702938094e-19 2.790900184270164176e-19
2.714103449580023570e-12 2.982749222150662628e-13 1.928588789628108798e-13 1.390859357092878086e-13 9.234151526474070950e-14 5.275112969573308705e-14 2.485917501273779176e-14 1.155837729022138156e-14 8.265127559176169588e-15 8.246933571199285739e-15 1.820037219657437148e-15 1.525115101369689119e-18 6.349329914676988012e-19 3.759528292381365206e-19 2.606538077661254441e-19
3.797734618909134783e-12 3.000605006329216801e-13 1.863281765563116270e-13 1.378186707838726407e-13 9.203359858873770649e-14 5.230445068069437629e-14 2.442793615350751284e-14 1.161783547310279375e-14 8.240721980005962964e-15 8.230251622542567012e-15 1.839457004185189775e-15 1.524505213928731902e-18 6.369516328387160888e-19 3.654420734109261097e-19 2.529092178919338789e-19
3.241181699362759423e-12 2.978519755119356563e-13 1.947949900955126720e-13 1.364398052622561902e-13 9.123768436365005776e-14 5.098554017522568496e-14 2.401276441077999028e-14 1.155282339749786103e-14 8.340683816690162671e-15 8.314508316975395857e-15 1.841867321200521440e-15 1.422468131096495897e-18 5.942931717825625124e-19 3.505619784120007394e-19 2.381670325048209986e-19
3.224532699538572297e-12 3.044076173658701094e-13 1.895080006485241899e-13 1.367800050690356454e-13 9.182835394893029809e-14 5.212557677191072904e-14 2.454905914672051031e-14 1.161497215087235699e-14 8.364788063990857912e-15 8.310247527750447308e-15 1.798604728154058003e-15 1.450575643433886666e-18 6.077590033560154918e-19 3.597417892226937753e-19 2.451319110706119668e-19
3.273466735547574581e-12 3.053748261342262783e-13 1.904856085848826164e-13 1.363568268191087000e-13 9.355077245677656855e-14 5.131357209705890736e-14 2.440437646587381394e-14 1.157916866898604810e-14 8.237225018718035604e-15 8.190318754568003559e-15 1.844109074400620005e-15 1.670344153745822057e-18 7.003850711591089296e-19 3.968971530247853053e-19 2.793405147370713420e-19
3.697498434229078910e-12 3.082176780132710889e-13 1.933540472903289231e-13 1.405010100198701713e-13 9.157611835864195806e-14 5.278462896434356575e-14 2.474881693111143427e-14 1.158305759129882769e-14 8.242933616161103221e-15 8.254243407846101258e-15 1.791729257589586361e-15 1.492838180729503832e-18 6.265087057512189791e-19 3.651362854942087416e-19 2.558683668014446909e-19
2.709089057589325956e-12 2.942554349486205633e-13 1.886163154963325724e-13 1.401019602104535788e-13 9.097708810821827531e-14 5.211677142203233324e-14 2.454949579601215924e-14 1.174699363308238617e-14 8.198023784403229043e-15 8.270452423487097780e-15 1.784068086202840285e-15 1.645626288120997414e-18 6.778436754731879536e-19 3.858157249268300774e-19 2.712358536522083175e-19
3.008404031559252952e-12 3.030123558711349069e-13 1.909220319484476708e-13 1.408588650536479070e-13 9.415056752727128463e-14 5.172698128476692081e-14 2.461580563898543133e-14 1.165452471325268556e-14 8.266741278619937217e-15 8.200877889476673263e-15 1.802830937881915548e-15 1.453371327038510181e-18 5.857391066727802146e-19 3.384698278109799062e-19 2.348302492524460154e-19
2.378294399128183211e-12 2.978446011021797465e-13 1.885192121279280245e-13 1.354552707965586895e-13 9.292972273042018439e-14 5.143429895615130284e-14 2.463452489944582295e-14 1.157683059826013957e-14 8.198131097950704592e-15 8.316971981970778432e-15 1.805066925528198903e-15 1.484040844400110367e-18 6.175249352148299498e-19 3.603007309113524330e-19 2.502242067602799476e-19
3.464170517325046763e-12 3.047499344420400518e-13 1.954237852283014787e-13 1.396950806312389008e-13 9.025323279905511400e-14 5.220657264068265906e-14 2.453431658895086360e-14 1.168786251405413300e-14 8.200643741652128739e-15 8.266486190128176332e-15 1.780730043656927270e-15 1.487566518806065600e-18 6.002834309683668969e-19 3.656384475336067555e-19 2.503270910470241464e-19
3.439563214678172716e-12 2.928471702539691880e-13 1.890105861947632976e-13 1.393192686847292832e-13 9.135134476218133393e-14 5.204628554168613607e-14 2.451130405789871732e-14 1.159205617971086982e-14 8.234313187291529408e-15 8.223572226891317712e-15 1.800221272957111823e-15 1.585381426126252547e-18 6.688028352905927525e-19 3.818306730054006393e-19 2.608286889794916770e-19
3.877613542277623659e-12 3.144600824067924991e-13 1.918174573083715659e-13 1.390318481678884422e-13 9.232618404528288968e-14 5.196775964075580236e-14 2.466958697370315995e-14 1.165209440810614649e-14 8.294313211431436912e-15 8.320474414298620696e-15 1.809089585438611055e-15 1.448425183851176329e-18 6.089255383974602668e-19 3.662551624299549766e-19 2.492420147354340626e-19
3.807064060815246005e-12 3.025079535735977775e-13 1.947477470342596724e-13 1.386511953141716059e-13 9.388937819297412348e-14 5.211331059618065918e-14 2.455143544188948326e-14 1.151382718314113851e-14 8.213702929210958837e-15 8.230348070561431191e-15 1.812000337465417716e-15 1.526176259742989597e-18 6.230065170890121132e-19 3.626353566321134430e-19 2.533143104738183496e-19
2.801924304529334778e-12 2.976315490543079944e-13 1.916832496010803408e-13 1.378434924571674357e-13 9.233529521666200674e-14 5.135814813782634473e-14 2.429454799175437921e-14 1.163938789665372577e-14 8.290454921352327238e-15 8.310629168433237107e-15 1.786906146482050716e-15 1.465671068002931703e-18 6.000272697869335379e-19 3.606672471911511018e-19 2.482465774006411060e-19
3.094522675464303541e-12 3.141131073383791350e-13 1.915004692386389834e-13 1.386843662990221107e-13 9.365747247302644681e-14 5.147297209171170856e-14 2.419506242885903054e-14 1.156291752295249200e-14 8.192747729083495160e-15 8.269616745586771560e-15 1.846396959138429333e-15 1.490222093398420837e-18 6.333002192147807943e-19 3.633897556993459115e-19 2.514033343873116819e-19
2.931394125686530879e-12 3.018012764150506293e-13 1.894887355004547872e-13 1.385897033954685455e-13 9.283487361278840743e-14 5.158750280892188361e-14 2.453865908484477704e-14 1.143028055067000001e-14 8.138335708967910016e-15 8.364093988473684969e-15 1.788178193816408213e-15 1.631726127490922975e-18 6.452904591304219559e-19 3.959608697313766795e-19 2.726513422174535421e-19
3.688047052568817607e-12 3.023646651065981284e-13 1.895950516176320027e-13 1.415749152842550856e-13 9.463719010622099397e-14 5.152938862402304742e-14 2.455296605064935973e-14 1.175853392465067018e-14 8.303269041089167533e-15 8.296252426786935828e-15 1.855579899811190962e-15 1.411057585340364493e-18 6.006669535198599228e-19 3.511489821419958810e-19 2.402861456273797531e-19
2.623846597686244993e-12 3.142695621255670655e-13 1.927636061673791166e-13 1.424391933444714594e-13 9.273315680301878698e-14 5.210539319651347563e-14 2.425930874472286645e-14 1.147943816921411838e-14 8.268164527317953195e-15 8.315727052602960620e-15 1.820281106338649098e-15 1.658732456035843252e-18 7.225832598971616828e-19 4.145687528834258877e-19 2.833252930060846697e-19
3.414331190883377855e-12 3.032704615444777954e-13 1.876316785524219421e-13 1.392156166585926746e-13 9.104958232480547583e-14 5.201303515225540549e-14 2.452758885861051229e-14 1.155932916567967011e-14 8.280883337525714856e-15 8.276787539196011688e-15 1.764235722750822693e-15 1.438044070164799561e-18 5.929202282372081740e-19 3.517111068464315225e-19 2.428218158664382136e-19
3.742650081918294341e-12 2.894275167230830602e-13 1.871538113984143309e-13 1.386014537554735549e-13 9.300904118361752536e-14 5.190763654288492995e-14 2.467548036389436481e-14 1.145271904533573272e-14 8.317417275376941275e-15 8.300564089425243222e-15 1.798741103589455481e-15 1.368938044824494723e-18 5.751068124753611665e-19 3.317884158819498275e-19 2.289652806422979836e-19
3.646732300437940301e-12 3.096777905980311919e-13 1.901678152842810924e-13 1.388775642368348444e-13 9.223684315972774871e-14 5.126812916421015820e-14 2.418505566117496037e-14 1.166471120286936948e-14 8.272426349410597120e-15 8.238328275838982183e-15 1.807908001502031190e-15 1.500640709644735588e-18 6.315375824624669895e-19 3.602881701247169779e-19 2.511320044980150990e-19
4.087387412363894191e-12 3.113716300894284902e-13 1.897447528875032636e-13 1.390610952228677220e-13 9.250500027792115521e-14 5.159087026740918559e-14 2.499097863239608130e-14 1.175159599115765833e-14 8.250498156379675712e-15 8.326699694348726938e-15 1.789826273914049361e-15 1.601441054317991978e-18 6.797846082307265510e-19 3.992827147101073112e-19 2.777342078806700756e-19
3.631179472117353500e-12 3.087034518047088338e-13 1.941692139967991405e-13 1.397485421286770802e-13 9.193876179402422041e-14 5.107679846197388843e-14 2.489355110394804983e-14 1.181151840982197162e-14 8.206377025226020075e-15 8.379326529467237519e-15 1.794470918264572254e-15 1.470702183789972326e-18 6.285051443832618948e-19 3.632548068242160189e-19 2.546510666127227570e-19
2.705000564701712257e-12 3.021955062602600847e-13 1.880214656295616895e-13 1.353905624977155732e-13 9.277065897776455439e-14 5.171423560757925169e-14 2.467560170539581663e-14 1.166197684349733436e-14 8.216642513544723283e-15 8.312949833941419217e-15 1.791888676925271695e-15 1.528050045079300937e-18 6.160026024098261003e-19 3.631640671798949699e-19 2.505199054214451914e-19
3.005649428533562795e-12 2.981307263332519503e-13 1.934206523586728206e-13 1.378456227605653419e-13 9.244573827937022748e-14 5.193871413811487358e-14 2.443342844764702928e-14 1.162261200471214562e-14 8.271832177680749485e-15 8.410051573490353701e-15 1.772893776170041070e-15 1.543990814052552974e-18 6.286118280344280398e-19 3.694486484463143643e-19 2.535403761894538238e-19
3.156803156093906861e-12 3.011365658697808922e-13 1.908947381535752897e-13 1.381244560205091987e-13 9.238649643165768013e-14 5.195561533147000049e-14 2.438684199601976574e-14 1.159673759279661408e-14 8.255651533524486630e-15 8.411159058375642470e-15 1.844155749682050746e-15 1.591365896280758366e-18 6.732915243565742771e-19 3.858726899498679673e-19 2.667617506494220261e-19
3.181577747740164552e-12 2.976741084036923868e-13 1.891776911512586140e-13 1.365594802224719205e-13 9.282499103160890537e-14 5.208404165022406833e-14 2.464720695755076573e-14 1.155484380948910442e-14 8.375353405559631420e-15 8.189894337649728811e-15 1.857802458874060689e-15 1.701191829334681235e-18 7.294688918566202061e-19 4.112585161886359509e-19 2.868493252895036140e-19
3.508214296058887986e-12 2.948356398560331233e-13 1.931389017014362980e-13 1.387961604933015417e-13 9.207950187862649092e-14 5.222188528942633118e-14 2.456903483746336087e-14 1.158770122983445429e-14 8.249030506279655218e-15 8.219950313836564791e-15 1.820305321557724034e-15 1.516079724923472909e-18 6.442036501924877211e-19 3.694199940955173870e-19 2.580668889778226154e-19
3.149188349025399980e-12 3.043906980160382279e-13 1.958365793337797897e-13 1.392396010423741851e-13 9.172733128013897053e-14 5.147291288682155785e-14 2.444000792563476688e-14 1.159358074218254147e-14 8.328606750428633147e-15 8.307779038939563127e-15 1.826399817999083393e-15 1.419019744579223562e-18 5.768369878243438141e-19 3.422255985717506706e-19 2.347412119308210814e-19
4.728036699616223163e-12 3.036023340732421229e-13 1.871545903343814359e-13 1.432163878695411760e-13 9.216847715765776754e-14 5.216410825905613486e-14 2.464368916670539467e-14 1.139633932072421557e-14 8.217176782955579921e-15 8.308565411212491115e-15 1.858186547360245951e-15 1.562112492881105235e-18 6.249184333513005693e-19 3.763164057458822569e-19 2.620181055929600083e-19
3.312541238271137760e-12 2.939627233650314239e-13 1.951178072605784556e-13 1.407374741769940349e-13 9.269571536743153702e-14 5.221245016433595168e-14 2.438565765400286794e-14 1.166926232234062702e-14 8.403036436628059832e-15 8.253017284414168072e-15 1.778631227412307508e-15 1.646823475317533030e-18 6.886100130295986901e-19 4.132311544574984818e-19 2.824775275643789498e-19
3.079680821153624825e-12 3.029959164602064822e-13 1.943858983926970908e-13 1.375230314573774831e-13 9.124110324042229429e-14 5.185706184901188215e-14 2.459201792913831182e-14 1.166727668526927879e-14 8.226862275694588199e-15 8.254514335470238513e-15 1.794898319817527740e-15 1.581081977912699243e-18 6.362450834924533221e-19 3.770657054380984495e-19 2.526957701704287495e-19
3.745817765110270819e-12 3.016454942795622559e-13 1.892436958798617100e-13 1.391933156683100350e-13 9.289202457068416552e-14 5.211456839419770972e-14 2.463682491845305338e-14 1.168908107222178889e-14 8.177538038054373491e-15 8.298672806873924780e-15 1.792430900259216986e-15 1.688313042123854918e-18 6.712817034116725956e-19 3.958381449892094794e-19 2.743012474656940376e-19
3.446428405931084287e-12 3.013643819911650824e-13 1.926213351666374220e-13 1.388882481082125203e-13 9.105356403966709721e-14 5.253422522829018124e-14 2.439536081601099656e-14 1.161572941523067873e-14 8.237209781624560065e-15 8.328428823622830829e-15 1.791897286981609408e-15 1.597232385087443702e-18 6.929473832342712702e-19 4.065367483945399670e-19 2.774690575474441377e-19
3.469908863886340827e-12 2.960014213830243482e-13 1.956056599445755268e-13 1.401946816931716387e-13 9.361255267964927175e-14 5.233559905710823909e-14 2.452256681184537542e-14 1.155124329481755513e-14 8.352408010526189881e-15 8.311188272079515030e-15 1.823570533402015972e-15 1.632599965812719222e-18 6.819777801413376818e-19 3.997450104394425639e-19 2.770616118962439811e-19
3.194262773522166457e-12 3.036439469109970616e-13 1.872765808015244532e-13 1.392395851571620578e-13 9.329385179168129770e-14 5.166775429425889702e-14 2.454753984033083065e-14 1.165183027779034519e-14 8.172137389378674198e-15 8.284678590459004053e-15 1.820165303848346510e-15 1.458654328884407049e-18 6.166732328044808830e-19 3.570322994172953279e-19 2.461711748440791585e-19
2.717345748096198885e-12 3.063677056391382498e-13 1.920503062938443586e-13 1.363878365197396299e-13 9.143279949610719144e-14 5.201293577451905343e-14 2.483259543124881857e-14 1.177103174283635607e-14 8.287030154426489498e-15 8.372168363028778612e-15 1.811703987801400388e-15 1.681962425400684597e-18 7.313184607826249371e-19 4.258405561516463097e-19 2.992713393085190622e-19
3.499715078648626170e-12 3.027145928077132024e-13 1.909182453909823504e-13 1.371255748470364248e-13 9.226767299783006785e-14 5.161337848346595625e-14 2.433036771733710120e-14 1.145031202506734438e-14 8.277146902880768341e-15 8.301340142411669357e-15 1.810673636546137429e-15 1.411135457913294019e-18 5.754515517129457260e-19 3.310416812300396621e-19 2.300730039422496268e-19
3.368014006864825007e-12 3.087539266731063939e-13 1.938653934735518646e-13 1.391919125807873124e-13 9.260732192867507051e-14 5.257846484461467887e-14 2.440201355931504710e-14 1.169105389278236903e-14 8.190929305568314413e-15 8.210352745010410682e-15 1.795072262129980637e-15 1.437067594007393432e-18 5.966837944605221609e-19 3.585773547341910133e-19 2.462629936536136311e-19
4.335083626965037232e-12 3.005637545815576518e-13 1.916417381320147309e-13 1.396891387441199708e-13 9.239648573776705139e-14 5.236110619904485358e-14 2.443970657757401637e-14 1.139511719082898649e-14 8.188106479553815033e-15 8.310642691825181949e-15 1.833523640431988907e-15 1.575008975802721464e-18 6.396080827847200731e-19 3.783098775161382395e-19 2.567082549862136239e-19
2.672357235713181790e-12 2.980223637000864231e-13 1.875468084844874575e-13 1.382354358317828092e-13 9.224067988315424837e-14 5.130803089486364683e-14 2.424610679746310344e-14 1.157437645077276577e-14 8.172356750603757778e-15 8.338842313381039704e-15 1.833989168289924487e-15 1.661659075960161871e-18 7.151754939612671481e-19 4.128929711295467270e-19 2.816820187861919477e-19
3.175594746932317211e-12 3.112974088946874247e-13 1.900297926755735738e-13 1.388137648675729113e-13 9.165335844787472578e-14 5.117174811685249433e-14 2.467057240154645927e-14 1.142721168673291230e-14 8.240153371524676222e-15 8.383935119946697856e-15 1.822348046618057528e-15 1.424906168747146932e-18 6.199205639597620162e-19 3.500327806318083591e-19 2.413788983191499750e-19
3.328306858368333197e-12 3.023729942217163188e-13 1.886101211669374960e-13 1.399174358966638720e-13 9.085277351763195779e-14 5.217192750630706617e-14 2.452691216579930899e-14 1.151709654096135477e-14 8.220063929488049569e-15 8.284099826544220351e-15 1.806067278833420933e-15 1.693878746574869053e-18 6.850667108717381420e-19 4.017340909544542472e-19 2.776020403570166036e-19
3.775863181491199128e-12 3.067183245707462453e-13 1.919235754435148654e-13 1.395945111841544068e-13 9.282177923147576223e-14 5.199723176631513992e-14 2.447027745725418599e-14 1.157551135133325222e-14 8.275658476589801179e-15 8.308937017471486447e-15 1.787420331460438805e-15 1.571778191395219645e-18 6.603734634242673007e-19 3.893777100882448318e-19 2.662061154410036651e-19
2.735855817682111270e-12 3.037092512789204812e-13 1.933079185933607963e-13 1.374942038762910380e-13 9.195005029323134234e-14 5.225101072549341206e-14 2.462691192045139144e-14 1.151546658094835277e-14 8.350718964020836979e-15 8.240365313478922628e-15 1.821414697070396301e-15 1.573951240930621188e-18 6.073772230193633086e-19 3.600886979052012468e-19 2.503389202520072532e-19
4.862859278923648969e-12 3.013189325229995713e-13 1.909375343554992904e-13 1.390260479253866517e-13 9.214929043359400658e-14 5.244214313369764276e-14 2.485829440139445865e-14 1.149759177345781204e-14 8.274385459269745117e-15 8.409208741022208582e-15 1.795187110224421477e-15 1.558147553664002899e-18 6.575677561741928424e-19 3.890879083309155408e-19 2.698324070874252725e-19
3.485175881201001003e-12 3.004823388119712921e-13 1.924488897958905467e-13 1.408769085759805703e-13 9.448167179583017007e-14 5.167332613273731713e-14 2.427757142059676728e-14 1.148040037250618672e-14 8.310726967638374295e-15 8.281594959995762664e-15 1.826957561434814190e-15 1.454959447716464614e-18 6.262501061156971008e-19 3.673890175160177067e-19 2.551074032583875258e-19
3.983045724857342881e-12 2.969063375780230643e-13 1.902112820349492525e-13 1.389520640469816885e-13 9.341373531112891762e-14 5.128062811405123536e-14 2.466206846609619313e-14 1.169369841205707962e-14 8.351912794169443805e-15 8.352691643572427754e-15 1.842306240229772344e-15 1.848262360608462003e-18 7.430669516394868971e-19 4.363661798953748901e-19 3.009884257492336302e-19
3.676527458491901629e-12 3.005271098364083333e-13 1.938338381759772946e-13 1.404299069106676606e-13 9.199156075030952941e-14 5.209227318502771952e-14 2.449346268409357884e-14 1.165155675465090000e-14 8.138678268400527977e-15 8.389406733291962882e-15 1.790168159311885698e-15 1.434745086901551477e-18 5.931167787372597023e-19 3.433214245849991839e-19 2.386183392921064606e-19
4.211826323376579830e-12 3.049484118976530461e-13 1.883742789678431037e-13 1.377600750886942226e-13 9.081458003738465059e-14 5.196744204695676695e-14 2.483099152356226997e-14 1.166026466618823260e-14 8.230378749883723152e-15 8.261812567961736035e-15 1.792854531228379400e-15 1.467137262318561844e-18 6.214080605354398827e-19 3.625788516057620049e-19 2.495402667758920769e-19
3.146534504990502709e-12 3.099931939883641304e-13 1.905901651938085973e-13 1.382833058288771526e-13 9.251554603021473606e-14 5.182891730419214034e-14 2.466483283312708089e-14 1.152272501142793714e-14 8.253043467661154287e-15 8.345550353749056749e-15 1.787158859856972263e-15 1.465049284177575843e-18 5.899049291192694641e-19 3.522463114433271374e-19 2.452970020540080195e-19
3.280752005748885945e-12 3.043500635075920630e-13 1.886890120888319003e-13 1.387288870249256168e-13 9.091235696714314747e-14 5.172412655663726389e-14 2.459874261826969332e-14 1.153774324721695060e-14 8.191806069796676626e-15 8.253689473786970472e-15 1.796054233776768312e-15 1.576413884278731719e-18 6.418040010178848846e-19 3.778602122927530078e-19 2.603209504161875029e-19
3.588558651931879752e-12 2.920227515202948306e-13 1.952368029638522076e-13 1.394329300286392180e-13 9.114568106444386155e-14 5.204875303294680746e-14 2.454238471374863249e-14 1.163207446896711018e-14 8.221317858242756755e-15 8.270517345241501701e-15 1.836307816941454977e-15 1.716986709293702535e-18 7.103774020918071782e-19 4.049190184106217799e-19 2.815132075113915721e-19
3.120959740178389732e-12 3.093492717398511616e-13 1.935988839549121711e-13 1.388345704335674933e-13 9.318445549581774623e-14 5.241614539108638177e-14 2.408113455842643791e-14 1.172236404271734488e-14 8.267718111477540928e-15 8.315859076189743814e-15 1.806893613515704368e-15 1.634146479617384641e-18 6.640965537327491946e-19 3.954070910771670604e-19 2.717201120346901354e-19
2.620104980751609505e-12 3.009661146397560556e-13 1.857791862122732554e-13 1.374867761154385249e-13 9.198515131749737031e-14 5.165449087521616324e-14 2.456852178527501583e-14 1.144686525759720288e-14 8.307871580727083189e-15 8.252858491557106545e-15 1.772367206020521698e-15 1.576574334127937969e-18 6.180528355719193103e-19 3.758928188826083459e-19 2.571266532833866356e-19
3.277571613989190725e-12 3.040701750353910375e-13 1.912206673372286508e-13 1.401480319414952879e-13 9.167822857961569912e-14 5.196268564356098388e-14 2.418218482638666714e-14 1.160286826007134326e-14 8.293415842366789923e-15 8.302924656067115398e-15 1.771483884982808980e-15 1.796736443941102512e-18 7.125076300730356342e-19 4.297585172192081301e-19 2.918739700231348920e-19
4.805825082945975638e-12 3.112389990015620247e-13 1.888146280779346410e-13 1.404082908173121488e-13 9.401631514612791306e-14 5.256380570184667769e-14 2.452423286831621348e-14 1.162244218219628735e-14 8.290089247687551990e-15 8.317287129996415839e-15 1.814154859330235021e-15 1.550278514172228829e-18 6.684050089073336520e-19 3.872079336819343312e-19 2.696319526159303202e-19
3.818989097696151697e-12 3.046384440942398783e-13 1.926962759779069881e-13 1.370897142369296528e-13 9.264118163110107356e-14 5.190547115229197492e-14 2.448344599511074879e-14 1.149624617219743249e-14 8.228710946233993993e-15 8.225304869726635709e-15 1.749265263586909702e-15 1.622565224200408052e-18 6.614246151646791767e-19 3.879309711153977126e-19 2.662281576335990044e-19
3.293195199559713125e-12 2.987781188782577666e-13 1.896856248899466047e-13 1.397677417536537938e-13 9.099291678310888904e-14 5.225388612981000194e-14 2.456554269203029991e-14 1.154713839801087896e-14 8.243654206177437012e-15 8.239541169909844598e-15 1.801625886096112763e-15 1.420301079438178521e-18 5.846804779483969417e-19 3.443884251751034138e-19 2.377291599602602839e-19
3.594360549216816630e-12 3.051261644244321504e-13 1.894952408660422727e-13 1.393052442184442050e-13 9.280416992824507308e-14 5.165276540300164751e-14 2.470153865675071239e-14 1.154571137701905967e-14 8.219614222395980695e-15 8.329733818856542833e-15 1.801494975192223220e-15 1.591130875728896402e-18 6.632623841217492946e-19 3.806885149372732599e-19 2.668753541711923412e-19
3.079182250396031599e-12 3.060342832683796203e-13 1.902210491455903794e-13 1.388155144655582368e-13 9.261125400618743124e-14 5.181690387440466880e-14 2.443934600563533097e-14 1.159251173869710312e-14 8.295131693842780541e-15 8.289795090674047745e-15 1.851598157077490328e-15 1.436617462271054397e-18 6.192288342216047677e-19 3.577979488179328925e-19 2.457100074588119783e-19
4.548538488986000747e-12 3.107471774000912536e-13 1.910264530886252244e-13 1.393129315096893900e-13 9.330295024529550612e-14 5.230448359189792125e-14 2.470724447134355822e-14 1.164825432158170547e-14 8.144121092873356521e-15 8.288243117849059697e-15 1.782754424558626032e-15 1.548102519091943838e-18 6.419475432113319700e-19 3.832158573334911915e-19 2.657311982944710734e-19
3.100275657516721196e-12 3.019172195472779121e-13 1.880087427122740581e-13 1.374766915710102965e-13 9.237739662640591505e-14 5.262992243307041885e-14 2.460527490144985127e-14 1.161601658137444457e-14 8.306889262015846981e-15 8.293541234568156279e-15 1.764999100795866039e-15 1.237936284861280070e-18 5.170184060850879555e-19 3.025988059730585031e-19 2.091352878489423216e-19
4.193248810969526693e-12 3.059549120682859690e-13 1.932339430007098019e-13 1.375047674232121889e-13 9.188688295069643299e-14 5.211164323633041380e-14 2.458944266766449226e-14 1.161480520068739127e-14 8.297415211249132760e-15 8.311495556564599381e-15 1.831525660225586605e-15 1.357376299582073251e-18 5.636363821992085512e-19 3.319359168939937757e-19 2.325935498791891866e-19
2.854872225794862411e-12 3.116102694584386192e-13 1.920760777848153424e-13 1.397579574943632110e-13 9.275796123875594270e-14 5.213521631071059706e-14 2.430910883292194130e-14 1.150551772451379945e-14 8.276674715448986876e-15 8.236052584226206060e-15 1.813948953267186965e-15 1.581786406565825040e-18 6.525874001529630432e-19 3.817185182955426063e-19 2.632738457132671657e-19
3.203687948872477379e-12 3.044156179531761431e-13 1.920732453778754794e-13 1.403654454914254751e-13 9.134453013727689046e-14 5.193801131761356541e-14 2.455681741342542516e-14 1.159629615196042369e-14 8.268382144657169800e-15 8.319992225561435583e-15 1.799040619672179413e-15 1.561089701456655061e-18 6.463642364385204896e-19 3.875588222316401760e-19 2.678557878931223416e-19
3.385395877220036175e-12 2.969874861863381249e-13 1.880385638745381536e-13 1.385838883191934261e-13 9.293198068505609800e-14 5.159954318224600623e-14 2.465025664381682356e-14 1.142892052104983685e-14 8.226617438173326330e-15 8.410490951409489874e-15 1.811628331252123535e-15 1.457702278918059994e-18 6.069338845582497683e-19 3.537044812886654334e-19 2.436018666856536829e-19
2.751659077177383610e-12 3.010948475598053337e-13 1.900882873384728883e-13 1.397329714174263946e-13 9.102100900030028589e-14 5.189887338763908540e-14 2.484691259260365278e-14 1.159243531717923963e-14 8.284829666900625680e-15 8.313521258270941550e-15 1.773303005512504681e-15 1.667435728792060198e-18 7.236781099599977750e-19 4.223640481849097577e-19 2.930626231434431136e-19
4.474661614000666343e-12 3.022374852241783403e-13 1.925844299281928781e-13 1.380741779510201226e-13 9.413448680026890566e-14 5.207389907718760767e-14 2.458520227882481971e-14 1.168089701511338839e-14 8.369039767408545433e-15 8.292705684303730653e-15 1.810439483847696660e-15 1.430566503506843890e-18 5.856088803735311567e-19 3.462507968226250648e-19 2.428007456167413633e-19
3.744300878715710064e-12 3.103085455460388110e-13 1.906379660707793860e-13 1.398630612281526292e-13 9.281113375873852502e-14 5.288606656659086083e-14 2.430539721188473996e-14 1.146333032385476170e-14 8.331992946691441819e-15 8.221681099467382135e-15 1.742024022379430618e-15 1.634173486358865630e-18 6.664867173721125460e-19 3.909897225789699626e-19 2.705447333485643420e-19
3.527231394183978918e-12 3.120297401933001090e-13 1.869798592249876320e-13 1.372896332834360045e-13 9.306553497427383591e-14 5.160657331763785909e-14 2.445232857906633554e-14 1.159016583419965516e-14 8.267946224109974453e-15 8.229133764747449909e-15 1.844248200015531359e-15 1.827000213557543055e-18 7.582569920899833133e-19 4.476291669886301316e-19 3.101464480991063764e-19
2.883609993308410221e-12 3.000724900163509497e-13 1.912187081289980415e-13 1.393296071132945870e-13 9.300681205662488303e-14 5.188711801699289229e-14 2.456330464524715855e-14 1.150739100790801743e-14 8.284883808022636464e-15 8.303824390974466568e-15 1.788581763798003215e-15 1.262929669771773538e-18 5.291439667299154811e-19 2.986274863999878740e-19 2.107899806708232791e-19
3.568912419956340707e-12 3.010396580286032090e-13 1.927631205250698800e-13 1.383850378878169881e-13 9.118381682147149700e-14 5.102907041958755654e-14 2.438804293081320007e-14 1.159429588030829693e-14 8.263877640682330093e-15 8.223380724983987495e-15 1.785406754820642758e-15 1.411192884672991680e-18 5.871435794813063810e-19 3.375883801163436690e-19 2.395516193671346469e-19
3.484962386405398813e-12 3.040584093145905814e-13 1.895768312703974686e-13 1.385051466295104324e-13 9.321685974971709388e-14 5.118509584424627434e-14 2.452747987173642954e-14 1.163177604074643022e-14 8.249474097511156043e-15 8.281234170315141161e-15 1.836513659294053966e-15 1.591009558438366185e-18 6.660515933273020512e-19 3.925252590959455783e-19 2.693506547703663823e-19
2.786360569667941045e-12 3.046311813657252746e-13 1.881435398429918280e-13 1.392778098899233754e-13 9.335566907137238252e-14 5.098988305606633997e-14 2.435736832822952035e-14 1.149174948364786550e-14 8.305881665770007602e-15 8.319320323024986934e-15 1.848956152065694478e-15 1.590862846583305387e-18 6.529231977943675451e-19 3.771146682699319878e-19 2.635774163248854281e-19
2.272513569788906353e-12 3.059847198377909958e-13 1.925930692040889052e-13 1.395798749898374273e-13 9.246137847784177354e-14 5.189584176991478495e-14 2.445374956723978940e-14 1.165758918520015484e-14 8.289381197288629446e-15 8.251946898695605160e-15 1.756289273196744750e-15 1.472466323489077236e-18 6.045940707864221632e-19 3.454460011235554503e-19 2.406893926576951242e-19
3.852883909292853021e-12 3.071416262624131432e-13 1.879336638842546774e-13 1.378724738561173432e-13 9.170618786254064616e-14 5.164827739207167698e-14 2.453521666271061615e-14 1.166084736882957479e-14 8.304233903724284646e-15 8.354127027227350019e-15 1.805260981687846688e-15 1.470944165149042875e-18 6.104740678477780135e-19 3.587296275313225714e-19 2.498676919581850023e-19
3.283102293674730126e-12 3.016776511819724727e-13 1.909424293658945672e-13 1.387388964842306868e-13 9.123472341623192517e-14 5.226673351232713075e-14 2.474314545695384100e-14 1.160450231463914377e-14 8.264574626335476889e-15 8.327294204921664241e-15 1.828989274084191553e-15 1.676343313027278049e-18 7.108778505837386937e-19 4.155393010845539758e-19 2.863107872455720213e-19
2.836511911296802681e-12 2.987774459133614470e-13 1.920450415855832665e-13 1.396765984803003332e-13 9.158673552311829629e-14 5.186599149647717739e-14 2.474707644424076284e-14 1.162442176113943162e-14 8.287515044370263700e-15 8.282848608305763764e-15 1.788408580723924700e-15 1.545371957301810801e-18 6.474593129560626657e-19 3.816099487264209222e-19 2.593690040501014032e-19
3.453843804377755978e-12 3.054968874207053996e-13 1.878415428461436654e-13 1.397972387975889380e-13 9.346030335598431532e-14 5.133724780708362593e-14 2.473853001932890980e-14 1.158140630867277353e-14 8.258210567779665426e-15 8.234397294927526902e-15 1.818092023540057446e-15 1.465785270748081434e-18 6.077186084353575490e-19 3.544081581675606548e-19 2.435023149601844730e-19
3.914550851432224660e-12 3.093042226921107270e-13 1.913886143854044853e-13 1.429661487963971472e-13 9.259097728988792390e-14 5.201102573388044523e-14 2.456422149583120966e-14 1.151528490841658531e-14 8.275888952370862143e-15 8.308289893998308343e-15 1.766616797349790317e-15 1.477096121045905189e-18 6.003398585165791877e-19 3.458012613928103591e-19 2.396821975425170478e-19
3.625414761798299133e-12 3.050857824569960133e-13 1.878985147943855968e-13 1.378332735294089605e-13 9.226577290732819743e-14 5.182511553418298141e-14 2.438605729152233647e-14 1.153108379825045769e-14 8.239146673823006502e-15 8.328152038282724628e-15 1.810481729100901178e-15 1.545457580464288736e-18 6.350024864833003980e-19 3.744172829490979563e-19 2.603060905472418023e-19
3.530626252625940722e-12 3.048990038479255363e-13 1.896815666954500440e-13 1.384723436570573468e-13 9.234818101441737173e-14 5.175997425028106961e-14 2.441738194787928119e-14 1.168076658357681339e-14 8.115174207990776518e-15 8.389451261231566932e-15 1.791688814138495997e-15 1.448594533216290273e-18 6.163950162462261350e-19 3.635545805801650807e-19 2.527544668942858482e-19
3.839207529306863222e-12 3.068934787835802681e-13 1.866753719909530841e-13 1.351340180670539563e-13 9.288619670065461802e-14 5.197621867517984113e-14 2.434833423612514541e-14 1.151755738788578081e-14 8.196910323514122947e-15 8.365399380065835102e-15 1.801694725994083299e-15 1.457626583760910041e-18 6.078783281557441675e-19 3.618007935420009916e-19 2.459251945243653308e-19
3.024305509694864036e-12 2.985443809261676385e-13 1.919864730176622755e-13 1.366945564031734637e-13 9.184703939553520281e-14 5.200813589224891328e-14 2.426276976366999122e-14 1.164232892063229902e-14 8.198743631551600771e-15 8.242580521593947718e-15 1.834452868304216020e-15 1.618723802906433665e-18 6.842883830687647611e-19 4.004857031420111421e-19 2.779365461305256434e-19
3.511788987112012049e-12 2.913398960242369040e-13 1.905635542593735041e-13 1.399841630270488558e-13 9.271731372478057832e-14 5.278918688385709711e-14 2.448012407771451213e-14 1.154135557142834258e-14 8.352339450816364198e-15 8.277157301349186710e-15 1.787112222746258667e-15 1.675057029353389721e-18 6.876032551607889561e-19 4.010682001264971579e-19 2.809780524717424438e-19
4.036932755021872284e-12 3.068396463280926867e-13 1.928000616898742645e-13 1.392134974783034211e-13 9.187628917013860563e-14 5.193587309452038185e-14 2.480022258321553277e-14 1.157984297358000964e-14 8.249338120165400859e-15 8.295759158446003853e-15 1.815319726270468902e-15 1.559104588939003955e-18 6.649111763116129853e-19 3.873940214727096742e-19 2.636202403233040671e-19
4.671575591105448907e-12 3.127921756695584453e-13 1.913064712725825733e-13 1.388498691929223853e-13 9.201099067595565108e-14 5.313386693432325386e-14 2.435426683187635478e-14 1.144653488322723643e-14 8.283879336720116077e-15 8.300566102317309491e-15 1.819778199518799668e-15 1.537934477104749189e-18 6.275149693649852477e-19 3.739573818278323601e-19 2.515973428833694373e-19
3.278427769541550778e-12 3.024697401744309483e-13 1.923171374404348129e-13 1.412465470629263624e-13 9.150157938895225017e-14 5.133933754122877528e-14 2.483277930212398088e-14 1.159880384443917901e-14 8.249867238551466577e-15 8.237853190464438463e-15 1.788529330375258389e-15 1.454685889216864918e-18 5.957661343806476003e-19 3.447933533851239479e-19 2.364067600059016855e-19
2.626213937494766129e-12 3.086816893526189273e-13 1.913982961809876644e-13 1.393975086330142628e-13 9.173331007710051456e-14 5.220628602832608811e-14 2.463355010646261328e-14 1.153210578949224210e-14 8.281557721439376937e-15 8.323952001871324335e-15 1.833159305453471681e-15 1.628362423090433938e-18 7.059939834004490797e-19 4.103640362641408754e-19 2.774575046245485798e-19
4.054798966198415654e-12 3.007129094123700968e-13 1.867100753496926860e-13 1.375415922910453501e-13 9.228018521236250159e-14 5.211034222806364449e-14 2.432705355084860696e-14 1.150370866342515474e-14 8.322028888632983195e-15 8.235165647495342228e-15 1.781247766561329587e-15 1.390561247774922469e-18 5.713104314651537970e-19 3.282351044468371857e-19 2.274362520344035785e-19
4.406075005117436955e-12 3.058981339403594744e-13 1.956194756240498921e-13 1.396085544336003558e-13 9.253418461445233129e-14 5.176590648833183067e-14 2.445174922123712947e-14 1.145596232866903591e-14 8.195638884932283582e-15 8.328304131704488707e-15 1.811133493341870455e-15 1.511291971825809136e-18 6.442323191977342749e-19 3.787162783092570284e-19 2.634091416867893695e-19
3.590770657175247793e-12 3.115457923228583983e-13 1.885233158960750576e-13 1.356729403341059106e-13 9.351721666031301497e-14 5.214788885451613129e-14 2.453502709219772818e-14 1.167363077569486437e-14 8.273937414994908073e-15 8.247588368276152627e-15 1.820189793138573179e-15 1.521869456958170354e-18 6.324519552827334166e-19 3.681971580640166447e-19 2.594399333337984882e-19
4.254357433642711597e-12 3.031434098357993859e-13 1.913524722946729420e-13 1.388550387363731281e-13 9.199231617521222389e-14 5.118887961116062158e-14 2.450054282870900213e-14 1.173449641181293560e-14 8.220253478733618292e-15 8.329057292594830341e-15 1.811873878139562360e-15 1.540617802478862243e-18 6.575312518873550353e-19 3.765769129615703615e-19 2.619695696531972414e-19
3.619356197963747365e-12 3.003146182739917375e-13 1.915247772277675621e-13 1.390078396335276518e-13 9.038667901264191122e-14 5.206283823110766452e-14 2.452256190978807123e-14 1.168658780524179065e-14 8.275100090012347929e-15 8.397180281874778878e-15 1.752507823423251792e-15 1.383842861912926590e-18 5.618915455475402977e-19 3.327779268289418499e-19 2.282577282332399070e-19
3.714134479788786669e-12 3.034158318324262808e-13 1.907146030158036105e-13 1.394307178578310859e-13 9.382076705402465828e-14 5.050849687968142956e-14 2.476753951228600001e-14 1.168652432992393610e-14 8.259697447676901029e-15 8.392621586251982209e-15 1.769385192128941348e-15 1.569016240325828220e-18 6.616311878961361498e-19 3.893345060083024917e-19 2.716520228969492200e-19
3.170396987003148572e-12 3.131454483585713806e-13 1.886005107262477360e-13 1.373018081995687664e-13 9.288033605677740577e-14 5.200746792822649295e-14 2.460590321061209251e-14 1.166415206777153386e-14 8.196972875643534414e-15 8.244918714734535791e-15 1.808271837574689114e-15 1.534823336911670483e-18 6.296786684741199077e-19 3.636388719232918394e-19 2.475586669013158310e-19
4.516671317413978641e-12 2.981529165454843174e-13 1.892428628440373828e-13 1.392947144957864089e-13 9.297416275127713779e-14 5.165588536031142982e-14 2.440714565923865437e-14 1.161435973321479091e-14 8.275174796964953757e-15 8.283259326402323070e-15 1.823629940146760496e-15 1.550781841342827750e-18 6.507918612333173213e-19 3.819218166032406983e-19 2.661363047586685097e-19
3.260151470595216023e-12 3.028607254430086823e-13 1.885339434631543068e-13 1.410312536030066403e-13 9.247418218951655034e-14 5.142126855239007551e-14 2.450238331923706084e-14 1.147773947065229361e-14 8.275104144917220829e-15 8.257957685845236266e-15 1.765091997859844511e-15 1.441472976764129272e-18 6.047222958614493395e-19 3.520886409775306162e-19 2.435122900937560665e-19
2.608879503370494223e-12 3.141680085590966655e-13 1.929790137370089607e-13 1.399479468345151541e-13 9.186621449568185180e-14 5.178245013628516438e-14 2.461541822933485128e-14 1.165382447129922915e-14 8.316367480646033242e-15 8.418999086592135780e-15 1.810430223217742802e-15 1.563272472136194007e-18 6.357920074613016027e-19 3.728558253227989171e-19 2.617353585226670603e-19
3.407582229499392375e-12 3.008444901292962920e-13 1.923971250884622555e-13 1.386023413472875306e-13 9.248008387222188654e-14 5.139811503919855437e-14 2.433870274222648452e-14 1.164215126509377015e-14 8.348804429569899909e-15 8.331969600402249299e-15 1.792513511240011809e-15 1.499008988111500727e-18 6.483213322970133499e-19 3.803145324573280168e-19 2.644747084155572599e-19
3.386953824708147425e-12 3.058937374366193645e-13 1.912302177007363968e-13 1.378070625996624311e-13 9.248284629583744870e-14 5.214076379487206387e-14 2.463561044017997497e-14 1.165765282412726730e-14 8.356462686312759622e-15 8.327485631438873565e-15 1.838051474978235810e-15 1.604006192336704253e-18 6.668187291736547357e-19 3.982969765329469675e-19 2.706766175430799428e-19
3.442710079332647670e-12 2.919797797010108098e-13 1.920995717762664363e-13 1.402707535313534328e-13 9.182796103263779421e-14 5.261869522513838646e-14 2.454772334756893090e-14 1.159776927738435974e-14 8.257620789064904911e-15 8.356190071290708766e-15 1.810252903189730327e-15 1.414628529941896781e-18 6.004419295145395300e-19 3.558359744950503540e-19 2.433891649788630498e-19
3.533493577834889894e-12 2.908578207167619450e-13 1.924020405003894965e-13 1.397490156961594920e-13 9.083123394135746383e-14 5.171275920512350321e-14 2.479610597770771502e-14 1.169406285203202920e-14 8.303633797605152893e-15 8.356907853893708505e-15 1.854518330183864064e-15 1.394313895229290144e-18 5.857442711907722708e-19 3.376824739972722845e-19 2.347076311620942522e-19
4.975951769192308608e-12 3.028100599965703241e-13 1.933061816300812904e-13 1.400192004262451859e-13 9.236614524635356931e-14 5.236091290555851603e-14 2.443421842455428724e-14 1.164788084955048112e-14 8.255652271780709466e-15 8.242888502445947243e-15 1.809399421209449870e-15 1.532248253239625403e-18 6.621589149439722034e-19 3.804707603683567596e-19 2.653016722986190028e-19
3.644978220546222363e-12 3.124589500833861703e-13 1.871554450081543359e-13 1.386102283381042052e-13 9.196865134850853204e-14 5.236580673812760651e-14 2.478056013412377479e-14 1.164107766059100498e-14 8.297956767030538457e-15 8.281228189538178932e-15 1.835089065900016709e-15 1.499887157443748935e-18 6.423324239287303039e-19 3.671997199432670505e-19 2.504887099709132169e-19
