# Cls sims
1.251295881796578135e-06 8.898223650265564542e-07 5.768424578907503176e-07 4.002787549402426909e-07 2.763359754426182931e-07 2.079339974974505154e-07 1.613264751538834938e-07 1.281319167444859094e-07 1.010548064268254062e-07 8.375697089244673507e-08 1.674383368637997740e-08 1.582978300638934272e-11 6.699949389593020992e-12 4.005847440463736512e-12 2.795878480731472189e-12
1.351897218911603535e-06 8.982027612881683306e-07 5.786794099089383679e-07 4.070109134610737751e-07 2.723903151050417705e-07 2.060902666781775379e-07 1.595536503681745187e-07 1.267833259508543237e-07 1.014171182720976797e-07 8.468366609458172239e-08 1.638233973459657912e-08 1.543051646902271247e-11 6.458616044377833051e-12 3.741603305417399316e-12 2.584948145299615588e-12
1.338743125742483077e-06 9.057811723128609015e-07 5.728519082694903982e-07 4.053148251239725368e-07 2.778419252207331332e-07 2.088766429195649310e-07 1.630866564591064747e-07 1.276948760231377702e-07 1.025918484755024467e-07 8.407598744162259407e-08 1.641200794562726524e-08 1.557000899291675512e-11 6.215939787226591509e-12 3.635293686256121560e-12 2.538742685065884208e-12
1.310125798375248457e-06 9.120628845218168262e-07 5.658936715761595093e-07 4.038357666259936533e-07 2.739121085522745534e-07 2.139284587384783449e-07 1.600920256443016330e-07 1.266945026006943826e-07 1.026428835981642519e-07 8.400928686758037827e-08 1.623953799529472549e-08 1.487258921158699545e-11 6.612052723669287973e-12 3.788029331691841456e-12 2.609942278853067661e-12
1.360522831070047992e-06 9.261500022350696676e-07 5.711510174947796971e-07 4.104434449935105275e-07 2.785406292900685074e-07 2.079962660591194493e-07 1.642326733980916587e-07 1.271994972586517304e-07 1.031639555068538669e-07 8.427437081278221341e-08 1.681856760835928319e-08 1.515439696856305819e-11 6.485016228974964341e-12 3.712681267028352412e-12 2.599604895806422043e-12
1.309056804987497583e-06 9.223956845762857097e-07 5.730507916446550414e-07 3.973262053258222044e-07 2.737581010894415220e-07 2.083867255173939890e-07 1.630925377855701766e-07 1.248973179109773919e-07 1.028075467544296516e-07 8.480368895626504826e-08 1.690300832493294110e-08 1.473196410029924239e-11 6.127003108284160739e-12 3.562717993269697095e-12 2.472972913164681404e-12
1.348589593736509905e-06 9.333344766891870252e-07 5.725090891637245470e-07 3.972447857966932718e-07 2.774598748673007687e-07 2.107482209876878565e-07 1.634077422555036971e-07 1.266827325697327609e-07 1.016058327598943164e-07 8.483600661672332706e-08 1.694357762876945791e-08 1.376043272349714341e-11 5.880024180774720934e-12 3.384698061703089431e-12 2.385716341372161253e-12
1.259077864813527397e-06 9.044237203131949217e-07 5.876946192059859888e-07 4.046742937934704402e-07 2.802388276820128305e-07 2.072941382735409003e-07 1.633458561919439055e-07 1.257803344847252442e-07 1.033086999464262637e-07 8.395897651548266218e-08 1.653950526374587549e-08 1.299900799009842312e-11 5.595110092989316378e-12 3.289325922480890259e-12 2.279489343073339843e-12
1.333185760451788753e-06 8.953253096644436013e-07 5.765389225873539870e-07 4.043119732011170237e-07 2.778001237592153594e-07 2.083137166880572481e-07 1.618647106859813658e-07 1.265924791586834601e-07 1.026761046717690645e-07 8.441238048105058152e-08 1.628244116111228875e-08 1.458784282807695939e-11 6.009079193751760805e-12 3.524922333127114968e-12 2.421298438852457769e-12
1.281209148748810850e-06 8.991124896440263458e-07 5.840385282383711001e-07 4.007057429584310201e-07 2.769456331445343034e-07 2.101489658298800702e-07 1.628874576275971887e-07 1.265693468340821951e-07 1.017317540371757020e-07 8.447986854164061502e-08 1.633815336502734936e-08 1.505398942523413798e-11 6.307623171500663261e-12 3.631686695472178885e-12 2.474047728372632900e-12
1.298522505169278838e-06 9.089363704649428426e-07 5.786646569462372045e-07 4.067367543252048324e-07 2.756023198209796441e-07 2.087994978428529377e-07 1.614447114017250535e-07 1.294380416871489278e-07 1.025688447192205195e-07 8.395026339460180798e-08 1.632039862795852064e-08 1.392379030628953338e-11 5.970176526083696192e-12 3.516250753335455687e-12 2.432706401820255349e-12
1.312417333380712731e-06 8.981674783327722576e-07 5.813514835240230017e-07 4.050285194316148453e-07 2.740462246476991581e-07 2.092510063913932726e-07 1.624800250423737441e-07 1.269689463794765502e-07 1.029171593890062755e-07 8.401115581340801907e-08 1.652667214943676965e-08 1.419445777899392891e-11 5.967013081005251472e-12 3.444069524073789565e-12 2.400464730978793162e-12
1.345274912777954769e-06 8.929542673809363183e-07 5.847326328025907043e-07 3.944228773078960144e-07 2.747922597006035853e-07 2.073359422532736766e-07 1.623274001741513670e-07 1.258598980407425137e-07 1.034482855724804680e-07 8.416097211608276783e-08 1.658979920970681279e-08 1.706857904085086000e-11 7.405833538395013645e-12 4.261367895544418738e-12 2.975353482824188147e-12
1.271050368126131624e-06 8.963759066964349979e-07 5.733737210967443479e-07 4.042940923275967652e-07 2.761541979930158719e-07 2.086014945447383977e-07 1.629642417063053086e-07 1.255016196080464943e-07 1.015823917206825694e-07 8.506240004794098558e-08 1.674980265253145910e-08 1.338674353857143435e-11 5.779931226688742424e-12 3.398487798256855733e-12 2.380157549232566654e-12
1.363702581051523222e-06 8.957354174828918925e-07 5.898445411465605769e-07 4.136580710187877766e-07 2.800524902396822688e-07 2.094162035002359228e-07 1.624337053678319180e-07 1.252472967795083524e-07 1.034354631281478642e-07 8.340427264378087101e-08 1.694112092882886872e-08 1.394036745434448631e-11 5.960393238384895102e-12 3.477755660166688117e-12 2.353468949954365588e-12
1.360923287773753214e-06 9.087574818749555078e-07 5.683622910841819866e-07 4.000167951592822416e-07 2.784913858575818384e-07 2.063890962264857974e-07 1.635783788113688686e-07 1.271796032140279084e-07 1.018345490417188510e-07 8.412239997277335569e-08 1.665004294478045046e-08 1.447797099984358019e-11 5.816857869911311191e-12 3.494848455952430978e-12 2.400204728762013097e-12
1.347610813552764138e-06 9.050067848431545515e-07 5.655069699232833853e-07 3.948616996735538224e-07 2.779601858114608638e-07 2.131132422392518559e-07 1.595932554548259252e-07 1.265814040022669481e-07 1.019526406465100111e-07 8.509334364659806511e-08 1.624660981525015442e-08 1.374945658152316721e-11 5.782279931331290726e-12 3.422030724445932499e-12 2.368585933884765719e-12
1.293978135448133589e-06 8.874614546216562346e-07 5.697760500740481253e-07 4.050519841271942140e-07 2.779141132102553051e-07 2.075371019470148998e-07 1.639918723396268757e-07 1.263562798899082492e-07 1.026525279566674566e-07 8.361007664995620347e-08 1.635984406442061318e-08 1.285833330153421050e-11 5.600201322430896031e-12 3.270761363093195197e-12 2.265508526918290066e-12
1.248204087598987047e-06 8.969570832710566968e-07 5.789181132962970309e-07 4.079848032770127917e-07 2.804445885527619044e-07 2.069063627375165134e-07 1.640035541517189144e-07 1.271332700336262064e-07 1.020112614895157918e-07 8.512845848082633912e-08 1.667545621617756028e-08 1.436315239536024218e-11 5.943443572349634972e-12 3.506859592166506738e-12 2.448289533367767144e-12
1.370961554045599557e-06 9.205599625597163542e-07 5.911764041089291870e-07 4.029724041067615149e-07 2.788625876927972583e-07 2.112846492104781314e-07 1.641993706420556780e-07 1.290546080925823363e-07 1.010798742915331452e-07 8.434159985606478315e-08 1.684147987023342673e-08 1.568228840876473196e-11 6.219248602709161687e-12 3.745304000361188830e-12 2.543856799587586849e-12
1.383485196562175185e-06 8.851486492590165123e-07 5.642853057542826226e-07 4.062208522716749793e-07 2.762940742373268820e-07 2.068957724384117287e-07 1.630611443925852388e-07 1.271024536741065101e-07 1.018039318315269280e-07 8.321179841575268814e-08 1.669181775847561895e-08 1.364508435701124461e-11 5.823231722079581700e-12 3.440912144855635085e-12 2.307539755148215761e-12
1.437445471026880676e-06 8.822178364169720916e-07 5.753126788853658017e-07 3.980940235476468973e-07 2.788997909446993089e-07 2.089590079896000644e-07 1.623956473276703914e-07 1.261586469683183753e-07 1.032069502313673370e-07 8.360448594044129006e-08 1.653870489842534619e-08 1.429938292222840542e-11 6.241383017268895686e-12 3.602465233753124033e-12 2.520629910298956687e-12
1.331679893030394619e-06 8.869683755055747911e-07 5.810359409227074628e-07 3.944635732467342295e-07 2.785765264218003268e-07 2.114476782681783588e-07 1.623199708932005680e-07 1.253747845335311047e-07 1.028695259584311253e-07 8.467530663399691538e-08 1.658283188778240803e-08 1.247901475053499529e-11 5.146595965858625911e-12 3.077603145785677079e-12 2.117375303194012658e-12
1.343978945977163181e-06 8.928825168569021054e-07 5.795128432363891299e-07 4.016565690992162046e-07 2.783597772447873841e-07 2.070017076244072634e-07 1.618342039649887838e-07 1.247240255170541735e-07 1.031569763665126592e-07 8.385991350838209418e-08 1.648856680241023936e-08 1.488030401544417835e-11 6.224201530290504366e-12 3.612641172652427206e-12 2.522758313071926207e-12
1.345920804387288639e-06 9.199553839409458403e-07 5.704845428128971181e-07 4.014008628993225522e-07 2.801849981172077439e-07 2.044294234618916814e-07 1.622110021376185313e-07 1.269053515681064667e-07 1.024884455433846957e-07 8.450792391490522420e-08 1.623377190767872761e-08 1.459813848198787213e-11 6.246378482261070798e-12 3.525472123972671504e-12 2.527311911047378307e-12
1.290790736357220955e-06 9.140924261312404633e-07 5.771805717732580625e-07 4.031643954317291195e-07 2.777963930498284115e-07 2.098875846638258944e-07 1.647523060657631518e-07 1.254779753978918698e-07 1.018183521723953438e-07 8.411034689094667016e-08 1.634817528711221488e-08 1.440038973424071214e-11 6.324311826799456280e-12 3.640283129799512850e-12 2.500666828984634702e-12
1.372007578349495658e-06 9.349470329711741732e-07 5.790011598654253731e-07 3.981680494374053669e-07 2.764897050651412787e-07 2.079743740266877187e-07 1.607109407055149536e-07 1.266211940066336659e-07 1.025353778414916071e-07 8.456750861734975483e-08 1.636650434050241171e-08 1.520155431941358530e-11 6.204125581172290475e-12 3.679520926527621833e-12 2.510091437859544355e-12
1.329674083328297538e-06 9.173153157146589129e-07 5.694140237386148972e-07 4.003803300405038667e-07 2.775871842403868802e-07 2.094558665775420664e-07 1.615147614049956025e-07 1.274464219408535528e-07 1.017914554899935227e-07 8.418674154010409842e-08 1.638966697391176531e-08 1.322556338671253777e-11 5.748310998766252383e-12 3.194612165418608940e-12 2.222350985348769275e-12
1.351508321701188175e-06 9.026562072373294364e-07 5.650194898569112165e-07 4.049201252865465665e-07 2.764859132260526660e-07 2.129675380588305905e-07 1.624645412432461525e-07 1.286630891292892271e-07 1.010051082958322306e-07 8.380005052761369149e-08 1.649493044422386889e-08 1.654564455909961194e-11 6.676838192921961127e-12 3.869005791305803353e-12 2.731079407395924616e-12
1.323400784801588349e-06 9.006625490245869327e-07 5.811110171431866616e-07 3.910914138244443062e-07 2.756458103336334180e-07 2.090499715555383473e-07 1.643692684263225353e-07 1.267304463451587002e-07 1.030618596158001174e-07 8.367194443204619311e-08 1.657676365229248316e-08 1.312965093491974098e-11 5.354758596245368327e-12 3.192431667846882666e-12 2.189447985372588173e-12
1.371573003819873610e-06 8.688402182411401553e-07 5.840481526963986315e-07 3.989378392736845974e-07 2.762555298797922056e-07 2.108456689120724458e-07 1.587901166960891929e-07 1.271117768259728379e-07 1.014125504128397872e-07 8.426472358763881648e-08 1.634086602967447666e-08 1.287931477255311362e-11 5.635677235778944606e-12 3.295875158148340044e-12 2.278809174900334015e-12
1.412031634343062078e-06 8.721236093000241182e-07 5.816456572118245096e-07 4.115050569717808057e-07 2.690173476543225963e-07 2.068325104568090036e-07 1.608924474033988216e-07 1.254047616992014088e-07 1.010318376760695298e-07 8.385949779819210072e-08 1.647468057994649602e-08 1.517722704099224855e-11 6.558192723909270179e-12 3.923342371133367531e-12 2.662396649309209000e-12
1.375973885735998856e-06 9.056539706055268752e-07 5.799227797108115105e-07 4.015229044716444199e-07 2.805925138373317832e-07 2.096325358659564996e-07 1.635599711212725038e-07 1.263626247885360749e-07 1.025227645555161973e-07 8.420316066224888597e-08 1.657528336431639671e-08 1.450150940541483307e-11 6.192306858391342302e-12 3.638106342972920203e-12 2.516501142451816450e-12
1.332085727817500214e-06 8.951804846476290647e-07 5.689392117316474799e-07 4.065037481227316171e-07 2.768044412267729082e-07 2.067892310919052491e-07 1.638992142378588022e-07 1.275830454470438885e-07 1.020518116864452369e-07 8.550592728454279665e-08 1.616944553428296913e-08 1.259654981748136280e-11 5.130020959155854727e-12 3.022498417508967549e-12 2.092136625187348411e-12
1.392008180157950890e-06 8.789623665208382666e-07 5.697109158676422329e-07 4.015765919388755074e-07 2.776266053170933995e-07 2.077668011653470282e-07 1.622101069032885697e-07 1.274424411558262117e-07 1.020097327118966281e-07 8.510791489161067914e-08 1.642562814744400271e-08 1.405350895006243978e-11 5.943103278923431406e-12 3.409395233575339872e-12 2.380043032717921215e-12
1.298747298151731128e-06 8.788706018225823261e-07 5.726617040008086331e-07 4.060516329231065682e-07 2.777562166023678032e-07 2.078193164561649858e-07 1.639038212367177259e-07 1.283192544793643410e-07 1.025455682636089138e-07 8.396021033275477527e-08 1.628482127473128749e-08 1.261585425625592359e-11 5.494504653522736372e-12 3.209735397756820458e-12 2.175274893334902025e-12
1.308661175958350382e-06 9.068033066990276729e-07 5.715677799539666934e-07 4.092525877902378555e-07 2.752575075986189896e-07 2.063991566245361898e-07 1.654390116512412717e-07 1.262038650164643316e-07 1.021571368651884333e-07 8.371125747798054010e-08 1.665309227342709242e-08 1.267795940899600587e-11 5.280455001409718763e-12 3.146093396068522752e-12 2.152306059841206740e-12
1.308069812868290079e-06 9.050059692020842381e-07 5.716301212403112472e-07 4.110127441550071091e-07 2.810756007598628278e-07 2.105427961264902185e-07 1.621817633412488518e-07 1.272186921123784984e-07 1.023803253701578799e-07 8.410987993654060085e-08 1.629568709561044398e-08 1.595874958355692029e-11 6.513230828677714653e-12 3.932398195680816914e-12 2.684877628393264114e-12
1.265762705314825568e-06 8.863966620332416601e-07 5.654057071792871989e-07 4.076968404268369517e-07 2.776445820777761945e-07 2.095750634629884861e-07 1.628556174334243235e-07 1.287886597834921187e-07 1.027202908086730510e-07 8.485526144978625581e-08 1.636393113025040498e-08 1.429325731395281278e-11 5.779966444550794263e-12 3.473432399077475761e-12 2.397553620732675881e-12
1.323208890615018075e-06 9.190360843876441371e-07 5.687144946207017318e-07 4.063162552132641775e-07 2.779502430357384960e-07 2.069916238065212545e-07 1.642256956204842278e-07 1.270320332415305014e-07 1.026784540286612594e-07 8.442957001060233545e-08 1.660317899290750262e-08 1.443617568249231190e-11 6.060924056996900176e-12 3.539880533382334054e-12 2.483808064989789196e-12
1.383358319591862430e-06 8.939254066253053142e-07 5.632740772173078444e-07 4.032175225301075143e-07 2.815738605764023462e-07 2.096321050910620416e-07 1.626991807882451395e-07 1.263191832423928872e-07 1.035660457432751635e-07 8.477035564910713043e-08 1.614714597703241293e-08 1.231680262434626648e-11 4.989200114712076697e-12 2.903758243789496798e-12 2.022284782864035641e-12
1.324183870494580102e-06 8.776737565745405056e-07 5.742170629209155012e-07 4.041576675985875907e-07 2.752797718826314429e-07 2.073292450125858824e-07 1.603379331698733423e-07 1.246815643069644599e-07 1.017004316917558261e-07 8.417632856925489540e-08 1.662490208808754886e-08 1.473881793220871507e-11 6.211604037264506583e-12 3.744539614642355271e-12 2.570766867647114566e-12
1.416261919938420527e-06 9.086390845344382717e-07 5.719950283526069549e-07 4.051437640555290272e-07 2.767663933944673739e-07 2.082959546511384925e-07 1.622482924852414438e-07 1.260486995107688471e-07 1.026556364073832151e-07 8.433156668192995121e-08 1.641810063261618566e-08 1.441536693712766699e-11 6.035752124512931599e-12 3.545629141878083629e-12 2.426123877660901879e-12
1.481133488056926572e-06 9.150851072580716780e-07 5.653340189282809407e-07 3.982468574960068138e-07 2.781389500469316908e-07 2.118115228132453101e-07 1.626893643961304744e-07 1.265511955913175638e-07 1.026565795304382752e-07 8.403829922297958425e-08 1.682229479931748470e-08 1.421791335177788524e-11 5.924513464841134134e-12 3.509562505785979419e-12 2.398960661409942042e-12
1.319338799563227615e-06 9.328203673035773153e-07 5.782275226034443979e-07 3.996389692562837043e-07 2.754081246552622263e-07 2.073084545846041391e-07 1.623257373989424259e-07 1.275712855641076634e-07 1.014248846141096990e-07 8.319194938276653417e-08 1.616982903820216559e-08 1.560311030606334568e-11 6.294003390503262963e-12 3.766485373806024355e-12 2.560101601636775641e-12
1.345951797602297665e-06 8.854083479013566885e-07 5.770396817168465162e-07 4.074249855616424628e-07 2.804006993878028024e-07 2.064363690587804584e-07 1.610970408395454037e-07 1.274874773910075528e-07 1.016585249211644414e-07 8.430499162307238686e-08 1.667647302831370925e-08 1.451517778766638032e-11 6.302721948935154748e-12 3.570367791866453605e-12 2.507853924517993119e-12
1.316333156888809243e-06 8.885934574714448121e-07 5.794660188629888192e-07 3.984151037759709205e-07 2.758873351502837999e-07 2.085759495222544968e-07 1.637308548129107795e-07 1.252634736636733395e-07 1.024456332197390690e-07 8.420037036380310433e-08 1.652174686524257644e-08 1.501035586283105633e-11 6.153517126439977430e-12 3.641174115031518687e-12 2.505312031303713139e-12
1.409700966419029463e-06 8.944092518681615052e-07 5.806627367410690576e-07 4.081577571573016810e-07 2.752264275932688836e-07 2.096173109146461642e-07 1.649664194203315313e-07 1.259541517947904789e-07 1.023976951802110044e-07 8.425712169414319608e-08 1.667183556281116986e-08 1.568259289064315766e-11 6.893398647392184396e-12 4.061539976454842337e-12 2.763469565279583219e-12
1.299510135289727442e-06 9.007542895195157036e-07 5.645178685888135476e-07 4.040749766084529779e-07 2.797545991780760318e-07 2.079646980217067672e-07 1.651983702475582830e-07 1.264656341508136453e-07 1.021618962740137871e-07 8.510049825675435507e-08 1.665915280543030131e-08 1.479633534230507085e-11 6.111466956260722318e-12 3.577279028719410478e-12 2.500063510803633671e-12
1.370915721310773039e-06 9.043963997357033163e-07 5.572469021013978133e-07 3.977797150975465683e-07 2.749072891204199517e-07 2.091481069796311660e-07 1.626764770279396499e-07 1.277707162961514267e-07 1.009720993154002363e-07 8.432717081067328301e-08 1.634418601859567898e-08 1.526277539188973995e-11 6.152655340159897298e-12 3.640772108391121724e-12 2.528452710351004707e-12
1.361841842373216463e-06 8.979919417856928424e-07 5.647624576412402064e-07 4.052541473645635240e-07 2.799051256079055084e-07 2.093767923042764123e-07 1.612864451320152517e-07 1.257112467849743890e-07 1.018551957846453183e-07 8.370110773347419858e-08 1.641658770268491904e-08 1.355563027996922273e-11 5.452752906488689697e-12 3.240338352203873059e-12 2.210126191378256714e-12
1.323027438951605603e-06 9.286713841609300741e-07 5.832604789937089673e-07 3.990502507757942174e-07 2.785581132429579658e-07 2.090548291075551617e-07 1.636036005828363750e-07 1.260341170183045174e-07 1.019640011619307984e-07 8.431866328018123797e-08 1.644412243443990388e-08 1.577792614500759927e-11 6.505174627346735714e-12 3.750682613667888776e-12 2.590434192659921454e-12
1.340588201967176737e-06 9.056017266881981467e-07 5.717633835843371358e-07 4.019086990056085451e-07 2.800602168071496305e-07 2.078055080466313509e-07 1.623998059366540945e-07 1.263670001633013440e-07 1.026109708800912156e-07 8.429016540881413767e-08 1.659513367881870565e-08 1.684672186123408671e-11 7.092134317322232405e-12 4.099666622301783400e-12 2.798968748522355152e-12
1.312157077506523535e-06 9.023248866124663217e-07 5.819411876136804521e-07 3.968407192155939853e-07 2.797309771669132168e-07 2.065136955028204338e-07 1.615876828184800641e-07 1.284628605837818292e-07 1.025878657449321568e-07 8.396933605899852179e-08 1.661378745051535501e-08 1.604062704415218405e-11 6.671991244696915651e-12 3.923678944253032133e-12 2.686709332739005263e-12
1.261916218046636686e-06 9.019257182004665550e-07 5.851522423363776435e-07 4.017115883710698927e-07 2.778351236620678934e-07 2.108443493795388413e-07 1.623937959448217519e-07 1.262434907283234022e-07 1.030679487799357387e-07 8.401990821402973209e-08 1.702077420627931481e-08 1.398872082674415461e-11 6.124257118951289385e-12 3.571631383778419702e-12 2.485480472072400511e-12
1.274116690185696291e-06 9.037322516353323280e-07 5.674467143350964053e-07 3.993866301345827185e-07 2.769247445157537270e-07 2.104989599161680093e-07 1.607897833007358512e-07 1.252915555716604003e-07 1.006183363477478637e-07 8.481285239254004098e-08 1.672359406682862415e-08 1.279554242574710081e-11 5.395149465972734211e-12 3.241161391550980823e-12 2.261452581173414604e-12
1.318869143982199677e-06 8.942415004553621934e-07 5.817688341119813619e-07 3.983943079839883437e-07 2.780131392413493236e-07 2.094621562432340704e-07 1.610807792230659982e-07 1.263152420399257525e-07 1.026915187377868886e-07 8.439355822207168938e-08 1.601189324183273091e-08 1.513523365509509210e-11 6.319785574799995507e-12 3.669208053230983990e-12 2.574047202483803581e-12
1.465606250482702274e-06 9.133436281516651433e-07 5.837784423852654881e-07 3.998589766812221976e-07 2.774290570720217661e-07 2.094594716723628266e-07 1.617680025623265691e-07 1.269863312228431247e-07 1.023397858519730712e-07 8.414752296221331460e-08 1.684799146252217557e-08 1.378196728038040168e-11 5.709278553403188308e-12 3.368204738994034432e-12 2.340394101301321338e-12
1.390360016449825392e-06 9.055348646466837131e-07 5.765780719018531140e-07 3.921722857356103962e-07 2.783414916783194409e-07 2.082943446374021952e-07 1.634532125398458901e-07 1.260356327115172507e-07 1.025547172660532737e-07 8.502935365749696056e-08 1.682850631544870418e-08 1.583969188580451462e-11 6.873839883110845633e-12 3.997954388139843240e-12 2.737484068825361778e-12
1.338898736314437767e-06 9.115036880305024112e-07 5.733779911706095695e-07 4.059564464055000188e-07 2.774731126726547196e-07 2.087173980245254055e-07 1.624524402805079959e-07 1.258204358543627873e-07 1.021221319303216754e-07 8.433244354481042300e-08 1.632060829909841639e-08 1.450458305087726313e-11 6.125933973201895345e-12 3.484295882726482509e-12 2.433689584051583453e-12
1.324078523863040041e-06 9.087828612741855884e-07 5.769757960738976083e-07 4.026939914986031780e-07 2.790933129767594743e-07 2.111488118320926721e-07 1.624876141998169466e-07 1.266731149446558523e-07 1.026442130622087277e-07 8.432187200191391512e-08 1.650002333640818393e-08 1.519363257750690860e-11 6.347596262526561865e-12 3.744051612158541325e-12 2.601729690328443820e-12
1.332420008755150511e-06 9.313684767025753809e-07 5.847825856283897416e-07 4.034706469134867714e-07 2.755584700696752056e-07 2.089446700994285555e-07 1.625911753798312286e-07 1.285107875528551489e-07 1.009663597902274876e-07 8.250754030121177071e-08 1.666049444116892176e-08 1.419799772944509593e-11 5.725593271591195071e-12 3.325075587638329884e-12 2.305918079857822148e-12
1.422304753076247901e-06 9.220044221120336309e-07 5.686503599716772122e-07 4.062396299919064922e-07 2.784532130544080666e-07 2.075747289169373027e-07 1.629262160105602528e-07 1.267689075718815424e-07 1.031849912151991768e-07 8.427576763413299761e-08 1.641842706190989848e-08 1.366995251988756718e-11 5.619530494409337739e-12 3.363979350727068735e-12 2.356129865305621649e-12
1.277844365572239754e-06 8.923225692241474046e-07 5.644876780211896296e-07 3.957602544162282446e-07 2.756404625085272217e-07 2.083902931291516458e-07 1.634480978544276012e-07 1.280182985681974014e-07 1.016048361028699441e-07 8.471832129382871928e-08 1.697671411763412442e-08 1.396960832858111744e-11 5.870363723790053443e-12 3.353104924684461228e-12 2.338068411419634513e-12
1.381526468711066487e-06 9.057301071305437805e-07 5.750502104229422101e-07 4.151631555661338757e-07 2.782448379655854309e-07 2.069902442522498934e-07 1.624531445660012311e-07 1.269642632359040482e-07 1.020416750947677472e-07 8.405203130927460932e-08 1.636554732474776035e-08 1.451102455187991526e-11 6.271944917113686340e-12 3.660368958441334411e-12 2.512034511272241757e-12
1.311033063373567789e-06 9.255495529758861822e-07 5.660289165072535474e-07 3.962699761639937906e-07 2.780557301036329576e-07 2.122361891914637437e-07 1.626243455756287100e-07 1.274559596675315350e-07 1.020791302467527600e-07 8.339195492093270908e-08 1.612510133512365846e-08 1.504634759277969940e-11 6.493190436340419173e-12 3.787626836942907872e-12 2.599810688138911396e-12
1.302011012154812968e-06 8.969989198876971410e-07 5.715179758092106346e-07 4.042061310475063576e-07 2.779814101470098053e-07 2.079041825524850536e-07 1.612474430305226008e-07 1.257062966371577598e-07 1.019951784921286486e-07 8.371029187792558543e-08 1.625498189446548159e-08 1.394462397763561905e-11 5.576265324581348216e-12 3.362655785174164536e-12 2.278273197796189682e-12
1.388422305649053645e-06 8.873151150938902622e-07 5.704314843762530309e-07 4.008869135222070985e-07 2.779625805423063568e-07 2.095509596772514978e-07 1.628132972864733278e-07 1.268935404110399664e-07 1.023201420737357844e-07 8.340566956301577521e-08 1.643904357405630048e-08 1.496528928481938343e-11 6.119069645955449400e-12 3.597381909390055007e-12 2.498850372437810693e-12
1.325817305788669480e-06 8.826281995825501268e-07 5.763818438608330119e-07 4.082357946599467659e-07 2.763453328548026917e-07 2.094795555926867086e-07 1.624979743690332121e-07 1.258599284108563952e-07 1.026192570931574576e-07 8.391388291452233712e-08 1.639005890777869773e-08 1.278776239483068764e-11 5.324551941854274174e-12 3.170071166932771547e-12 2.140713326028744469e-12
1.298423220535445614e-06 8.960433896669140713e-07 5.630024876433795130e-07 4.021795204149150902e-07 2.763003469227546656e-07 2.095144261823972056e-07 1.626097201775693550e-07 1.275926393952443242e-07 1.032658470628437109e-07 8.417324016570805232e-08 1.661044239915569666e-08 1.392376561511730855e-11 6.137456697138919279e-12 3.455355086467838864e-12 2.425834663205042871e-12
1.416120886093398765e-06 8.994852648572627118e-07 5.718410744184418948e-07 4.034939703651417920e-07 2.760609008598232315e-07 2.092648873659551339e-07 1.642080234300265979e-07 1.270513786059689706e-07 1.016496388649511194e-07 8.462779673876993038e-08 1.614677137308396193e-08 1.560762894903328558e-11 6.613580146256985779e-12 3.812313379628202622e-12 2.605772173507636682e-12
1.365993547816413256e-06 8.946174339565482776e-07 5.795741432788634045e-07 4.018496724718755862e-07 2.768418751083123346e-07 2.101015130718015713e-07 1.618140702159234533e-07 1.262076863252425333e-07 1.023634199631708119e-07 8.449277392260298818e-08 1.604444741242528672e-08 1.477530098400319092e-11 6.066986290206919937e-12 3.609368044390675496e-12 2.516263331556354628e-12
1.347333492235341907e-06 8.984878375956202106e-07 5.820091047407383466e-07 4.022940006483151953e-07 2.751799566119438288e-07 2.092467588487526258e-07 1.627398283028949567e-07 1.277116249980169257e-07 1.020659579792576607e-07 8.502483353677197685e-08 1.660828444101036760e-08 1.502408692793986118e-11 6.222570968953897763e-12 3.718798944143264870e-12 2.533935367315776615e-12
1.280060922593850721e-06 8.933461776383266673e-07 5.802636893612986981e-07 3.989636091856190476e-07 2.767651361176832578e-07 2.057952823086718173e-07 1.613972674098568646e-07 1.268214850208252913e-07 1.025017964473936191e-07 8.460836051345916470e-08 1.629373804606150548e-08 1.446347683027992845e-11 6.288153301334329879e-12 3.685211118795481045e-12 2.550294533049940996e-12
1.278588651796748776e-06 8.782262862958848846e-07 5.799146513695661325e-07 3.883637499857608094e-07 2.741805114409550670e-07 2.079970783346954321e-07 1.631984115255686561e-07 1.282468255538909881e-07 1.024908436264944337e-07 8.460554864823633770e-08 1.607652444057035318e-08 1.324893142938825998e-11 5.614313850871319600e-12 3.127473181359363758e-12 2.203113169719449116e-12
1.299445114136038749e-06 9.387702133646733725e-07 5.707040640452315794e-07 4.006360057132961658e-07 2.760460496554655421e-07 2.102127978906901727e-07 1.628143106207481790e-07 1.246790637376153135e-07 1.020092834146588562e-07 8.473860215472700637e-08 1.623763834553079534e-08 1.299001337495928622e-11 5.375710994033417897e-12 3.146335146537309802e-12 2.222467728881529898e-12
1.313805331592519439e-06 8.904878998553112422e-07 5.704613230837766099e-07 4.040565724085575398e-07 2.777488108793293409e-07 2.075562105427329231e-07 1.652291205292031984e-07 1.274920704006451317e-07 1.008738885745177497e-07 8.435681698079050059e-08 1.665673286339443630e-08 1.430084573381166542e-11 6.038814518950975987e-12 3.477126725155962194e-12 2.472522045156966588e-12
1.336406229055126459e-06 9.171914353336654820e-07 5.671075939189934296e-07 3.995497325415170388e-07 2.736249044671256333e-07 2.042817222163609078e-07 1.641624245381304744e-07 1.264056530672413787e-07 1.028288169034630314e-07 8.416882651049957899e-08 1.638016797119001962e-08 1.393499866409580622e-11 5.803201297474679077e-12 3.309340248933619450e-12 2.336261753907709240e-12
1.382363425199425525e-06 8.989664598778532752e-07 5.846963762493801291e-07 3.956934067963886210e-07 2.780556406329682955e-07 2.059054121100189676e-07 1.630524639423519556e-07 1.265730236925614630e-07 1.025164520233057556e-07 8.370394183017399127e-08 1.610038551085932043e-08 1.420569527033709165e-11 6.186578603153617279e-12 3.528484710758247042e-12 2.410068807880747366e-12
1.327426602622623563e-06 8.781683437319138170e-07 5.761094587549476357e-07 4.018039056649551572e-07 2.782550183685707549e-07 2.083248889013181490e-07 1.634782869107333801e-07 1.271949211780147997e-07 1.014945508038734608e-07 8.373213489677558705e-08 1.628492384156788589e-08 1.377308488411578491e-11 5.733927055150391109e-12 3.420395117824937885e-12 2.332611611044100543e-12
1.320419647119038521e-06 9.104098172347609340e-07 5.782916724377634643e-07 4.025627973200405013e-07 2.735444554460504223e-07 2.086162054798262935e-07 1.638449714111726589e-07 1.259902359011904181e-07 1.017595446776679215e-07 8.436218082574400739e-08 1.627667998043691183e-08 1.482990021788736005e-11 6.349418699057838734e-12 3.677225023030501166e-12 2.537789172600940512e-12
1.313431794750277140e-06 9.236318151619281743e-07 5.698190477500527441e-07 4.041019794080266276e-07 2.747246377341125499e-07 2.086831135793839325e-07 1.623685147495623251e-07 1.282286611961604336e-07 1.024909058927081010e-07 8.398575094604767243e-08 1.645843576710307087e-08 1.256594544770614131e-11 5.380357537183404799e-12 3.138440917241411212e-12 2.157704065678907911e-12
1.450984545401465992e-06 9.154038237267729587e-07 5.800845427227806277e-07 4.046424004752071089e-07 2.777737920615280725e-07 2.072254352942677368e-07 1.633027676541347378e-07 1.279746921855719756e-07 1.015854571557836489e-07 8.459690802470425544e-08 1.659863848996337510e-08 1.419558728289330126e-11 6.146200782018406411e-12 3.523803325522067582e-12 2.457704824964212601e-12
1.350684463349021102e-06 8.847175950755152717e-07 5.773155992558874960e-07 3.984882330795050132e-07 2.733966040917452776e-07 2.093686895607922020e-07 1.604483783568498223e-07 1.281287388830000288e-07 1.025944416550651691e-07 8.395002162170066739e-08 1.614237116259583809e-08 1.514302075917066979e-11 6.363065810562306669e-12 3.651436028519006632e-12 2.501666417708517343e-12
1.334383129148068754e-06 8.836837842585530461e-07 5.750227683476690198e-07 4.074299052505235622e-07 2.815074130328326084e-07 2.070497355695461277e-07 1.616078629359502864e-07 1.268838645688282806e-07 1.027037168152153125e-07 8.354573272972796956e-08 1.633839254586634920e-08 1.501027374691323959e-11 6.650544783344765620e-12 3.783026978984948818e-12 2.630042287344442059e-12
1.262431966689670843e-06 8.967165759399105488e-07 5.795786755336834484e-07 4.064969729423700736e-07 2.770338491406457702e-07 2.100384741870279089e-07 1.610671308535723765e-07 1.251392224623273953e-07 1.027609587949157472e-07 8.485016092296170210e-08 1.667634554426909754e-08 1.421226662913912702e-11 5.858037997615191042e-12 3.441350519691051404e-12 2.402203470410913023e-12
1.314830043825167135e-06 9.014089124038480446e-07 5.865424966380635778e-07 4.054250397447571615e-07 2.752138750131290786e-07 2.049299051100619215e-07 1.613038899313823616e-07 1.292789644803554061e-07 1.025372699690777655e-07 8.444608642604384280e-08 1.661134654041816422e-08 1.495458213765991718e-11 6.229386045671697592e-12 3.622042499024244353e-12 2.529733796211241919e-12
1.383966615271432688e-06 8.995929345751464086e-07 5.737981526303326797e-07 4.093272965004261238e-07 2.777850193604195452e-07 2.069246750496225987e-07 1.605442942628148079e-07 1.248248305478855270e-07 1.026831332905574205e-07 8.350159193801206876e-08 1.636448612581235425e-08 1.417295327406414932e-11 5.940451588638883416e-12 3.445578862976903647e-12 2.380286400317850300e-12
1.293656079266418142e-06 8.879324521080812832e-07 5.674234821820411575e-07 4.005731371037626911e-07 2.782539655438198519e-07 2.111568260350526787e-07 1.627436296596295767e-07 1.273228065738293447e-07 1.021912532833772246e-07 8.416103840508294614e-08 1.635460785877110700e-08 1.373863269825942775e-11 5.761354754726813547e-12 3.402717092394820878e-12 2.339401108739601134e-12
1.345908527866090146e-06 8.981750015376452540e-07 5.769505670050174858e-07 3.997507594989626676e-07 2.800031275427902866e-07 2.098348516130297076e-07 1.623398883743587053e-07 1.263728763841220197e-07 1.019501738966121831e-07 8.448863494461321289e-08 1.688926854643363921e-08 1.235243762763149141e-11 5.115673996019213939e-12 3.084232180656811660e-12 2.142431855999343929e-12
1.255466409913885554e-06 8.892206118043660024e-07 5.715409176866704850e-07 4.063265848761556432e-07 2.813909156309198933e-07 2.090625550882579987e-07 1.638186484147384988e-07 1.273239939184753955e-07 1.024162728480151376e-07 8.452093393329627956e-08 1.649670873323289121e-08 1.408897106689719530e-11 5.915044923473577749e-12 3.510754495950783216e-12 2.418109882690765071e-12
1.330527200816799586e-06 8.972672530381599740e-07 5.736424654731307818e-07 4.016662387272270534e-07 2.758127365789744469e-07 2.100128812603504336e-07 1.610368807687159131e-07 1.258002453800926052e-07 1.020726056243539279e-07 8.415201411731743403e-08 1.640237277321077312e-08 1.234622459353596126e-11 5.112559947199438015e-12 3.042058471460092274e-12 2.103697522966099994e-12
1.352326244614599980e-06 8.998368709842561669e-07 5.789180314412783868e-07 3.974131263656141156e-07 2.748060122786863827e-07 2.103531533650436222e-07 1.638893904459976061e-07 1.275707730073361739e-07 1.024826056939449257e-07 8.343145366892195929e-08 1.629179458285537679e-08 1.433657875851228624e-11 6.152707940558579442e-12 3.534234325812434391e-12 2.408638804320701429e-12
1.272021814753708968e-06 9.154505087345063124e-07 5.654453404611148445e-07 4.000099748369451073e-07 2.768530394742472953e-07 2.118572458456706580e-07 1.632097035540252967e-07 1.261875411740963138e-07 1.014304405506107468e-07 8.401771687442262495e-08 1.626423467929073890e-08 1.488573179657159612e-11 6.191858884481921672e-12 3.627037385595378642e-12 2.527511954658787754e-12
1.382568465585477606e-06 9.046548115113869032e-07 5.622381105044816634e-07 4.034416168410971029e-07 2.802360773594516497e-07 2.065800073216008472e-07 1.625548750875784276e-07 1.288196467731608988e-07 1.031720775518941970e-07 8.279466364454633607e-08 1.622600913184854843e-08 1.362506731444853812e-11 5.789305544753089929e-12 3.330188067066486985e-12 2.331219089925136556e-12
1.336527772634445236e-06 8.897578416226875870e-07 5.721437470645737420e-07 4.016050391641034860e-07 2.742656383975464826e-07 2.098373927927218770e-07 1.625087997833952842e-07 1.253505070817335512e-07 1.028872004757831422e-07 8.436104989596858426e-08 1.663435553076349988e-08 1.520069436159744217e-11 6.148927688828921807e-12 3.619510011533914235e-12 2.522749009948028827e-12
1.410377203464803055e-06 8.905104775692796020e-07 5.854362651515956940e-07 3.999028124005405037e-07 2.765672135653119025e-07 2.095066471149549056e-07 1.628351780833240330e-07 1.271834523215008643e-07 1.012893465734077010e-07 8.447498069649954952e-08 1.654037682653567832e-08 1.517114480631070898e-11 6.360215130087360441e-12 3.846243186835995101e-12 2.631616288019367164e-12
1.313158018531645468e-06 8.935797073878732024e-07 5.856443850548605439e-07 4.008256254972141981e-07 2.761811371105326882e-07 2.071880704427623108e-07 1.636305548247412781e-07 1.265578101936293095e-07 1.004275568386135540e-07 8.539218684495145742e-08 1.674186554938018492e-08 1.535196071681350734e-11 6.197924920726591413e-12 3.714752305347337559e-12 2.495161682077540488e-12
1.337725405447778524e-06 8.851047580790392971e-07 5.773029895171633819e-07 4.080911245436496190e-07 2.796314911712632116e-07 2.076069861526746873e-07 1.629681201804667676e-07 1.259417577533531107e-07 1.024182964843691993e-07 8.366391780686457094e-08 1.640294623855336379e-08 1.416968788758785802e-11 6.057760593402645907e-12 3.495806528939187798e-12 2.427327969382204849e-12
1.415934795837135556e-06 8.819794370733768062e-07 5.763634744447934744e-07 3.985229801733511240e-07 2.739520307038302682e-07 2.070864152714248809e-07 1.630324532522606019e-07 1.258781850483416990e-07 1.026641164792048889e-07 8.485110697537524438e-08 1.663034886423672154e-08 1.525696848940462628e-11 6.610021074059643020e-12 3.679693685679386128e-12 2.537330378202599649e-12
1.349656194899393230e-06 9.007121074904736770e-07 5.803522165081901987e-07 4.039327935416740342e-07 2.719104099298047477e-07 2.133844755645972781e-07 1.633863374595460354e-07 1.256265918491090937e-07 1.029672268211458708e-07 8.501408224968390123e-08 1.642967235951785726e-08 1.383293035607315916e-11 5.992588646535419479e-12 3.443391372098094021e-12 2.387391181225244019e-12
1.315528811271620546e-06 8.936942439504310962e-07 5.761772677588958876e-07 4.002584280896153188e-07 2.779111734966597258e-07 2.083859883701170088e-07 1.622611792972344363e-07 1.268595229104239126e-07 1.018505122728428052e-07 8.431468621454100154e-08 1.689849512054065568e-08 1.513445578156052908e-11 6.272551024871908731e-12 3.751649482620627346e-12 2.556447799696554789e-12
1.379314360172004090e-06 9.045133232185384459e-07 5.797063101599388283e-07 4.012719955417830021e-07 2.743465531609423030e-07 2.080005287534728040e-07 1.613293449139971804e-07 1.246692632368479787e-07 1.016829025902961888e-07 8.439170264982171702e-08 1.665751103282530170e-08 1.606070066213069051e-11 6.568880986984456796e-12 3.941855850661938315e-12 2.634232488380391587e-12
1.322324195362650402e-06 9.178743330761483622e-07 5.793429081314801719e-07 3.992460375007175469e-07 2.772246021299993425e-07 2.090706742583418346e-07 1.618967847835176732e-07 1.285562276533560906e-07 1.033296678287368727e-07 8.383111937140078591e-08 1.666326967714799076e-08 1.564066799086209204e-11 6.698871148720612073e-12 3.944630608731547161e-12 2.724004241125943517e-12
1.285122539989275727e-06 9.044361218742434856e-07 5.825428710434897544e-07 4.044735084083656893e-07 2.745155251705386675e-07 2.095646895249635659e-07 1.630196906099717456e-07 1.258173801354762988e-07 1.013941205654145297e-07 8.360607052329049966e-08 1.621116445728349306e-08 1.553862753794739666e-11 6.270498356183755727e-12 3.723878578520072011e-12 2.552430965547875013e-12
1.320509316023966603e-06 9.274635213614044298e-07 5.667336130232346135e-07 4.049798295466071220e-07 2.780373301912992374e-07 2.046673085111938279e-07 1.613789098174951013e-07 1.271510776303627792e-07 1.020864892470875894e-07 8.485649792301391217e-08 1.679311386897412130e-08 1.354361016881079069e-11 5.829373105558648064e-12 3.459648369334450937e-12 2.379672107171032393e-12
1.316986022983201711e-06 8.847908668980064257e-07 5.829289833628579654e-07 4.111779581897932539e-07 2.765260568749971994e-07 2.111264793180527434e-07 1.610700219716067404e-07 1.250724705994790261e-07 1.018504685730882571e-07 8.504160574011290270e-08 1.613010286512376669e-08 1.275927344368811956e-11 5.256330699837913474e-12 3.116858260260268658e-12 2.145527462046292036e-12
1.266444521188989877e-06 9.055814078265223176e-07 5.805380395317838173e-07 4.098576779538447376e-07 2.769919623763813309e-07 2.059110808324990487e-07 1.632555334736489818e-07 1.254247403359592433e-07 1.029150379705725113e-07 8.328138016515378769e-08 1.678807222068382099e-08 1.392480213602044754e-11 5.783916537571666917e-12 3.412202623871091366e-12 2.354725462339586142e-12
1.377459728165078853e-06 9.158753212821199273e-07 5.712435385562884594e-07 4.020145413147709357e-07 2.751357636664375258e-07 2.100992517160521049e-07 1.617797136739405217e-07 1.273426910460257272e-07 1.022601982935440927e-07 8.487173934023720019e-08 1.617864695578904794e-08 1.361286505435841940e-11 5.806438840749109891e-12 3.359980367970084599e-12 2.292492220103702809e-12
1.356820924847372991e-06 8.688220819938756364e-07 5.723581894844133446e-07 4.025434642651361049e-07 2.719882497190781815e-07 2.098430291591648571e-07 1.634401047168239124e-07 1.259988129528851940e-07 1.013795424249197870e-07 8.523151460226357571e-08 1.649607349131570162e-08 1.374859983735988428e-11 5.700668655317145463e-12 3.362294756329930288e-12 2.306969578242261609e-12
1.299586088320411550e-06 9.235209106266537872e-07 5.753935244601907149e-07 4.017754307358115201e-07 2.765302251800316359e-07 2.125702363698921539e-07 1.648763541114952518e-07 1.274201942807821057e-07 1.017001659990125555e-07 8.446178453265832606e-08 1.645062396330595581e-08 1.481914562287190402e-11 6.426896897288344671e-12 3.679024041657843258e-12 2.566365354608673781e-12
1.399844833280910035e-06 8.888646060680504275e-07 5.785991771150702054e-07 4.081619151547208199e-07 2.783530618654881415e-07 2.091005554985100588e-07 1.656893896029252554e-07 1.260906240028668093e-07 1.020676246405205414e-07 8.498326678357076339e-08 1.616831503546069759e-08 1.427277805639538627e-11 5.817230982472424921e-12 3.389971759700937282e-12 2.362088516354949668e-12
1.263891606256808028e-06 8.915392027236903041e-07 5.562545685925943299e-07 4.069430417515576529e-07 2.791339853710010018e-07 2.088384508245713522e-07 1.625656433221112013e-07 1.260466514245049296e-07 1.016003236340558336e-07 8.487646185770720668e-08 1.631729686890158584e-08 1.289991157021007517e-11 5.604511645731612794e-12 3.313711474750683872e-12 2.225610267537359885e-12
1.407214760662315623e-06 9.284909312517960155e-07 5.740863671487740622e-07 4.017900241952896210e-07 2.790474382286419572e-07 2.057468026394490930e-07 1.619283840006975407e-07 1.252062089592944620e-07 1.017027852729126211e-07 8.385064641099221854e-08 1.627352824182151971e-08 1.473935196529931421e-11 6.367763570347973761e-12 3.657561211705975184e-12 2.519788973625902676e-12
1.398448691449309416e-06 8.816087975860800904e-07 5.707604141780686427e-07 4.002113192390523667e-07 2.730720297139458048e-07 2.104587037713166192e-07 1.647714554808085874e-07 1.252044134825292094e-07 1.024523900927810063e-07 8.436371347742866960e-08 1.652294712747662695e-08 1.480689525484893389e-11 6.224967798620374842e-12 3.596217908960229813e-12 2.508665741286288003e-12
1.341712115057175370e-06 8.910085848542873951e-07 5.746754502207444825e-07 3.973043036528856199e-07 2.752620932129013210e-07 2.117435350372890115e-07 1.612696577621601804e-07 1.265795168615125557e-07 1.014111774629527800e-07 8.469280371505534365e-08 1.621943287748848663e-08 1.329496030939174799e-11 5.338728561882244908e-12 3.239761033844624364e-12 2.167025186500140139e-12
1.420203067122573906e-06 8.702961290535117213e-07 5.738154243176754283e-07 4.010114216421216833e-07 2.730283553010252578e-07 2.089898343521654893e-07 1.631063933792615972e-07 1.266353795396978623e-07 1.042151000876122996e-07 8.370132324958092798e-08 1.674767838575370873e-08 1.507796646643591579e-11 6.419361997967433630e-12 3.716952311756293495e-12 2.585404550877095057e-12
1.258110313762558250e-06 9.147340836005065230e-07 5.751151496331249504e-07 4.049242328325303150e-07 2.771199337580033832e-07 2.067159244852819294e-07 1.631387393582960439e-07 1.292857342749498047e-07 1.022415203627027662e-07 8.475521787935404363e-08 1.660298026610575346e-08 1.282418330486687412e-11 5.537167834372339516e-12 3.299988704938343396e-12 2.212064291564577131e-12
1.366677286346587202e-06 9.015724030569632048e-07 5.715268462753243838e-07 4.043542797223874452e-07 2.762108011632734392e-07 2.101681159154156905e-07 1.618983179949547545e-07 1.267847845772163896e-07 1.018174330626874660e-07 8.432114961419207592e-08 1.623842831890067541e-08 1.369393950593211549e-11 5.960313038779358219e-12 3.429891149709414739e-12 2.380933079559040471e-12
1.414039658897501716e-06 9.040976025904983643e-07 5.833447198851924166e-07 3.993447487588334637e-07 2.738239428894679798e-07 2.090959403472488619e-07 1.619426341536906397e-07 1.257467069235241383e-07 1.015094649284179126e-07 8.430167634313418385e-08 1.700855130061239279e-08 1.451486063786892596e-11 6.049006690192854977e-12 3.550532768866265325e-12 2.452978131478309772e-12
1.296721728724195437e-06 8.807153086129133989e-07 5.879889007912474563e-07 4.029484968506412435e-07 2.762916395152756164e-07 2.093326097937599716e-07 1.626313311218928638e-07 1.265600881937403551e-07 1.043201180514226572e-07 8.479919745006238406e-08 1.678106397588879066e-08 1.408669078601565315e-11 5.823839063433350351e-12 3.367622037065799354e-12 2.356617658409616481e-12
1.384799436891821434e-06 9.212948135376805292e-07 5.699042944977743170e-07 4.015121423842924835e-07 2.769044454109096344e-07 2.083195917451356519e-07 1.620231352706905618e-07 1.278843993906785948e-07 1.012548823827731677e-07 8.397025545817055231e-08 1.659094666841084659e-08 1.426613206976551900e-11 5.991199166803116007e-12 3.509562447678640035e-12 2.469745180889387520e-12
1.296798639753656305e-06 8.994444729197437200e-07 5.761961870437596511e-07 4.067692514946072259e-07 2.789149768772232119e-07 2.090468862890789404e-07 1.627597941190495842e-07 1.282059969715427559e-07 1.030191784803636089e-07 8.495490758026851213e-08 1.631087538346136036e-08 1.259806293018539756e-11 5.326144641968228138e-12 3.143870728339940467e-12 2.198688276268710891e-12
1.354142846030727895e-06 9.115102012235844334e-07 5.803447033327764091e-07 4.054949458134470897e-07 2.798932824253137659e-07 2.120460804060422012e-07 1.621927649682958709e-07 1.270595763641648996e-07 1.025493492166657433e-07 8.462101639661373344e-08 1.645295467775367121e-08 1.418483788335447244e-11 5.949128539168511426e-12 3.337247279869222288e-12 2.344957202698717275e-12
1.339698877899791362e-06 9.151100718238103076e-07 5.804398224938906354e-07 4.030839919122478190e-07 2.807094431142188143e-07 2.100455358658716823e-07 1.629900420762255264e-07 1.268282154927715963e-07 1.032780286132939961e-07 8.472272655663817905e-08 1.644571530144242504e-08 1.339296126378268555e-11 5.700967662925026598e-12 3.268862823180639550e-12 2.306949073691599242e-12
1.252615739138058434e-06 8.975855312860910101e-07 5.625410037938823632e-07 4.018912314688357269e-07 2.756332930258977359e-07 2.098958676522804416e-07 1.618026876865077754e-07 1.272785927653747228e-07 1.019483818626874791e-07 8.436737036522453557e-08 1.619630866161395480e-08 1.459829718521557403e-11 6.026169886070399555e-12 3.572828077927086371e-12 2.401905181497597671e-12
1.267151278783230606e-06 9.114252553326358691e-07 5.711308892500039466e-07 4.065148287751330276e-07 2.732318174853440478e-07 2.090807197287220365e-07 1.620866290217237928e-07 1.256178328647342481e-07 1.031200712711693981e-07 8.526716614658523067e-08 1.648390818008323232e-08 1.642851962698536528e-11 6.832241923502907980e-12 3.930083732469013084e-12 2.772667816589995839e-12
1.314382719801611399e-06 8.885915152956679489e-07 5.774655605322551583e-07 4.043826850545348110e-07 2.746013957909904567e-07 2.075810068195566606e-07 1.639476853083691229e-07 1.259671795572792481e-07 1.024371591950966227e-07 8.407504749697698279e-08 1.630949542865673902e-08 1.337925339821682833e-11 5.376586373334406952e-12 3.086012408597162217e-12 2.177561440135052791e-12
1.296635202107245814e-06 8.947727554525059108e-07 5.896806699940940814e-07 4.027365006312986066e-07 2.751942471224709239e-07 2.093039321569233330e-07 1.624988340694002001e-07 1.265413548461759700e-07 1.027328345804482042e-07 8.413277343133247028e-08 1.685911718042992241e-08 1.461111721135368767e-11 6.172539740565916789e-12 3.612519629733358317e-12 2.511675310714153587e-12
1.410284416825155017e-06 8.589005325621874856e-07 5.742320335213950387e-07 3.990266375218914330e-07 2.800314373195806324e-07 2.125852704832685277e-07 1.636156250216826575e-07 1.260069858724318884e-07 1.016833479931350260e-07 8.387063031577711693e-08 1.673106212318742536e-08 1.392295741233074584e-11 5.941852641248728897e-12 3.408881993805105709e-12 2.394147274817317782e-12
1.335059394826707138e-06 9.184849097285759946e-07 5.733127297686620605e-07 4.024474407285065533e-07 2.764575835892585826e-07 2.086146820777594280e-07 1.645183679036798893e-07 1.270419790740925496e-07 1.018677909705860056e-07 8.415684079593218316e-08 1.642054555315101070e-08 1.370511909637236747e-11 5.721296435535218076e-12 3.305175586334671483e-12 2.268049044738125269e-12
1.315025254151898028e-06 9.167905903667519405e-07 5.664286111497337342e-07 4.109651298618992150e-07 2.749083631031152058e-07 2.080383730314760384e-07 1.626846729628970806e-07 1.293018988686161170e-07 1.014899273151871974e-07 8.451640165220505875e-08 1.634953900604342733e-08 1.518628413386424289e-11 6.632555540532267635e-12 3.844862674074961423e-12 2.594151441991167674e-12
1.372615180370180719e-06 9.155957423359219169e-07 5.789502848826677861e-07 4.061883074617056548e-07 2.802858241631137925e-07 2.114317989202152361e-07 1.619330333535074391e-07 1.249367458877808474e-07 1.027087192562640046e-07 8.431205276690750584e-08 1.641873666546810134e-08 1.569485665447400356e-11 6.502985737032311258e-12 3.787437687395248706e-12 2.634757257980508093e-12
1.347484213022597174e-06 9.095362901046411456e-07 5.829846742792575090e-07 3.971649977302645442e-07 2.773054669511067244e-07 2.098850639147652685e-07 1.629417353017181608e-07 1.247890088664911957e-07 1.023686980350902702e-07 8.521035758506626802e-08 1.654554147466712968e-08 1.429481778169597031e-11 6.241316579166620976e-12 3.605980347266372598e-12 2.557327075471463361e-12
1.354950528819563936e-06 8.866798577950652593e-07 5.738599691654417059e-07 4.037774558860765199e-07 2.748693167491753691e-07 2.084700718447891895e-07 1.619643824650855317e-07 1.272307817072502061e-07 1.032138582494633937e-07 8.358785394662430509e-08 1.655046052486441942e-08 1.448783881086317992e-11 6.196026114619780356e-12 3.595411955393481580e-12 2.470586938279498706e-12
1.374278790970792984e-06 9.179595897698974555e-07 5.623433027028314696e-07 4.040804549441823407e-07 2.709258503419326808e-07 2.104134769217409876e-07 1.631654632069664433e-07 1.268613359945260113e-07 1.022272399479318159e-07 8.391743265998594544e-08 1.640352601420189401e-08 1.397805754963425502e-11 6.100053287455908934e-12 3.531759649074431028e-12 2.447301190190167614e-12
1.334429394645233691e-06 8.999580130479918397e-07 5.858919339350282734e-07 3.979359938582109747e-07 2.736144320029060737e-07 2.096517797514507543e-07 1.630665879332844041e-07 1.266819778449838604e-07 1.020569736921154452e-07 8.424864936329935242e-08 1.656105441925252222e-08 1.358189591890500991e-11 5.735489472299531494e-12 3.319057556052171556e-12 2.332408535928974918e-12
1.402484951505109737e-06 9.287822174429880451e-07 5.697376329630424254e-07 4.094875586062714339e-07 2.805855594669397603e-07 2.060973022624099132e-07 1.639981803232312683e-07 1.267646845748349680e-07 1.024560227133809964e-07 8.415440456700727952e-08 1.625501190717529331e-08 1.516859027610565518e-11 6.715046192824942042e-12 3.814024299685009782e-12 2.677777024183696151e-12
1.294508797795782471e-06 9.063576196032399406e-07 5.679963983769389397e-07 4.111601595741638027e-07 2.743597920228989166e-07 2.073476690249011559e-07 1.619580042679763311e-07 1.254790722360015420e-07 1.025848959566167675e-07 8.432617023505616070e-08 1.668300851723973665e-08 1.345636006309085077e-11 5.672332350260407269e-12 3.310938809679098175e-12 2.265639754336816554e-12
1.260894191160177179e-06 8.945038173471066358e-07 5.686981899948702120e-07 3.992305994052479958e-07 2.783628209005917650e-07 2.083013522798704457e-07 1.627095861692129758e-07 1.282788340367692636e-07 1.024533714387835213e-07 8.497152354926753252e-08 1.638863077228618061e-08 1.342961117345193152e-11 5.638696929684424821e-12 3.256462126300678561e-12 2.251796695905490169e-12
1.327359916680223422e-06 9.145977717504019048e-07 5.867221179510679744e-07 4.093649949859243456e-07 2.759826368868287721e-07 2.082414005705638419e-07 1.648512671667989595e-07 1.273192257485351377e-07 1.029156692963398337e-07 8.437161572217806977e-08 1.619092681851802523e-08 1.496146954131951758e-11 6.044921389200251622e-12 3.632407671893964002e-12 2.500610212925588773e-12
1.393417775889917453e-06 9.068060508732618220e-07 5.777190530838301826e-07 4.082408593722943273e-07 2.768142561146149747e-07 2.087480345029399226e-07 1.641106564215384688e-07 1.262132558564995912e-07 1.022698837696266174e-07 8.592489457796600584e-08 1.617317126511317986e-08 1.392583652567573262e-11 6.137471804605576385e-12 3.529892014171574869e-12 2.470542199188846164e-12
1.326977479045641631e-06 9.050350149382414304e-07 5.831098598722023754e-07 4.075615587493966423e-07 2.778474113960011858e-07 2.085019762791828159e-07 1.594735335688578140e-07 1.278629246123494465e-07 1.012613687137913898e-07 8.444494454195556347e-08 1.647235858315741360e-08 1.570321707983193489e-11 6.521936733531915355e-12 3.822951728648921246e-12 2.636738596285299820e-12
1.298645171894052809e-06 9.034940142680425189e-07 5.736712105441087360e-07 4.059381248901205785e-07 2.748911085999132464e-07 2.078105480330800333e-07 1.662572333672750502e-07 1.277741908666566534e-07 1.021684206971813776e-07 8.315165033157041522e-08 1.650830829937853788e-08 1.369504968413134181e-11 5.807574416199300115e-12 3.517074951527885498e-12 2.443026396285838167e-12
1.307496165249319635e-06 9.207138579861575852e-07 5.785175970686016615e-07 4.076967227258802881e-07 2.723190606226506612e-07 2.119060111970675409e-07 1.604207977577278375e-07 1.263709930009559709e-07 1.027214336801548896e-07 8.368344204507992486e-08 1.648308705780800088e-08 1.368902525618890836e-11 5.810851053494530949e-12 3.386213833469084011e-12 2.335921362157360611e-12
1.278360482021495706e-06 8.954560888751293442e-07 5.630661867939238829e-07 4.016521617394880366e-07 2.806259989181547903e-07 2.102582526783939186e-07 1.607056459080086712e-07 1.266653393656617032e-07 1.025160330860188463e-07 8.373929312304374846e-08 1.606421577666753457e-08 1.340809831364138245e-11 5.739120037687261803e-12 3.350473061607172944e-12 2.317321394439923421e-12
1.301266303079838349e-06 8.881073346621429597e-07 5.836534898768978125e-07 3.932535274501124481e-07 2.768202614773066726e-07 2.083716516136670183e-07 1.614350046550170406e-07 1.283344297482218529e-07 1.026844832379843091e-07 8.478978043958355333e-08 1.657545790890835791e-08 1.524797318299317179e-11 6.300278367083842926e-12 3.717698206558419801e-12 2.593663836121833766e-12
1.198603309066827603e-06 9.184797096767097155e-07 5.773513408069721620e-07 4.024717481356639911e-07 2.752431980279972202e-07 2.086127263119640099e-07 1.617886498954225542e-07 1.268941616752830408e-07 1.030484167307798831e-07 8.452438973408650816e-08 1.618321558508611814e-08 1.475888421552451101e-11 6.189573700100425265e-12 3.641628272227228707e-12 2.519888297306513232e-12
1.310003370251862388e-06 8.922718154138451058e-07 5.671994393676665356e-07 4.029749795103943900e-07 2.778213600843119579e-07 2.069573301984634170e-07 1.601295372695690890e-07 1.266768870168189546e-07 1.012539257632273161e-07 8.476225760684159527e-08 1.638147334202387530e-08 1.405753844004292668e-11 5.794968351267232369e-12 3.433546625910946499e-12 2.316060193139977360e-12
1.246936956247123652e-06 8.851570976462089769e-07 5.726697243417863805e-07 4.008479544776512847e-07 2.771711037906136350e-07 2.095379606908143900e-07 1.628594147062302458e-07 1.271522874165471476e-07 1.022627276998826345e-07 8.450557336124887344e-08 1.646244874795817949e-08 1.238928194397692901e-11 5.319081499334530418e-12 3.180237250575347147e-12 2.202957276979369472e-12
1.364399093524699648e-06 9.167797381196887567e-07 5.648209611576237159e-07 4.091482364329269976e-07 2.766422817976158640e-07 2.094107188169225979e-07 1.623746803200719665e-07 1.268180239977001720e-07 1.022011005837519944e-07 8.592745209108176805e-08 1.668821830596305443e-08 1.404848497948371593e-11 5.913722748338144006e-12 3.467097386868997453e-12 2.388752920482851460e-12
1.347205099562749593e-06 9.241202156436815438e-07 5.774722601873767519e-07 3.989245352224252017e-07 2.753952920539620462e-07 2.118587664268392941e-07 1.595305836211638797e-07 1.256317050419500858e-07 1.033770272349664947e-07 8.421905539169607518e-08 1.643650035328247659e-08 1.545768478152342697e-11 6.376326345872374061e-12 3.700748054261136555e-12 2.569142602755499758e-12
1.302771829971658204e-06 8.965794931623286359e-07 5.787476580930435439e-07 4.054650344268627061e-07 2.771645520789294120e-07 2.080092253781652863e-07 1.629993390460093489e-07 1.260890982381119429e-07 1.018910229696793966e-07 8.455772773530266838e-08 1.626800302330053779e-08 1.381032989662843941e-11 6.065020560884055682e-12 3.497446649923608872e-12 2.366149934358340502e-12
1.263934471945387536e-06 9.181763910791215243e-07 5.738231657674837212e-07 3.987066172468312887e-07 2.787227135434997940e-07 2.096954822166007779e-07 1.628573472904075507e-07 1.260198008105044680e-07 1.016928112777247248e-07 8.395708007025725469e-08 1.650486248852496878e-08 1.514470097339797980e-11 6.186062500456756600e-12 3.736959649134067170e-12 2.593650671528915027e-12
1.317120337019300105e-06 9.197363269023333089e-07 5.703490119793041110e-07 4.025528708828972716e-07 2.748661167558858146e-07 2.088314279242786325e-07 1.654547331162191201e-07 1.274182400348775943e-07 1.030390182233663861e-07 8.306047319903699228e-08 1.664323561649304624e-08 1.467379604983181584e-11 6.197881531014803751e-12 3.643748672275135131e-12 2.572198219579359905e-12
1.413423189750412363e-06 9.159189861326398931e-07 5.762495286509446845e-07 4.084518851016761839e-07 2.800307296627929556e-07 2.073321184331685178e-07 1.613550368695295099e-07 1.250727264835944391e-07 1.025724208370193388e-07 8.452813833994309298e-08 1.664779273340454390e-08 1.463904586196665788e-11 6.210483426666915919e-12 3.610010997069921146e-12 2.514598911149385299e-12
1.389412600644067078e-06 9.248913674907509326e-07 5.679540683427667448e-07 3.988996661060888232e-07 2.774939041289034912e-07 2.070167348720939734e-07 1.619881209516529706e-07 1.258220624517964816e-07 1.011302426316765383e-07 8.412466351849384357e-08 1.651903904466389485e-08 1.398596728505909066e-11 5.697463859287689779e-12 3.376999698573060611e-12 2.330671156292918743e-12
1.329889000398196837e-06 9.028945950429439875e-07 5.762266156556999258e-07 4.066923938568221559e-07 2.763054939369631498e-07 2.088489958396612737e-07 1.623380727779078365e-07 1.266970784535161882e-07 1.033279916055251706e-07 8.389153619655728301e-08 1.657851442039861452e-08 1.535116035882416566e-11 6.368435755457829613e-12 3.710473373367998875e-12 2.554295120868939805e-12
1.356527660184438056e-06 8.979727533317442331e-07 5.799360612843201567e-07 4.046691839312849165e-07 2.764607795902280644e-07 2.104433159219076737e-07 1.618461615471559478e-07 1.258013885654352894e-07 1.018165497635033453e-07 8.382718112674264660e-08 1.661011615509144653e-08 1.427662347096012561e-11 5.740908679243357846e-12 3.367594948026167548e-12 2.365835640553180843e-12
1.292150975776240928e-06 9.306573311967466455e-07 5.768919074148189361e-07 3.951454173148342448e-07 2.741998904805610505e-07 2.069863300000806309e-07 1.617949137626447514e-07 1.290743187194724030e-07 1.030007381612304182e-07 8.416396956858643520e-08 1.669081759612146439e-08 1.294579919050792432e-11 5.446261129462497740e-12 3.157250735898891882e-12 2.194915914719604843e-12
1.343756197276622305e-06 9.103553045318215662e-07 5.632884639097531362e-07 4.065991094237284421e-07 2.771785959433588938e-07 2.046090222787534638e-07 1.608802677752958321e-07 1.274364793792245592e-07 1.029976871651179786e-07 8.408085893487358389e-08 1.651730154665487261e-08 1.324546957441383496e-11 5.381111990677728440e-12 3.196220752415328125e-12 2.215226951782535344e-12
1.314561772959104203e-06 9.131818983234575086e-07 5.756416179712310863e-07 3.909370745955360066e-07 2.738933814791351536e-07 2.089388251741201586e-07 1.634974978749658715e-07 1.267246881131613234e-07 1.024746855063225915e-07 8.470211334732478733e-08 1.664544505497764693e-08 1.462172599772726134e-11 6.265186968650283086e-12 3.657012401173427751e-12 2.521209321425397075e-12
1.290461413398986260e-06 9.231926210473034303e-07 5.796125173954089674e-07 4.021850288513604850e-07 2.795630155341160287e-07 2.105231083029889857e-07 1.642528395595681035e-07 1.256476771326359173e-07 1.012815183385442643e-07 8.360935091296502921e-08 1.637349590275648148e-08 1.407676632522342914e-11 6.053657909325489909e-12 3.463931882693926799e-12 2.414042823579258830e-12
1.265161922218014546e-06 9.085247790652382227e-07 5.788470496982641708e-07 4.013441021303414529e-07 2.756857919202377505e-07 2.099464831182317948e-07 1.625330361421405610e-07 1.260999210325485402e-07 1.020300797688852010e-07 8.448912305024880607e-08 1.670469991229429775e-08 1.562986598962371920e-11 6.495104374791449271e-12 3.832936198744118344e-12 2.627384456026624486e-12
1.384821203982099344e-06 8.850712329501373372e-07 5.787547832552111894e-07 4.076656947960361052e-07 2.766968820576474227e-07 2.097839859326892528e-07 1.628435043997107711e-07 1.271587411145035226e-07 1.025842792388681022e-07 8.473757519554117662e-08 1.647393572668988260e-08 1.521688707265647507e-11 6.277657412095884558e-12 3.656094872561109271e-12 2.520950924780761802e-12
1.447016010309830175e-06 9.063032483856113643e-07 5.806282698238007916e-07 4.050829105576522334e-07 2.781584012093532130e-07 2.068107727787060071e-07 1.620253726735625281e-07 1.269568273099002099e-07 1.026006513207299764e-07 8.455361707898635600e-08 1.646040933922031505e-08 1.339962159081428039e-11 5.642523956527566488e-12 3.305027424395331206e-12 2.262974956008791057e-12
1.333216538753455988e-06 9.154259068189220520e-07 5.700686615507698153e-07 4.026028390818650398e-07 2.732897634573089800e-07 2.094890441016949657e-07 1.634642101360628277e-07 1.266725303375911498e-07 1.027693477905125563e-07 8.408706232345693849e-08 1.627289409835183653e-08 1.414222711049713559e-11 6.123820303953455437e-12 3.482896374249316994e-12 2.410721525568218679e-12
1.345977881278240188e-06 9.313895437874712455e-07 5.626288493900960044e-07 4.062768346918111544e-07 2.797747645808105909e-07 2.081881926624069685e-07 1.645641630590794622e-07 1.278630263300313529e-07 1.014994879000114907e-07 8.379720168882063316e-08 1.635299077983245453e-08 1.455898910335180110e-11 6.270962443880370375e-12 3.532167493089016301e-12 2.484013009488601479e-12
1.272232028001577813e-06 9.018847981168219511e-07 5.718436647442452549e-07 3.996817485754346692e-07 2.775388465577236346e-07 2.099143756599134628e-07 1.633623653727578170e-07 1.268001617902445751e-07 1.031315644619265259e-07 8.438027800156315412e-08 1.657984626086545909e-08 1.529441420304883431e-11 6.153595476645232921e-12 3.588187995085565629e-12 2.507161779900453225e-12
1.289430580675969627e-06 9.034517790464053367e-07 5.731287217650782382e-07 4.049733556073905447e-07 2.763314790612313815e-07 2.060244350881551745e-07 1.624539741234783372e-07 1.277779404391026625e-07 1.024391118648722426e-07 8.323729701203294826e-08 1.664602703557504726e-08 1.520604112813337949e-11 6.425522190405076405e-12 3.706085428135450526e-12 2.564122172683830698e-12
1.415413753315818407e-06 9.010071483353116739e-07 5.796158493381198047e-07 4.033298476226002123e-07 2.771491472444045207e-07 2.087688119659434930e-07 1.629275218111929428e-07 1.257343965943352920e-07 1.023602018480614695e-07 8.367450627056349374e-08 1.678937431955942759e-08 1.475402584169420507e-11 6.302451438863168296e-12 3.616070533361077674e-12 2.486820430937411502e-12
1.308212202202484953e-06 9.011628419098617615e-07 5.835673440114990322e-07 4.003698578121506368e-07 2.747997230791868339e-07 2.089801584887659891e-07 1.630916847538962822e-07 1.274591015238760068e-07 1.031629132145914668e-07 8.397258556002021083e-08 1.662002195915337765e-08 1.362361629101990669e-11 5.471770727458156449e-12 3.240371188581226170e-12 2.285805021613798319e-12
1.339008126263463936e-06 9.305488603473143441e-07 5.751538000614821301e-07 4.066590227780655286e-07 2.777647848829101494e-07 2.091464823487125459e-07 1.621113744564190664e-07 1.282023330186691512e-07 1.022541837934772104e-07 8.486055070607818473e-08 1.663185015183317519e-08 1.613245045451997118e-11 6.717584598142303773e-12 3.893047748385730146e-12 2.683072439756065237e-12
1.357762851443541148e-06 9.108272218341182242e-07 5.753389219891742532e-07 4.058139798481075012e-07 2.809876704492688116e-07 2.107497212521448719e-07 1.613163741105755920e-07 1.247486337588454021e-07 1.022404050821777413e-07 8.453566450722226348e-08 1.673376781126431555e-08 1.539213430328391897e-11 6.250006252384165351e-12 3.626944037250341100e-12 2.466675640854628200e-12
1.294682362936184265e-06 8.906774382604118121e-07 5.585539406210975303e-07 3.964857367546592028e-07 2.813150797717139538e-07 2.080610322441155932e-07 1.625747399494947024e-07 1.277198611040896093e-07 1.013096696599981751e-07 8.500659813332778919e-08 1.660400605052979637e-08 1.448674795225256293e-11 6.164237136591476149e-12 3.531911519937032362e-12 2.448706360247504286e-12
1.373246646840434191e-06 9.093805311047537572e-07 5.791700802902177239e-07 4.042965485734518521e-07 2.728697930454139604e-07 2.079548546306736123e-07 1.647480334544811936e-07 1.266602656916407883e-07 1.019052255614922584e-07 8.432164103108006114e-08 1.664407378004935691e-08 1.360134972368552260e-11 5.615044007127069906e-12 3.304410511142270615e-12 2.285938128106545028e-12
1.295518994530208108e-06 8.918095255389523609e-07 5.714116069579296855e-07 4.028229173047076586e-07 2.739473113489248211e-07 2.080833855189409736e-07 1.627602760058279092e-07 1.265845963812893750e-07 1.029141033217616850e-07 8.428174772137009918e-08 1.627761536585984247e-08 1.560957571254330436e-11 6.568693672504993914e-12 3.844168798496654854e-12 2.586684420944345745e-12
1.234344196580073998e-06 9.122067425040081361e-07 5.672107152470469606e-07 3.992551531439995548e-07 2.767104851808946392e-07 2.071060249925697077e-07 1.622461148451513156e-07 1.265323622843202413e-07 1.025818436053273027e-07 8.390072099480895701e-08 1.641120898885511532e-08 1.370905033817899273e-11 5.735812842504222577e-12 3.376619680778137710e-12 2.314985661069481941e-12
1.369040153553637471e-06 9.012401975746317725e-07 5.691589815919413041e-07 4.057210572405986288e-07 2.799040734702524856e-07 2.061033453169275781e-07 1.612158645243978218e-07 1.270280585285165733e-07 1.020934521850529670e-07 8.398434156828243690e-08 1.641533463128513134e-08 1.438123221994081088e-11 6.036198841452212626e-12 3.587814619093777431e-12 2.473270801640582770e-12
1.353159644566105531e-06 8.850896677573341727e-07 5.743009362372941177e-07 4.083893630486632454e-07 2.761165334617042495e-07 2.082896600406356696e-07 1.629436466698141658e-07 1.266773390244310794e-07 1.023150639989010216e-07 8.364000819550587396e-08 1.657864397187664476e-08 1.355286768886987336e-11 5.688870153835593544e-12 3.348435003217690335e-12 2.325201955000348548e-12
1.332450670470432509e-06 8.781295219379390098e-07 5.686065915079751109e-07 4.033375053871928547e-07 2.761241920398864372e-07 2.096651806955481286e-07 1.642206251517660313e-07 1.265510859184720734e-07 1.022130507348450608e-07 8.406455878474656815e-08 1.658326980211998481e-08 1.564686796317105026e-11 6.741935623734725619e-12 3.924478320439807907e-12 2.752340030253809365e-12
1.358120728358266966e-06 8.792476564458902756e-07 5.752205909731080389e-07 4.076008940744968496e-07 2.788548820841215022e-07 2.088146146563059927e-07 1.634331371719332349e-07 1.266477867688607545e-07 1.009840213308614152e-07 8.268055451988679465e-08 1.679151357139676564e-08 1.448372890147556934e-11 6.059398805633969080e-12 3.653420089269347052e-12 2.513921987927263618e-12
1.382214879986770041e-06 9.090768986311002760e-07 5.848717439469574160e-07 4.033420041726646760e-07 2.750461997163398867e-07 2.086516571652101841e-07 1.621590063219759754e-07 1.290701477597652678e-07 1.027749976410594900e-07 8.366629649705464784e-08 1.662891199980252018e-08 1.454811737130541124e-11 6.266480008407722414e-12 3.512632979227139154e-12 2.435648908417691016e-12
1.198935068202979393e-06 8.893208402237813418e-07 5.608685114231861481e-07 4.088200277016071536e-07 2.812392411573950753e-07 2.085300248115875131e-07 1.636681945558514179e-07 1.267234109022619249e-07 1.027388528239813924e-07 8.480901342650542404e-08 1.655482961688471204e-08 1.393282416459810846e-11 5.843918659811924773e-12 3.440549916139110288e-12 2.392069813867543837e-12
1.339280786004099644e-06 9.047497652495035003e-07 5.781904246574854172e-07 4.079284546789247840e-07 2.757166417924960704e-07 2.113510883187545646e-07 1.638127069444548699e-07 1.242894124227452446e-07 1.024075635796018049e-07 8.419832077813870860e-08 1.642832459204046532e-08 1.436512930333777131e-11 5.993913519676918950e-12 3.599507864063428565e-12 2.468897262273714552e-12
1.388217999074355166e-06 8.977637943356219411e-07 5.694701040629426841e-07 4.010845166161153669e-07 2.742863147263085964e-07 2.085888172165543893e-07 1.631411071737439896e-07 1.282533407375178270e-07 1.027017056439600579e-07 8.400845266697367977e-08 1.678128598659422960e-08 1.410214669770717667e-11 6.216290710738251878e-12 3.607484516728134178e-12 2.445222583257535874e-12
1.351517606020906275e-06 9.041914538215895354e-07 5.775791053283762477e-07 4.020016725721258136e-07 2.757428369210545446e-07 2.096789415260920366e-07 1.658760087692544365e-07 1.277898239243779092e-07 1.030276010571104252e-07 8.386028528336204727e-08 1.640200918051865235e-08 1.403595252793730021e-11 5.990550356802550347e-12 3.463475929412929577e-12 2.388748261358779643e-12
1.271360456369820868e-06 8.850741486312489042e-07 5.672349576291001707e-07 4.047981348898221723e-07 2.788334125715803260e-07 2.081035767856333477e-07 1.634564014327482627e-07 1.269723243867110833e-07 1.022155717119895307e-07 8.458167986313170462e-08 1.628748356256833110e-08 1.429687576911075550e-11 6.102393992466544759e-12 3.507066867438360068e-12 2.428246836326456560e-12
1.302765987046114181e-06 8.857507515649325664e-07 5.628410151634069016e-07 3.973401092299362072e-07 2.726103620275801804e-07 2.074694244403366348e-07 1.625063811445156182e-07 1.259736622947775027e-07 1.028926280023618132e-07 8.480442983315308553e-08 1.650659188106656117e-08 1.368999489308519045e-11 5.650356237988789846e-12 3.399411552806725235e-12 2.358646262810801518e-12
1.302700142787237421e-06 9.107785592642465069e-07 5.689057296052684577e-07 3.970363484482269667e-07 2.771485778501594946e-07 2.092789429367665644e-07 1.629911224890895286e-07 1.248501047589641951e-07 1.020612029204712544e-07 8.465457587656454535e-08 1.655805403839693899e-08 1.431847001564988326e-11 6.062907727198066437e-12 3.546908542481326323e-12 2.401089526429167714e-12
1.369504208481465590e-06 8.980074256566060263e-07 5.809249120632013309e-07 3.958898930011395925e-07 2.802019771013053052e-07 2.055610112138007083e-07 1.621318562780150260e-07 1.273978811128814128e-07 1.026306105418345776e-07 8.387849164693492571e-08 1.620326173033816777e-08 1.490113652024340216e-11 6.143623402087128119e-12 3.708253094665992714e-12 2.534625851879097981e-12
1.396028647052963809e-06 9.040324910735421129e-07 5.860995907738098960e-07 4.030771363811633643e-07 2.764070745307836129e-07 2.074555757668780823e-07 1.645406431102135642e-07 1.271818274325286011e-07 1.028258293861325277e-07 8.496883840724495022e-08 1.699026695209291600e-08 1.431259451374585990e-11 5.809493729057523506e-12 3.470361999423076370e-12 2.358640763198414451e-12
1.314667948316751015e-06 9.180095610182120506e-07 5.767865384899729914e-07 4.057758811851838074e-07 2.780691187808270302e-07 2.113312257309657402e-07 1.643951717737724015e-07 1.268431731937386814e-07 1.032060242012560462e-07 8.401494381312654257e-08 1.669130656606561897e-08 1.378193493548657054e-11 5.726452062219175493e-12 3.418547257712966697e-12 2.313890795377022868e-12
1.393189329130199762e-06 8.813117767469306783e-07 5.587017534736332423e-07 4.124731311520475119e-07 2.724705011991042742e-07 2.093965238310816186e-07 1.619195188774448267e-07 1.266375788163129184e-07 1.016377521386665730e-07 8.460504344361647881e-08 1.661310792980305038e-08 1.437963926460863634e-11 5.824796129532209984e-12 3.331660810392658866e-12 2.334256226588856471e-12
1.312213674155679741e-06 9.100074001801944265e-07 5.734471075224280883e-07 4.072131015004142314e-07 2.755659211532713516e-07 2.085560946180981016e-07 1.629977233566098069e-07 1.266874716066603388e-07 1.032808368002226351e-07 8.475839610357087837e-08 1.640034437860325148e-08 1.557586497730943120e-11 6.392170965078639397e-12 3.775979235365725987e-12 2.584558495725556693e-12
1.319105584239354285e-06 8.874366633241217921e-07 5.720441951945622004e-07 4.035490599023924911e-07 2.743248199605771794e-07 2.119677813280909682e-07 1.642470391502622262e-07 1.274814108399347120e-07 1.030205050450929479e-07 8.387813281298911232e-08 1.671727498810886350e-08 1.373523242042971646e-11 5.867768577640132044e-12 3.415417091203663970e-12 2.310222481902888895e-12
1.369286946550765215e-06 9.226895475009545122e-07 5.639607206306335457e-07 3.931775840140647720e-07 2.803019164387321009e-07 2.086703820761082242e-07 1.622508113087135363e-07 1.266609255355312780e-07 1.018054854151645863e-07 8.413639679058721458e-08 1.651993270790087691e-08 1.393486853524394600e-11 5.950465040286284537e-12 3.335105431436859516e-12 2.346996881460277564e-12
1.321943903708739904e-06 9.011253106364637895e-07 5.709485860890617754e-07 4.078337438646391012e-07 2.766979862405172116e-07 2.105995155330887954e-07 1.628243214508292387e-07 1.261023006458583635e-07 1.018824899607523737e-07 8.326656408587935405e-08 1.665734512211925694e-08 1.408933585462646262e-11 6.205263115967354463e-12 3.520646906461754985e-12 2.464571059162777458e-12
1.299408429404307016e-06 9.023609805287005449e-07 5.714724251618940194e-07 3.985013814287965677e-07 2.691059726283114697e-07 2.070785825150198184e-07 1.670658523151142701e-07 1.271429724045183121e-07 1.029519149647787194e-07 8.419033673067680162e-08 1.612502129782215485e-08 1.419055697402276440e-11 5.755647686016679263e-12 3.387458489307432575e-12 2.409681879397369038e-12
1.345231832332803809e-06 9.060209870753396528e-07 5.712998137523505427e-07 4.020925038640840875e-07 2.759361213683341091e-07 2.060051777481430460e-07 1.627013455459277988e-07 1.265742521686273654e-07 1.023367142306674598e-07 8.477385876362259838e-08 1.670374613554459812e-08 1.423264938412077857e-11 6.092041351187628535e-12 3.548448579667638708e-12 2.451542012566846355e-12
1.310172200793992934e-06 8.985726371456662831e-07 5.749691432804169087e-07 4.069404746022336379e-07 2.765086706435549061e-07 2.102784437648538017e-07 1.620193149682868690e-07 1.269208861359784463e-07 1.013609738342108783e-07 8.408816341428688564e-08 1.698984620463388155e-08 1.399347605556641177e-11 5.990984099405024019e-12 3.480816834379692468e-12 2.424161720746108820e-12
1.289212871227068013e-06 8.968124132534772165e-07 5.731201896102818752e-07 4.076156054169494124e-07 2.775096709416776779e-07 2.060165958891694989e-07 1.638082534407642330e-07 1.271084171331969431e-07 1.015193158367264375e-07 8.386626322803362333e-08 1.674507989564180973e-08 1.533856758901464319e-11 6.378147726245268046e-12 3.710603165390008884e-12 2.560571059414737960e-12
1.282647743981167688e-06 9.065722803733738799e-07 5.749877722649864293e-07 4.017172756033274747e-07 2.749109927710255739e-07 2.083941036401490504e-07 1.603991369431049291e-07 1.279592277853474725e-07 1.021783419652004057e-07 8.417752244355474623e-08 1.613827251653234720e-08 1.511759772258928270e-11 6.145862959063909023e-12 3.645066775557422488e-12 2.530659588770443405e-12
1.376786006120171052e-06 9.231589513403481836e-07 5.821090079904098573e-07 4.035309567940796647e-07 2.741488264394331023e-07 2.082744334574956885e-07 1.605728075200505217e-07 1.277728347215825986e-07 1.033292133262631980e-07 8.553554861629517100e-08 1.644110984018786204e-08 1.464144870049680277e-11 6.295605468892882606e-12 3.654856770713784119e-12 2.571608788892780595e-12
1.311540610816591635e-06 8.931934841652934554e-07 5.909700335199913735e-07 4.081952728019811349e-07 2.750000353623718473e-07 2.116129651594647875e-07 1.636505282881545959e-07 1.263912451105111432e-07 1.021567339506932533e-07 8.390676814187933259e-08 1.616847671464342057e-08 1.298818864313194668e-11 5.502008944416881547e-12 3.193840872544043560e-12 2.212736180680742357e-12
1.422673678382911165e-06 8.857231099550037287e-07 5.798968351738861281e-07 3.994673952775918508e-07 2.796760924845071723e-07 2.118981221592158849e-07 1.622038756415732319e-07 1.248395954099875424e-07 1.017455542000870361e-07 8.398415293818952293e-08 1.660590017277929051e-08 1.557810840767216120e-11 6.444883304114535899e-12 3.833597949464971432e-12 2.685733319489849045e-12
1.313769458092605037e-06 9.267471089318153881e-07 5.662518248467692328e-07 4.111219922124521862e-07 2.780625446720085243e-07 2.078395734123824106e-07 1.634019469392107906e-07 1.255091200606416043e-07 1.039473778461442397e-07 8.340494248318126212e-08 1.619658574325744123e-08 1.308494922314198902e-11 5.531603231749148998e-12 3.184378930802829510e-12 2.179577153004146167e-12
1.336147302058672136e-06 8.849885776452601290e-07 5.811941967818795493e-07 4.057862377404078485e-07 2.789431484475030894e-07 2.070597283569570169e-07 1.637746428108444117e-07 1.273255610979669378e-07 1.008952608998896772e-07 8.364197392924490315e-08 1.670407924083634578e-08 1.317560585631657882e-11 5.666975278161923186e-12 3.282056779045739980e-12 2.278362951851160825e-12
1.344779341376915838e-06 9.001527528832910404e-07 5.667085932845903137e-07 4.050388851770378909e-07 2.782535514267966191e-07 2.060756840628595495e-07 1.617335487359115542e-07 1.274919904075356928e-07 1.021752979084331666e-07 8.446621504274368712e-08 1.663928841327215288e-08 1.455331295610524441e-11 6.303832483376379066e-12 3.664581613352184897e-12 2.529775936025671957e-12
1.347414185551774739e-06 9.165625732379972125e-07 5.635558087859852568e-07 4.068005370337496627e-07 2.788620699245244295e-07 2.076358882792234693e-07 1.623678861174913563e-07 1.253714760003037384e-07 1.031318670215367596e-07 8.445692644703890554e-08 1.682136256060698114e-08 1.492074185513591469e-11 6.160793602329318495e-12 3.620623686470470818e-12 2.516873652805279291e-12
1.351703843440695339e-06 9.105354996566646521e-07 5.719711094990771117e-07 4.020813121589889371e-07 2.747375377282940649e-07 2.086191954994628666e-07 1.622691775326138033e-07 1.249574237351928322e-07 1.021506707227565578e-07 8.487047614859099083e-08 1.679994533507983211e-08 1.409242744784155186e-11 5.778598816827777618e-12 3.407998716482673188e-12 2.332082072463483651e-12
1.299610165015515676e-06 9.094753697425569898e-07 5.716811797668631679e-07 4.003322169961309991e-07 2.802639518810906946e-07 2.096747215802310654e-07 1.647341379618790396e-07 1.262469321418294172e-07 1.034241308224332661e-07 8.523321045962310629e-08 1.645024785058942789e-08 1.646870321979760520e-11 6.722434957380012219e-12 3.970224901437978392e-12 2.782414279458603768e-12
1.321306981083391001e-06 9.024700553436315737e-07 5.793020084160327100e-07 4.093029967458627574e-07 2.783089448395206017e-07 2.093661739297784733e-07 1.626537455975007169e-07 1.262948670516561729e-07 1.026811459315584326e-07 8.452405483513363688e-08 1.686486688482720939e-08 1.249383578513757378e-11 5.462763287841480108e-12 3.169375345034935729e-12 2.121189341532659970e-12
1.293228716878944008e-06 9.255839060122287617e-07 5.509144321123852160e-07 4.055239013158863896e-07 2.759182880690581018e-07 2.044520970971651523e-07 1.639411016049115384e-07 1.269524338085217935e-07 1.007867150371652378e-07 8.446899028783396197e-08 1.691604800756361658e-08 1.277715693523045298e-11 5.344272240817705807e-12 3.133561305312709425e-12 2.152217682601325108e-12
1.323723507563709493e-06 8.840678001990032058e-07 5.682062746567948669e-07 3.983663065123034533e-07 2.778256095787420906e-07 2.122586924688356640e-07 1.632030045498640343e-07 1.273682281572479469e-07 1.017216496760949221e-07 8.485104487452125490e-08 1.668389920944726948e-08 1.356989537058651314e-11 5.684965931799262904e-12 3.271168759132175917e-12 2.281615116530429993e-12
1.391284898021566287e-06 8.980186996228940361e-07 5.716955794014784970e-07 3.985472345019673984e-07 2.739675969212218885e-07 2.081473448591500396e-07 1.649139601950410133e-07 1.257626472701585406e-07 1.012420945038761150e-07 8.468079019608097543e-08 1.631382456810132489e-08 1.381725813137528956e-11 5.732461780026045738e-12 3.329909970926129304e-12 2.331503497189162642e-12
1.310767550579153309e-06 8.771726582075195443e-07 5.738207203942196194e-07 4.052723436924060283e-07 2.775954027119835967e-07 2.062644238800767869e-07 1.631650752247140554e-07 1.269431725841776224e-07 1.013357519543353705e-07 8.426811893079820773e-08 1.608642269234226959e-08 1.459324455516212919e-11 5.984431760965043170e-12 3.449107058119561217e-12 2.435993577175292804e-12
1.311737722940247984e-06 9.028346206688196194e-07 5.821793532930698774e-07 4.096237086772072770e-07 2.770457635542196316e-07 2.084781009231311428e-07 1.636262381550079578e-07 1.259685337025144965e-07 1.020315534805524858e-07 8.397847815089476328e-08 1.610362725453102170e-08 1.256932699526852609e-11 5.465045928384063431e-12 3.155056364943925727e-12 2.192158209681689428e-12
1.307464861852469721e-06 9.026942332917736224e-07 5.721778431607598551e-07 4.045365381026148482e-07 2.775878485689987913e-07 2.129420877803557311e-07 1.625026367341465494e-07 1.259005618521684345e-07 1.026375193210408373e-07 8.442714764546562465e-08 1.676518495344233210e-08 1.518234557636900380e-11 6.394981827827047387e-12 3.751994472567039886e-12 2.559051541533409574e-12
1.275128400982341779e-06 8.832207620036845949e-07 5.789408238257020526e-07 4.064030817332507920e-07 2.778452804438826867e-07 2.082244569254263879e-07 1.636023627751641085e-07 1.272103498855173939e-07 1.014368219624952338e-07 8.419364538017783639e-08 1.689690547705077753e-08 1.398384702670394676e-11 5.912910990091270354e-12 3.492890818916016867e-12 2.431651076000568108e-12
1.361361379483022214e-06 9.222198032298480900e-07 5.724920985041514164e-07 4.045373339791571250e-07 2.784995988800211582e-07 2.074126438767252715e-07 1.630997984520711254e-07 1.267003901081549651e-07 1.034130804160076854e-07 8.372594309002567568e-08 1.645801071088099448e-08 1.572826956492460788e-11 6.393823528656391478e-12 3.736600074152590717e-12 2.610398564075411766e-12
1.329061177071608376e-06 9.047032048954244395e-07 5.747938832412021915e-07 3.957189309678113575e-07 2.795769332922623239e-07 2.063993680973649341e-07 1.614228185813389914e-07 1.270870500549171175e-07 1.018201143816260732e-07 8.389359306162959047e-08 1.649581182870068622e-08 1.504104153373815824e-11 6.348586339397295062e-12 3.617039980425823464e-12 2.569033219861765529e-12
1.338561977045928047e-06 8.878094320987965577e-07 5.769995009080919836e-07 4.031131379267737525e-07 2.801207528739715310e-07 2.081066952135861908e-07 1.639109608549385489e-07 1.274109016018591681e-07 1.030845874373463084e-07 8.376554687584018507e-08 1.678948180584863715e-08 1.445951073309919403e-11 6.126153493717791958e-12 3.519025393690431048e-12 2.456581531782175507e-12
1.311702279399709535e-06 9.110637933207911780e-07 5.611264170049757051e-07 4.004611785263043574e-07 2.761080750976626413e-07 2.104328577892767350e-07 1.639211800174623985e-07 1.274224934968334513e-07 1.015227251138308621e-07 8.432616537116499335e-08 1.627890105716022637e-08 1.388141426648925456e-11 5.741002657369867236e-12 3.362734618773248896e-12 2.355479232077597572e-12
1.428116319041616575e-06 8.997777762802670095e-07 5.829940644648705607e-07 4.119826306339853924e-07 2.821710084461480245e-07 2.111473798877527093e-07 1.614975407925780530e-07 1.280188654862240860e-07 1.024292365550221166e-07 8.481434429354806721e-08 1.673627092962178485e-08 1.397020457584882847e-11 5.886368780020419438e-12 3.413784271310709505e-12 2.369744818682793709e-12
1.338066463835182478e-06 8.993898618649874856e-07 5.835570807394895824e-07 3.974366120086585124e-07 2.786058886384706096e-07 2.098467508037324437e-07 1.641842021137561289e-07 1.266986169989607986e-07 1.019007608864551411e-07 8.427954024973054838e-08 1.642673599666848443e-08 1.259802767263042487e-11 5.339970338810769975e-12 3.086346986839281356e-12 2.089269336008813544e-12
1.273099521574490350e-06 8.909828585750218616e-07 5.764605994645571429e-07 4.087109422378939025e-07 2.776893954566231496e-07 2.097401918704810183e-07 1.628538486922195591e-07 1.276279890216732930e-07 1.012832942789847955e-07 8.446386648743842193e-08 1.630872991280061560e-08 1.417275098630658833e-11 5.903771521657581721e-12 3.524804683771723673e-12 2.369358808674987636e-12
1.395457861326613734e-06 9.205069280739222085e-07 5.785700751916699301e-07 4.036579908422079471e-07 2.758807408277451505e-07 2.096784859479562271e-07 1.620795460970875256e-07 1.264497441664711655e-07 1.009699525041646062e-07 8.410852961576334723e-08 1.645881513246538747e-08 1.466401187350780263e-11 5.995311462903011708e-12 3.443026824329065552e-12 2.357926161758056994e-12
1.303846142186284356e-06 8.986296138390289289e-07 5.732970866059482024e-07 4.043666892717813941e-07 2.815026461116258556e-07 2.110202925864549541e-07 1.611687324425367170e-07 1.251000577933597220e-07 1.019345359177101704e-07 8.474865104999403321e-08 1.653440682987601175e-08 1.396551967507272956e-11 5.776783553990793831e-12 3.336601762772118539e-12 2.291841788918269700e-12
1.269031597962363046e-06 8.952531833863970861e-07 5.594400797695462748e-07 4.002200778464917804e-07 2.771485529704621170e-07 2.094038721763462766e-07 1.617560949744095298e-07 1.268949796240862281e-07 1.025992329983447943e-07 8.449631241613505587e-08 1.641839027287558521e-08 1.420410698518287285e-11 5.896131977540985113e-12 3.486465982099588088e-12 2.414023733397668418e-12
1.258607568175081324e-06 9.063310714310189197e-07 5.688992956489361366e-07 3.934719976180993508e-07 2.811323803200054288e-07 2.091380447034109974e-07 1.613195248556385754e-07 1.270856512999507863e-07 1.017710365186119793e-07 8.409362772163692783e-08 1.630917903550200109e-08 1.403716496619858177e-11 6.081031969305403026e-12 3.485374679908378677e-12 2.410421748643684655e-12
1.326805154043989813e-06 9.157013830844756693e-07 5.714326185748904691e-07 4.000131887808410980e-07 2.728816543074783168e-07 2.094020776654915514e-07 1.642966015999383097e-07 1.266559049008002051e-07 1.020561383968364132e-07 8.477735937929589836e-08 1.637622970878911756e-08 1.521563552632657821e-11 6.406405315787435558e-12 3.691052544611481308e-12 2.586249601342686984e-12
1.412579322676234460e-06 8.925734868004938841e-07 5.844687189854134612e-07 4.094374848268961924e-07 2.801357109784505538e-07 2.090473857639035450e-07 1.615474810194382498e-07 1.265591970587239358e-07 1.033288606921075574e-07 8.467052137081224446e-08 1.677174109620156819e-08 1.517924724297947540e-11 6.324696243796829361e-12 3.691610625450493362e-12 2.567633433449505760e-12
1.346142780719585917e-06 8.902657948605925483e-07 5.730478133314693707e-07 4.102378602597539482e-07 2.754960358018225260e-07 2.096171226470316694e-07 1.601036491776018841e-07 1.280047488730688602e-07 1.022013031404512351e-07 8.385053448662178270e-08 1.647257749521021462e-08 1.532128166819777321e-11 6.420494580298806776e-12 3.689309291697176377e-12 2.549598557825722658e-12
1.333927410312021059e-06 8.825788341691753607e-07 5.636231242869745677e-07 4.038246087300891553e-07 2.807275620239856936e-07 2.068103869712195257e-07 1.616474694575152367e-07 1.264100013991543588e-07 1.025352447259596423e-07 8.476413242552865954e-08 1.661649185418845234e-08 1.461002350868193825e-11 5.965464141224441165e-12 3.503119266391290750e-12 2.443303701817488688e-12
1.250601812697282125e-06 8.819984843306153721e-07 5.820837280678282334e-07 4.058411582407773788e-07 2.793172609687380317e-07 2.085296619581437014e-07 1.610287169408155163e-07 1.244495416359990645e-07 1.025297832278818523e-07 8.442309304789152823e-08 1.614910136557816634e-08 1.312906344941751760e-11 5.444208966752377696e-12 3.243096465992961747e-12 2.221848360815920588e-12
1.317296774128410215e-06 8.758230138377929703e-07 5.744152589160966604e-07 4.002390451339816261e-07 2.773369988662270148e-07 2.090219975218248310e-07 1.642298518135947047e-07 1.260327897362283620e-07 1.033694359431130000e-07 8.462733210721501574e-08 1.652561361133924111e-08 1.453355555755515710e-11 5.989286425328026565e-12 3.472063201520362691e-12 2.418059502747147202e-12
1.376219525512564672e-06 8.863936956374709558e-07 5.648679591870763416e-07 4.108635676553618155e-07 2.794092213812922701e-07 2.063596967700033859e-07 1.627238134823532401e-07 1.267777496446038401e-07 1.020144154928771556e-07 8.450868169287860227e-08 1.673703309030881999e-08 1.381838286608123845e-11 5.967984765698441770e-12 3.526042954919040624e-12 2.417012333573593507e-12
1.328677922098263699e-06 8.943531781713957920e-07 5.684948795965569343e-07 3.994311070883849394e-07 2.750525816960922684e-07 2.120654957739047108e-07 1.644923938806826391e-07 1.272534333285032961e-07 1.017033446902483379e-07 8.465601301669656258e-08 1.645390675161612780e-08 1.562302088486392838e-11 6.565621583614649617e-12 3.777998046104292681e-12 2.608606524501366946e-12
1.359057401798829351e-06 9.105078330884183209e-07 5.729821138150055477e-07 3.937605560200380520e-07 2.737489979607251910e-07 2.067332836929886204e-07 1.632862001112205691e-07 1.268106080446531324e-07 1.020230097923322801e-07 8.429277095548790472e-08 1.631882438504787235e-08 1.490552054744425505e-11 6.044442036477577304e-12 3.563023798292358802e-12 2.500756999151364616e-12
1.321154711025641684e-06 8.907789306194962034e-07 5.734947951669414708e-07 3.963592826077374837e-07 2.739390272041303816e-07 2.104797010094059469e-07 1.636839418727748041e-07 1.254320404215404192e-07 1.024639216289822762e-07 8.548373873131739625e-08 1.663729605280345200e-08 1.550568070194510332e-11 6.496822660285838742e-12 3.771258496168974153e-12 2.619305165751391430e-12
1.350965853961672476e-06 8.966951603174286094e-07 5.776429975223237094e-07 3.980809463668198127e-07 2.741528529281825408e-07 2.065107675708903768e-07 1.617721808529129363e-07 1.267275864467585832e-07 1.016113674529739273e-07 8.389569696373207248e-08 1.695875237617938907e-08 1.407056820685610394e-11 5.890247591385021454e-12 3.405061440075293607e-12 2.415183778342698624e-12
1.356917435788182279e-06 8.830137102626499104e-07 5.871732175045619684e-07 4.042896466090315275e-07 2.799766136338274938e-07 2.122909418248117022e-07 1.604730242827452803e-07 1.269581610148813823e-07 1.024977929923021241e-07 8.410738738258972191e-08 1.670002593671797231e-08 1.532060410709776371e-11 6.524010860037563570e-12 3.800645360434170255e-12 2.632063377339551443e-12
1.366164080230526239e-06 8.718860988778499524e-07 5.677082019149610505e-07 4.087251303576578593e-07 2.761558273354635962e-07 2.072699444397678706e-07 1.627582053426141431e-07 1.278255454488383778e-07 1.026561538455133060e-07 8.388340381816441356e-08 1.636782245360603618e-08 1.244554412523465298e-11 5.354200992354236835e-12 3.114105687319538796e-12 2.124571151643512922e-12
1.331728528507949176e-06 9.150639474178395665e-07 5.792057488798293128e-07 4.111637682097077757e-07 2.753980687606369868e-07 2.070590927203247768e-07 1.641327343356682177e-07 1.268710808135771549e-07 1.022459759593440135e-07 8.441158733156070988e-08 1.634482412962207256e-08 1.577497045539121996e-11 6.363965608557557726e-12 3.737254135371901795e-12 2.585472236865322620e-12
1.217273270108911917e-06 8.922953863199047642e-07 5.815075305783030203e-07 4.137540478405365475e-07 2.763779606872834884e-07 2.101369298658210163e-07 1.619031883442953459e-07 1.276687115917467333e-07 1.012232529918926742e-07 8.441976821444839002e-08 1.667432420287510947e-08 1.624287939659816643e-11 6.533446900115888511e-12 3.921835842695403286e-12 2.674246136531356591e-12
1.370401811785123674e-06 8.968677738754118646e-07 5.779346123564635343e-07 4.014791577722865563e-07 2.760877431578696809e-07 2.046172269359056138e-07 1.614573319006702738e-07 1.275418931462515149e-07 1.019399314441233421e-07 8.469355193819536091e-08 1.622703667300118258e-08 1.441771058829457393e-11 5.997704566670277495e-12 3.554546115833910476e-12 2.500248719153009262e-12
1.351559704183885187e-06 8.845719091260719890e-07 5.615684960921882228e-07 4.070479415580276656e-07 2.776554833565734337e-07 2.081826884606423630e-07 1.629818140585210929e-07 1.256351233391927514e-07 1.035822842825420855e-07 8.464039186113108054e-08 1.640746713315772439e-08 1.394440230672569807e-11 5.860330734627639105e-12 3.469939756410351583e-12 2.378560303151292457e-12
1.275880833310788635e-06 9.028403663603989210e-07 5.702761465034691221e-07 4.019142210755464343e-07 2.743222790630295142e-07 2.075413759505837334e-07 1.634038520056057081e-07 1.255591363235683956e-07 1.034067817010660032e-07 8.423804836342523499e-08 1.626388798457401790e-08 1.342943911489895915e-11 5.496870096760910809e-12 3.172882654378172088e-12 2.208443113031731739e-12
1.345859339238087932e-06 9.212026571999338357e-07 5.758848490795186652e-07 4.034995660858700766e-07 2.782030101957392056e-07 2.074364450981049756e-07 1.635611045098365405e-07 1.266368367347891025e-07 1.025898012431273876e-07 8.389702267918479305e-08 1.684733600122219557e-08 1.660222884269431354e-11 7.036700146329904415e-12 4.029976842851888807e-12 2.798429142408496347e-12
