# Cls sims
1.331352390821062480e-10 5.001220467769764355e-13 3.097864387745409299e-12 -1.806151437998366176e-12 1.822386664137909666e-12 5.383326439422747616e-13 1.461642914305886521e-13 4.576772317814281438e-13 1.113549282776193467e-13 2.192837136951161158e-13 5.692529911252902421e-14 -2.371215512057159739e-16 -1.450704401739420825e-16 -6.983141072043635303e-17 -4.762526239040750429e-17
1.675978181713463430e-10 7.878589699978245801e-12 -1.393295575793773906e-12 1.707781566280170479e-12 1.435093213806448306e-12 -6.722498111804581830e-13 2.156770491441555490e-13 3.084781122617911789e-14 3.196125503575184226e-13 -1.482507575318377117e-13 -5.022370554338787813e-14 1.947884678063694026e-16 5.218487084640969757e-17 1.398810802332128241e-17 8.431033168635989904e-18
2.605676315525085635e-10 4.840189385129700472e-12 -6.838985075184011848e-13 2.059642583244755713e-12 1.119583925046687848e-12 8.606709319195837625e-13 3.507820495968008146e-13 -1.576062457074596840e-13 1.031133679043801768e-13 -4.890173001859003374e-15 2.365732558165099969e-14 -2.568487198709478348e-16 -8.339730349633370403e-17 -5.195841148745451603e-17 -4.149809396169164425e-17
3.017860429245318368e-10 2.918529390054718539e-11 4.707342698272251494e-12 8.084291972678875269e-13 -1.103552026129639967e-12 6.438318802515658079e-13 1.019109943081564358e-13 3.657484468535105264e-14 -7.286628180482887959e-14 1.818777465315458556e-13 7.451815649146195785e-14 1.820951409531677912e-17 2.091257817245500785e-17 3.745205135581529730e-19 1.230978367317935572e-18
3.252564919071243037e-10 6.095431186306059992e-12 -1.775438143581922892e-12 2.069754098171893773e-12 1.143236833943921542e-12 -2.996137348614573327e-13 -1.610994486896273415e-13 1.617292499459909774e-13 5.928471566453308571e-15 1.921232731121908926e-13 6.284054551482238711e-14 9.136225860031622635e-17 7.246386437933490652e-17 2.844098286153199613e-17 2.326664577464880592e-17
4.028190832330022822e-10 9.856046581905486552e-12 2.430287252852741324e-12 -8.349139429971266802e-13 -5.504301938005516396e-13 7.335611663711442996e-13 3.178088084204330230e-13 -1.838605338243794721e-13 2.838198836248511678e-15 -7.196073607542481838e-14 4.675958411125534442e-14 5.391137443161388125e-17 7.979472944846857330e-17 4.279428312037090909e-17 3.170423068949406157e-17
2.317148852102182231e-10 1.772568989529797230e-11 6.340319553171809853e-12 7.547988046237482667e-13 1.088338322183689755e-12 -2.733101602885758660e-13 1.194755510883296379e-13 -8.815172108837658694e-14 7.057669018240194912e-14 -9.013153957852039408e-14 6.484959700360040479e-15 -1.824805289733232312e-16 -1.320142930758519101e-16 -5.930136810437191338e-17 -6.398719837337314400e-17
1.888300829054724734e-10 1.803862389487598806e-12 3.923015688758030957e-12 -1.060144643808907759e-12 8.786111637072187020e-13 5.769727646300648927e-13 5.351801174909491323e-15 1.812817932725343125e-13 -2.074527462654880074e-13 -7.761216043942248367e-14 -7.666465744010730332e-14 -1.289134623868482827e-19 3.139592377851500118e-17 3.516087177199619859e-17 1.649759291210604190e-17
3.625773800459988059e-10 3.890947225470675976e-13 2.109219203395977601e-12 1.707889275934643704e-12 2.861574766648985094e-13 -1.058026894648267770e-12 4.003920832444967552e-13 -2.690789100985908589e-14 6.223291355055367732e-15 -1.783512086140087895e-14 1.824918097823020977e-14 5.306607827176501610e-17 -2.382813791533193835e-18 -3.435186990085171106e-18 2.288751256483782614e-18
2.291489054048630463e-10 -2.206683458167018757e-12 4.633022094248517865e-12 5.067358151718908041e-12 -1.221178131588573127e-12 1.088943103528312220e-12 -2.644149043514201473e-13 2.646185608530374728e-13 2.205286068671285605e-13 1.180944791025606139e-13 6.943802808309263168e-14 9.960975918031346672e-18 5.459966380567875907e-17 4.158211956639856927e-18 7.935032449264370896e-18
2.369522586734589100e-10 7.289210587517892762e-12 -2.467274381850910922e-12 4.190971114946898903e-12 -1.813422841325971234e-13 4.453116873818399077e-13 3.599662991526226446e-13 -1.016317522014025048e-14 1.855159367701277693e-13 -5.184651648538496378e-14 1.202291258048342805e-14 -1.897091402815560555e-16 -9.944667846800088809e-17 -5.896516910000320603e-17 -4.706318976887765184e-17
2.223092015573516117e-10 -4.734199719537347303e-14 -1.646927975004116287e-12 3.560203375537078967e-13 3.104798949984294532e-13 6.804968744635182326e-14 -3.037391850987237742e-13 -2.180146447712081611e-13 1.766118859215414523e-13 6.892816488020894573e-14 -6.422706886180820371e-14 -3.086179876137207742e-17 -4.707417794752603589e-17 -1.794040668499175069e-17 -1.100816414851220852e-17
1.409651610190553434e-10 2.433844153088596310e-12 4.957697716190938116e-13 -1.890440210493119573e-12 2.144543933035200070e-12 3.579847472608111126e-13 3.638690417866342053e-13 1.918750152980987790e-13 2.757668466013834992e-13 5.268662488811377136e-14 9.788687864461094900e-15 2.476415560808052439e-16 1.008425059993864784e-16 4.454109760210515575e-17 3.693948604833333246e-17
1.556722219004940437e-10 3.959532047847452049e-12 3.199097550071568258e-12 2.112731730780316928e-12 -6.933331562140033450e-14 3.770314318995044770e-13 -4.361677799227821236e-13 -6.287083315513271195e-14 2.190861349558126305e-13 -2.047589122869238543e-14 2.278427328601298413e-14 5.862795881057294429e-17 8.122889153270389082e-17 3.966915490661919776e-17 3.596286541228218850e-17
2.523457670400060270e-10 1.504789142451935882e-11 7.827399461661590695e-12 3.949700746172279525e-13 7.978699346919837235e-13 3.245706374760382314e-13 7.345123744972775750e-13 -2.444301769109331728e-13 -3.703084657149995121e-14 -6.258728618688870666e-14 1.173404847936557371e-14 -1.306306969077562041e-16 -4.250751922855120475e-17 -2.385514421795921627e-17 -2.051259413002356999e-17
2.848056883566233747e-10 7.824813838238962134e-12 1.802162122502890851e-12 2.192434168791070610e-12 6.484644425811307725e-13 -3.027435004380446221e-13 4.276308487572893188e-13 -3.757129076251558812e-14 -7.186638883005049585e-14 1.132362055750590017e-13 1.679853362793794814e-14 -7.401595366160047528e-17 -9.221863836677286612e-18 -2.931256131775434792e-17 -1.112276478994944516e-17
4.049231855410678400e-10 3.194454221251942055e-12 3.263750418583970696e-12 1.952728200018196834e-12 1.117536664731132490e-12 -2.738397291780660653e-13 3.807534798186355492e-13 -3.088269230025495102e-13 1.203935351668910657e-13 2.040581519286459235e-13 -4.872398387520997531e-14 3.807618973236800740e-16 1.698122685347231900e-16 8.854090662479513972e-17 6.290461343985877218e-17
1.391559116559093632e-10 6.673344772682238961e-12 2.948601605561874280e-12 -1.992553989809139209e-12 -1.421519128855310399e-12 -1.599227726399243398e-13 1.441490206976301603e-13 -5.016815963614297422e-14 -1.346750614960252985e-13 1.686175849526377422e-13 2.571950239196598602e-14 -4.421647571708570580e-18 -1.827731372524743185e-17 -1.464498128418038062e-17 -4.722247517146386463e-18
1.146514031795261895e-10 7.643567133785345406e-12 4.500436956698021514e-12 3.778018644468877221e-12 -9.901230871462574943e-15 4.736972272404952322e-13 2.407369160177577431e-13 2.193779926869778187e-13 2.200141855458897382e-13 -6.276058103665999933e-14 1.600515333511778832e-14 -1.881603551796530327e-16 -7.170747888875320909e-17 -4.549713934526713936e-17 -4.271085455962791697e-17
2.853531872534490315e-10 3.745109285191201157e-12 2.298844882081062179e-12 -1.666693212241145456e-12 5.219790730420712999e-13 -6.273275382187095935e-13 1.539226563373119157e-13 4.590568512126860206e-13 1.894958653167578764e-13 1.370349455628374225e-15 2.074149988885047969e-14 2.829654957861344674e-18 -1.190247803766121916e-17 3.371264618896625217e-19 -5.608468451602255465e-19
2.609536365711167401e-10 2.507521442658764623e-12 -3.095216337211674362e-12 2.606365935059343430e-12 -9.525521192352252899e-14 3.236939144501753745e-13 3.729938412636309965e-13 -1.465643500278900528e-13 1.119358657175522154e-13 -8.208012515463549196e-14 6.511017090494983449e-14 2.885969153877301728e-16 1.228540629262014288e-16 4.997905132273895856e-17 3.967002125188637753e-17
3.475720297965429508e-10 -1.895140100696853216e-12 3.550652037230393633e-12 -2.695695789818512643e-13 -5.932870546340761237e-13 -4.795944624859560346e-13 3.871212993743184577e-14 2.773325603319124148e-13 1.238248350215682555e-13 1.718569654160044445e-13 -5.966039957052205924e-14 3.083224823499344925e-16 1.192453113334863291e-16 8.898400531939814437e-17 6.214330551319933551e-17
1.964420421300344709e-10 1.828033663697013398e-11 3.391371528257549525e-12 2.159313633429517406e-12 1.343396134035328461e-12 -4.086764402371538188e-13 7.111457387657638672e-13 5.997675908793360266e-14 -1.233169693410741808e-13 6.761297849734346229e-14 1.011160564159921850e-16 2.374153961208007169e-16 9.758920706674029149e-17 5.374868692998211414e-17 4.821061798321906299e-17
3.724505450174645115e-10 1.600106990044484559e-11 -3.704423467605728368e-13 5.104158674537992946e-13 1.051708213655807744e-12 -6.298672489671767021e-13 -1.289146819841038148e-13 7.517014530672122644e-14 6.395583459591816716e-14 -5.700701077025828730e-14 7.554989174867608900e-15 -7.552787843050411427e-18 -1.795457082871278148e-17 -4.318233706820058189e-18 4.085272873269816269e-18
3.483934152697607476e-10 2.030824902877471783e-12 3.186840709949410581e-12 2.793120473222349674e-12 -2.043901102403232243e-13 8.427996224223793864e-13 1.245189597048265700e-13 1.271491218978998535e-13 -7.049490079488990971e-15 -1.103867052085463899e-13 -8.399944554075358685e-14 -2.844247701492466891e-17 -3.425321462675490240e-17 -3.570487558336429424e-17 -1.470009823290324617e-17
2.966854858707423054e-10 1.621746770143591309e-11 7.902869688606689355e-12 -1.260531122528078504e-12 1.039009102988974248e-12 -2.962198550119457836e-13 9.990335128482810479e-13 4.932327743345955953e-13 -1.272421395398372790e-13 -1.077910670328350961e-13 -6.377729547887868946e-14 -8.417020411725888600e-17 -3.919800453150370783e-18 -1.832902544204283683e-17 -7.297336290329594044e-18
1.850364989960367612e-10 1.074920739744569990e-12 1.225108670316164361e-12 1.159991584887706974e-12 3.100217955580808080e-13 -9.927153342134764938e-13 8.282534393649868294e-14 1.295894486338660493e-13 7.053035028031988339e-14 -3.601632732286233381e-14 9.211472316153169009e-14 -1.547897723014933968e-16 -4.565047835804237349e-17 -4.674365641877995588e-17 -3.235444169312015532e-17
2.369160576720174913e-10 7.777980566224711767e-12 1.008251757428286344e-12 -5.988298704773165043e-13 1.315868301635724170e-12 6.950456224289528689e-13 -3.233210213284141204e-14 1.853468850532531972e-13 2.279666014038150568e-13 1.426978534287871077e-14 -7.446047498042703751e-14 4.896374371483900735e-16 2.279263414638430396e-16 1.341240020382015827e-16 9.947406401444606969e-17
9.524043625639080094e-11 4.258066487238059044e-12 4.822047615025546262e-12 -6.723709226234652883e-14 5.887632467095504113e-13 1.455372691068412758e-12 3.583061525648366776e-13 -2.093482198852751674e-13 -1.383416132320296653e-13 2.145422479541347301e-13 5.271638511962598761e-14 -2.738454603666657847e-16 -4.879038403442822926e-17 -3.167939367346366948e-17 -2.268900361511193049e-17
2.887157077319926446e-10 -8.595070744690730007e-13 2.629985506766607226e-12 -1.683227715973288357e-12 3.494812523267066485e-13 -1.528456757248550057e-14 -1.413015221337650912e-13 8.721173815918516758e-14 4.907932422831448288e-14 7.636697014702858667e-14 -3.951217355596052751e-14 -1.018632429255559462e-16 -5.775493331907127140e-17 -3.691535434837830695e-17 -3.216375558842905258e-17
2.565701961167517443e-10 8.723301648960718183e-12 5.307733763307078461e-12 1.736350777162679676e-12 -8.773712902708794202e-13 -1.332650129795255426e-13 6.897836199835253478e-14 -2.272544684799043969e-13 1.578009082016919750e-13 2.689813146111654706e-14 1.916629775447328730e-14 -8.552819256183852799e-19 4.728151542643016950e-18 -4.408153054794591245e-18 -4.768836915305469667e-18
2.281558043644309350e-10 2.071277815221436074e-11 5.890134997625794261e-12 -4.943206218177689502e-14 -4.366018391910912230e-13 2.210785126444991257e-13 1.183932841665812485e-13 -1.555888594208220591e-13 1.250615820033413166e-13 -5.207414832588720922e-14 -1.078527009547028673e-14 -6.893452285589224772e-17 -5.323886280353691774e-17 -2.784845706031657171e-17 -1.257370047195232488e-17
7.214499530820468228e-12 7.737147003057393526e-12 -3.250487972477950403e-12 2.226573790134979437e-12 9.655089204663108880e-13 -2.719704634109923917e-13 5.039378977148225506e-13 1.261873674269625626e-13 -1.252777376557377064e-14 4.869050579601333286e-14 -1.398724746828637077e-13 -1.068815996105591233e-16 -6.022211631456484731e-17 -4.329019896856497444e-17 -3.032529786338608933e-17
2.161142375673090282e-10 3.831580432596531053e-12 7.033438415133738486e-12 4.121489033626295309e-13 1.659850537271650640e-12 -5.046637672387610359e-14 6.784076280646229119e-14 2.083907459199582983e-13 -1.707020799711065860e-14 1.620455001160246305e-13 1.901601017378263015e-14 -3.491971468603968094e-16 -1.684257031728870785e-16 -9.743450260239009317e-17 -6.942470157824023387e-17
2.003851696214964812e-10 1.135882869278098399e-11 -5.701419799810141895e-12 -4.760377706049446311e-13 6.676924097134623065e-13 2.081237585573905800e-13 -6.946833801206749146e-14 2.013367941128458709e-13 -7.651210095054336975e-14 -7.200931734627943425e-14 7.478601252329011253e-14 2.392461396261154270e-16 1.240997977845125926e-16 6.928535761279650712e-17 5.286396502044356320e-17
2.322014046735579406e-10 2.127513953579771631e-11 5.131600430500915771e-12 -3.414246895602716896e-13 1.621069357419708420e-13 -6.527968116296419963e-13 5.160817502426304496e-13 1.449987789081116512e-13 1.755389610448138438e-13 2.816401052412655722e-15 -4.147770050095826818e-14 -2.220921678711798917e-16 -9.332840357408882172e-17 -5.222481914108873546e-17 -3.394103954159556613e-17
2.312623391992635679e-10 1.370235829031290362e-11 5.022221065118398818e-12 2.920296981074137343e-13 1.976430199351077117e-13 1.369873798296977564e-12 -1.336181605231462165e-13 -1.520239271158840694e-13 -2.181114992207663019e-13 9.959283906025740685e-14 7.365742256468943929e-14 8.573377527855612917e-17 4.442432530508556440e-17 3.066021934989441461e-17 2.344432411185766138e-17
3.138728918380154048e-10 2.318454330025708189e-11 3.552077916898154409e-12 -3.535212996360162314e-13 -7.457454072985867336e-14 -1.926853321015517856e-13 1.752408131651078729e-14 -1.754747515705782891e-13 7.392337795218532275e-14 -2.179737704542265075e-13 2.827417678543453027e-14 -3.066350292105824514e-16 -5.700405809275831640e-17 -5.992719755111040283e-17 -3.630772060617224669e-17
1.688960697561202455e-10 1.213601259988662939e-11 2.479336323432339374e-12 -7.330613665797714946e-13 1.149015253024306787e-12 9.223424300048876711e-13 2.155138390710396173e-13 -3.974886610683181192e-13 -4.654569346065100923e-14 -5.384792147818257263e-14 7.840265416999956389e-14 -5.665510648058750491e-17 2.547750848836778672e-17 1.426054119442560358e-17 1.122724231959914812e-17
4.256013892380203970e-10 1.234725959846689930e-11 3.903207250450543544e-12 -1.941251483144952320e-12 8.255994533424414921e-13 3.506950004273000793e-13 9.029488534156655814e-14 -2.190755850069137208e-13 -1.032399252491890476e-13 5.824439667436755539e-15 5.867254579225884482e-15 -7.813785570600508449e-17 -1.274970703968046667e-17 -2.121970108426200111e-17 -1.253292248670843134e-17
2.260813610971026934e-10 9.127039008562585234e-13 2.041248499304646808e-12 2.040799300458961595e-12 2.965120931607356286e-12 4.743166859577141230e-13 1.168214372916846529e-13 -2.269012193035263743e-14 1.384881379837159097e-13 1.503053257441218341e-13 -1.459234431441883275e-14 -3.059311323193941578e-17 -4.769578322186255271e-17 -3.053476906492429094e-17 -1.869223983575717074e-17
1.127294615248200299e-10 4.867981895995250210e-12 2.396834856111263649e-12 1.234610885185091268e-12 1.520103186604522438e-12 -1.958907186728463715e-13 -2.702232601019358513e-13 -2.755385044512918718e-14 -5.531096375940719615e-14 -1.126889412261024847e-13 -8.826615640945238061e-14 3.637534325728711666e-18 2.610704077984973202e-19 -5.656341034740500297e-18 -1.074914617914207471e-18
2.257946588009111564e-10 -2.901525173539464902e-13 -1.212499860712564332e-13 3.353536981259287950e-12 7.771646491980463270e-13 7.402748953527888897e-13 1.619795257694188144e-13 -6.857645474081601096e-14 9.174985707427755963e-14 -5.318750238032910343e-14 9.201544106391960920e-15 -1.582299456550457835e-16 -1.160125304680026270e-16 -5.774725028539289405e-17 -4.468577756523886554e-17
1.198271200094147690e-10 1.404685369463381985e-11 4.729730243276405799e-12 -3.221069403796336317e-12 -1.009640126020201673e-12 -1.026137709495938711e-13 3.415480310120635649e-13 -2.186175862361672839e-14 7.177840438459044923e-14 1.784503116735860750e-16 1.461843651236075539e-14 -8.997933843572970300e-17 -3.093298057273706275e-17 -8.473545356506588598e-18 -1.135154132186412714e-17
3.285748658816769190e-10 5.697630844266584501e-13 -4.696223646861982145e-12 -1.348704495349672659e-12 -1.210536881324986090e-12 7.919458486117192111e-13 2.986818529236112123e-13 5.521128918625459138e-14 3.462681440809641180e-13 -7.782240394340263739e-14 5.890491208103039684e-14 -4.682318358808294481e-16 -1.775345440825335593e-16 -1.050874991073657411e-16 -7.772381625031378121e-17
3.120156514204730457e-10 1.928763653661216542e-11 6.192079244812906260e-12 -1.787483580990972531e-12 1.671666897863734288e-12 -6.733644831628614596e-14 1.856301048853566119e-13 7.712309818476464213e-14 -6.979668064436297616e-14 -1.775379455533246629e-13 8.900954898571438842e-14 3.334229609314567947e-16 1.527555128788660402e-16 1.008007156833919037e-16 6.556443856871669621e-17
2.262916730709077616e-10 4.498822526717038991e-13 3.397129462068724849e-12 9.496149284015953302e-13 -1.381052555057781835e-12 6.144029142993104429e-13 4.838754731219795852e-13 4.426484296066398027e-13 -2.102939670234826140e-13 -8.255511625344881565e-14 -3.113547180373503070e-14 -1.127791717090593927e-16 4.751927678565619059e-19 -1.531446011098968556e-17 -2.281156595551298201e-18
3.533631090150275064e-10 9.430201827664924900e-12 1.069604648708109465e-11 2.012465320694127007e-12 -1.943392975514850020e-12 1.223400768629982734e-12 -1.909014497663835542e-13 -2.150824988504692713e-13 2.010211036892241078e-13 -7.425576221863466466e-14 2.294190928887563006e-14 -5.605111313043228394e-16 -1.662720886681380368e-16 -1.136411209623309540e-16 -8.473024580364830357e-17
1.851081616370177215e-10 9.057550712461124046e-12 1.084757948950951354e-12 -1.272261122798928447e-12 1.103355593069774745e-12 9.519758049055471120e-13 5.089312991550263978e-13 -2.730589695085041847e-13 4.186717793568808869e-14 -3.101166416412113752e-14 6.797322813051049779e-15 -1.285926687689267800e-17 -1.225309564656993876e-16 -6.772074600891435280e-17 -4.201728209706703728e-17
2.328954209050674843e-10 9.786406126456883046e-13 1.343586932220212357e-12 1.380288166526185226e-13 8.324502590233674607e-14 1.111617938859288052e-12 -3.414866150217079645e-15 3.179995586369653839e-14 5.147282221368008235e-14 2.851008546962435631e-13 -3.883169516059270706e-14 -3.426754509871071330e-16 -1.701619082117984045e-16 -8.797605138684462349e-17 -5.875703932434014927e-17
4.330657265928799060e-10 1.468487124217952159e-11 1.085977277992725144e-12 -3.015362715569321253e-12 -8.527291665595517919e-13 -3.534490529253942926e-13 -2.089654662207540916e-13 -2.945703513349686617e-13 -4.295513199246298304e-14 1.651679287744750221e-13 -2.057556921151523784e-14 -4.057389629189642748e-16 -1.682616847505298277e-16 -1.221470044096177506e-16 -7.677943829685360935e-17
1.149824061435837357e-10 1.056225406291378143e-11 2.174388518064090507e-12 7.684006682630590285e-13 -1.451790547353143745e-12 -7.203590791408609395e-13 3.517120752914563710e-13 2.878620811864797457e-13 1.851538101059338281e-13 2.593201407668422194e-14 -9.589724229675814281e-14 -1.006359675143510988e-16 -1.313951521128612948e-17 3.463146406543982239e-18 -7.910006666387794173e-18
2.040043132679189618e-10 -2.272041524171871595e-12 3.869154109745481571e-12 -1.677349343813456367e-12 8.823599408889245907e-13 -1.466312589979566094e-12 -1.195720473523710959e-13 8.499604937972160666e-14 1.166715684694916578e-13 -4.208737668222401915e-14 8.721458400512362925e-14 9.607186356928602888e-19 -1.342293714506280148e-17 1.931548483760288905e-17 7.629134237302314164e-18
2.300834277056571204e-10 8.799116044267371697e-12 2.399032150188902684e-12 5.897605979889045809e-12 9.512936901783324541e-13 3.668999184179636086e-13 5.867611323924768433e-13 1.214724683344160317e-13 1.112809219205288443e-13 9.317136020347701821e-14 -4.639163436700909940e-14 -2.536991336048827935e-16 -1.576756431925841551e-16 -8.427691768609236016e-17 -5.367427278005294280e-17
2.344528504100073017e-10 5.007122759888160407e-12 2.854970978395418550e-12 7.156011068492624984e-13 -3.229601693861283116e-13 -1.158688254356056277e-13 1.535724705668002894e-13 -1.679266529834040709e-13 6.910616342539184037e-14 5.712912817994647837e-14 4.322539709931789524e-14 -2.456815413235881984e-16 -4.341854252786655055e-17 -4.771751229760001601e-17 -2.546524248636057410e-17
3.660462714542315166e-10 -3.474972174850998971e-12 2.963582880830970847e-12 -5.713818509491109854e-13 1.788163030612750092e-12 5.769307937272977698e-13 1.892246684666264152e-13 2.929058748921386094e-13 -1.207965187540114625e-15 -2.542777491307942469e-13 -5.892090644598150057e-15 2.314650128692775270e-16 8.653916905020768469e-17 7.532558758527868797e-17 4.549091869403887458e-17
3.300896728200441237e-10 2.048286925196510680e-11 2.950058102398397834e-12 -1.580509418185236747e-12 -1.102494155826503980e-12 5.724489312480190259e-13 5.905859823064426386e-13 4.090459715616678371e-13 -7.208012797040038283e-14 1.181412434890954011e-13 2.478540347846684741e-14 6.165370728520934616e-17 -3.085049910639360842e-18 1.755741190215676436e-18 -1.754251885107655072e-17
3.207709692224882732e-10 5.797167322311870709e-12 3.595041156013777390e-12 2.146303494469145948e-12 1.653051571633279799e-12 4.318665400224026384e-13 4.524621876135775660e-13 -2.655675778625170364e-13 -1.853278997450292789e-13 1.944780572980469456e-14 -1.306075499168269688e-14 1.133216158114901105e-16 8.912126379709166887e-17 2.887788633047367812e-17 1.851512042617742679e-17
2.876272462349963700e-10 6.780629021493008052e-12 1.234341022549634708e-12 3.026849206874260363e-12 -7.766603451313211845e-13 5.675219063721364475e-13 4.874366410419573620e-13 -2.558091741213243407e-13 9.260234594246843571e-14 -3.321488694969195000e-14 -6.245484705614619015e-14 2.240409212000336683e-16 6.973422163511120026e-17 4.484396374571619557e-17 2.999837478465213137e-17
3.208888802836952292e-10 1.022427021771071010e-11 6.342549376778898671e-12 5.015481616947806369e-12 2.697444190553350590e-13 -5.655021955776957691e-13 -3.094752899442168432e-13 -3.669388404293817934e-14 1.442669863481398676e-13 -6.908138286984161514e-14 5.705483502030651755e-14 2.085317459392077503e-16 1.099711317442451301e-16 5.977275421261184131e-17 4.369466020920202951e-17
2.660755578638144397e-10 9.359731468477307454e-12 6.128816840557875005e-12 -1.441020755687827058e-12 6.610574299037208852e-13 -7.724265770233589166e-13 7.163589392362790725e-14 -3.271878590402325300e-14 -7.950105358729680412e-14 5.730077591989668305e-14 -2.533638972059449421e-14 3.608344872487930317e-16 2.104990582719532404e-16 1.168445837318691212e-16 9.147620890253917530e-17
3.449554136139243245e-10 9.884172747475943028e-12 3.368103103131343836e-12 1.067899361210820193e-12 8.427602887800404904e-13 1.116152623408179411e-13 5.340723452980133897e-13 8.798375851257868016e-14 4.182864077570283353e-14 -1.297114337297681783e-13 -5.654579503948365192e-14 -3.736507622418845423e-16 -1.347058030597589747e-16 -8.777563667441478717e-17 -5.240622311173492153e-17
5.735188500364872946e-10 7.373468348217228618e-12 -1.024557542277472929e-12 2.252284041121643179e-12 6.879523229266987962e-13 9.149610348044790628e-13 2.260262812460650570e-14 6.088187097188677623e-14 5.339719283443799943e-14 -1.013762618981197472e-13 6.339468905740551226e-14 -1.132093888851863845e-16 -9.509420742003805333e-18 -2.370587383776660709e-17 -1.116093466494047359e-17
3.533666319121297517e-10 2.783952446299375963e-12 3.517274791514000908e-13 3.531245068926323669e-12 1.162063653061357365e-12 -4.416898236575140468e-14 -4.929258973879818883e-13 1.915606431029498673e-13 2.270351245729862072e-13 -5.728837095985013330e-14 -1.841317290807440518e-14 -9.467151341605097476e-17 -4.388460062237128876e-17 -4.543720487858665485e-17 -2.416811415406708567e-17
2.171202348804514979e-10 3.828410343000060445e-12 1.472630582797397734e-12 6.363843413525025639e-13 -1.494916468062796923e-12 1.400812779890426130e-13 3.959702257748688167e-13 5.225645878073658758e-14 -2.661557076627160845e-14 1.336510712114393414e-13 1.241784104101644063e-14 -9.461287474617830731e-17 -3.242368330275652478e-17 -2.780511620278023473e-17 -1.169844110525606903e-17
4.257027230753589349e-11 1.662077885780174330e-11 5.761227280369183030e-12 -3.680836220237536842e-12 -6.863702279200547577e-13 -2.123083256937546970e-13 1.299225229710848749e-13 6.304630637631254166e-14 -2.584726839083827847e-13 -4.901349185727231154e-14 3.090412626920662346e-14 -2.536585806867765462e-17 -2.766420141183250443e-17 -2.264678003541165719e-18 -1.267244190622099364e-17
2.511294144821173868e-10 9.061711647362796252e-12 4.296473502979177177e-12 1.343971518186043814e-12 -2.998442234694819884e-13 3.607909037491769767e-13 5.155950683371323913e-13 -8.877803365825014757e-14 1.868782515054842971e-13 8.423327288946247061e-14 -5.751403401561710336e-14 5.680983592196410935e-17 -1.395451518040615461e-17 9.004583193178060800e-18 3.577366599859269738e-18
3.155368200865131946e-10 7.892961577221198882e-12 5.009118256768721780e-12 2.132786804011181365e-12 1.833421640782209669e-12 -9.511635838709540882e-13 4.981292732509634548e-13 -1.838904299805996741e-13 -8.138214263261254662e-14 5.280233753147499327e-14 3.821133164971869271e-14 -3.905469746986938950e-16 -1.287610487736727093e-16 -8.377835675240886085e-17 -6.159827035818288168e-17
2.588811452659766921e-10 1.154501043913792156e-11 2.720486400117996622e-12 1.610198834249809949e-12 1.996396164384995640e-12 4.926382371151320072e-13 4.736367490389929656e-13 -1.343457653403467315e-13 -2.696601258896916728e-13 -1.950070339460422780e-13 -1.883656518028840282e-15 -1.643845059887890718e-16 -7.640998381450732175e-17 -6.325050592995368253e-17 -3.339993508384739429e-17
1.765049319194785055e-10 2.616121929715185022e-12 -3.504706794381603172e-12 1.524103270226624029e-12 2.764890269182902529e-12 6.026319860635669028e-13 3.769750001047533740e-13 2.949510270475786306e-13 -6.468477204938508544e-14 2.684635990657760691e-14 -5.486413595192056162e-14 8.380855045086039950e-17 8.645780352574501779e-18 3.479004965515671297e-17 1.582403398737542472e-17
1.942666785496655754e-10 2.011213110289099753e-12 1.431823375342996602e-12 1.050430942874192575e-12 3.279476585284136545e-13 7.984647431109617031e-15 1.830497621473683982e-13 9.074740720339959100e-14 5.414469938873048746e-14 -2.114322688063400276e-14 -7.842935225719034241e-14 6.155551633872520953e-17 6.346785650524553826e-17 5.028000379331898377e-17 3.587611059024635160e-17
2.556474273119499570e-10 1.626873108381608865e-11 2.203135722173075720e-12 3.530999441200250579e-12 1.822720042828329711e-12 1.034719903310382870e-12 2.244924591719292717e-13 1.110224576057037065e-13 -2.362566292612342004e-14 -1.017745850972327038e-13 -6.303764809081288117e-14 4.874150364366719488e-16 2.156050382806082596e-16 1.198508267444275596e-16 8.419926561049991230e-17
3.451982895098397971e-10 5.475116153035832010e-12 -2.965538974598005689e-12 6.192991711983402310e-13 1.375426204578877218e-12 2.979599559998393071e-13 6.711642053585819713e-13 1.921905071672467694e-13 7.223838051554270684e-14 -6.373397763555348172e-14 2.018675487789188994e-14 -2.744536813188627800e-17 -5.177344746962015589e-17 -2.764150309859344649e-17 -1.095986153953702838e-17
1.029496671970120741e-10 1.130146182392164611e-11 2.028954991610813605e-12 -3.013289983264170823e-12 8.464603626007228885e-13 2.037207080406901908e-13 -4.355971258984194104e-13 -6.117976500151118837e-14 1.853848368832368427e-13 1.649884796173302218e-13 -7.445641016564705296e-14 5.742171369836367107e-16 2.072652853416786331e-16 1.296499775339440690e-16 1.003222654715574401e-16
2.561084168178522624e-10 2.143165582042832381e-11 2.407106702823229573e-12 1.844308318520425354e-12 5.966064457111460618e-13 1.228920835017409704e-12 4.884644326713344441e-13 2.985533863911091174e-13 2.556203375796519982e-13 3.852104063104231241e-14 1.008657044927971482e-13 -1.620006278410634257e-16 -9.340941040554976114e-17 -3.590166161843121017e-17 -3.293562072516937745e-17
1.613152006144539410e-10 1.657877810662703652e-11 3.257401968941158652e-12 3.502310554338483313e-12 5.560733144165431139e-13 -2.959956986921110713e-13 6.081839232421557574e-13 -1.803843392362090297e-13 5.822695372783905060e-14 8.538259299506066254e-14 1.738219276967103755e-14 1.612997399930964075e-16 2.889409159631891939e-17 2.709298375075821748e-17 1.786353620928450376e-17
1.711546963104710193e-10 1.656155466578346528e-11 2.881649832678586405e-13 2.483468951348245347e-12 -3.139618950627066927e-13 9.306673607651405090e-14 -1.478397158294367913e-13 1.593189808214095622e-15 -9.141251468649225621e-14 -7.077013200142475784e-14 -1.419945321261252848e-14 -2.227930860272176476e-16 -2.687999280027516431e-17 -9.045670211432598651e-18 -1.866614728901667985e-17
2.148707674811206985e-10 7.326189995648390112e-12 3.892004645560043675e-12 -8.455601532705772965e-13 -4.237844885211762293e-13 3.146788678215359898e-14 -6.043360357810096475e-15 -2.081331397067021292e-14 5.479628093446575073e-14 2.225050994427711503e-14 -4.427276278339542288e-14 -1.012782660505195177e-16 -2.070507487292470863e-18 -2.169147253050996053e-17 -3.116996161634618221e-18
1.305922996573898759e-10 5.216875818588288301e-12 -4.562206946053916370e-13 -6.019766127764086712e-13 2.378340946206081478e-12 1.253307860484082709e-12 2.703953617821015258e-13 3.096762538646355880e-13 2.470517036311627585e-13 1.789819279462279509e-13 -5.040060355045775265e-16 -1.432661596190333422e-16 -4.653972317779215046e-17 -2.122840825064393973e-17 -1.596261213997842687e-17
1.573891558724989130e-10 3.099812816691870943e-12 6.927291208058443355e-13 -2.225866901514656775e-13 -2.375705532944346428e-12 8.480923676079929805e-13 -4.123521308409288679e-13 1.577949048486019123e-13 -1.470886407354600199e-13 -1.815705983449611833e-14 1.164734397460710834e-14 2.141700373362510936e-16 1.437790452383752428e-16 6.897899373526284316e-17 5.399098194268207058e-17
1.931891879298833669e-10 9.206569481586363546e-12 3.013525980154064738e-12 -2.667773484230559789e-14 1.067272768857959124e-12 4.568596422150421049e-13 2.976767376722848333e-13 3.857929449497997280e-13 -1.096467739067726883e-13 2.158432250325366485e-13 6.997895731151862229e-14 -3.172681172758172382e-17 4.228624921727170200e-17 2.265049472934169621e-17 1.545782732770844491e-17
2.076367699137292784e-10 1.822267681676696417e-11 3.132371610459701295e-12 3.277639207399766009e-12 5.641816608296590789e-13 1.725484853024815028e-13 -5.002268012339373393e-13 -3.154213151610399128e-14 1.127468544988329094e-13 7.222653049412166268e-14 -2.715370979880071454e-14 3.746214487264717519e-17 3.875719357765419314e-17 2.299892518824786874e-17 2.928862323900345898e-17
1.717590789166747121e-10 1.093840404583267804e-11 4.070123682263146337e-12 9.920709550442543834e-13 -1.995133012157938021e-13 1.014914070383125433e-12 -1.898625378451901452e-13 4.296907356646165596e-13 1.860785754100959035e-14 1.986861443036112539e-13 2.178700059467302890e-14 3.310204931204007563e-16 1.304967928524026416e-16 7.085537392987390791e-17 5.605137085344495345e-17
3.010958206093057016e-10 9.257716008920201393e-12 1.235891320367471970e-12 1.440885307039576458e-12 2.037374135501888076e-14 5.211446896208914123e-13 -3.107170444110515776e-13 -2.877895167905466087e-13 -1.370110855818215350e-13 1.880353891652677383e-13 -6.610088602703201840e-15 -1.394278599472515045e-16 -1.004128585937233554e-16 -4.156020832260843980e-17 -2.906199265869213740e-17
2.644837425094210955e-10 1.036529371233038988e-11 2.423956725087490739e-12 5.861132131429744475e-13 -5.433580376540371426e-13 2.979892672639234375e-13 -7.508742231567609130e-14 4.852912674027683216e-14 -6.212442527566732631e-14 -3.919349190083501937e-15 -1.311752435815070436e-15 3.610435899136263278e-16 1.581686154095984160e-16 1.069354360934861768e-16 7.024294103898331585e-17
2.078155550565692914e-10 -2.435954241146573585e-12 6.264766796773519763e-12 -3.908378828642277864e-12 8.671511256186730773e-13 -2.863841487916153529e-13 -2.561742235088689378e-13 9.717086639286756092e-14 1.077629189880701303e-14 5.421440983037706265e-14 4.953751929773449058e-14 -1.412705330431483630e-16 -5.041705487630556390e-17 -2.495165486598217255e-17 -2.331813282945930098e-17
2.038172155479685644e-10 2.062940217589600520e-12 1.656599391168418061e-12 3.920136708845247478e-12 1.152136935726284070e-12 1.344842160418302437e-12 -2.091108473581595721e-14 1.162156248830955923e-14 -1.176176102482787065e-13 -1.109637144040105198e-14 7.610249063269756360e-14 -5.691988680418482096e-16 -2.658431916663166234e-16 -1.397223470254148224e-16 -1.059492021789951886e-16
2.160307026892466241e-10 7.339798571212225139e-13 3.719324728710687648e-12 -3.013720406399139532e-12 6.396025599029843606e-13 4.707860817416434768e-13 4.195226114218843311e-13 -3.117564759169195724e-13 3.842770140710096986e-15 1.177688797852238583e-13 -2.603902665194747869e-14 1.754967676647703458e-16 9.726877456806949075e-17 3.936002109612589744e-17 3.290292079084177219e-17
1.503900686582662707e-10 6.077140139465813074e-12 1.399087597549662700e-12 1.752316421454788618e-12 -1.243571022838273033e-12 -4.450685734533302046e-13 -1.454876208773918676e-14 2.989535160369802357e-14 -2.696051097506107844e-13 1.804623412615941489e-13 2.577755163458822551e-14 2.824816269620355265e-16 2.027746974756954240e-16 1.132767202778276034e-16 7.863100744078531358e-17
2.718928540774612094e-10 1.578666570215990001e-11 9.130841076323524231e-13 6.768438354996790318e-13 -1.324045926382596516e-12 9.649127370535314254e-15 -5.717699344358478165e-13 1.224627306712080350e-13 1.110294088044263494e-14 -1.680335460403052106e-14 2.278808892068617023e-14 -2.277295564424989087e-16 -6.398463058656663343e-17 -5.984095570883525850e-17 -2.925635667146303601e-17
2.114719833018929371e-10 7.878320877308075034e-12 4.513267567565195668e-12 2.979293950473856734e-12 8.760074456231440943e-13 -9.660196939920024141e-13 3.180728625102628287e-13 -1.181868471537220987e-13 1.015266697408976550e-13 2.976661350437275351e-15 -8.303609637764570255e-14 3.144809814046949876e-16 1.575393185332109075e-16 8.515393761504650732e-17 4.947773918166644895e-17
2.391552060011213625e-10 2.316676481272931208e-12 -2.457161891376840719e-12 -1.498248561204543457e-12 -4.347473968082004220e-13 5.780713996561057995e-14 1.198160466479455138e-13 1.539937275159878848e-13 4.273562370682385365e-14 -2.096955669661940682e-13 2.056774183145369599e-14 6.268054731959218490e-17 -2.487691625863922010e-19 2.734498252043843134e-18 6.031188447540935608e-18
3.805175070104029693e-10 1.505669764210033721e-11 8.085697512104352755e-12 9.550338723564955887e-13 8.415644794596825360e-13 2.572623910542827294e-13 2.712486196816881386e-13 2.703517314466311349e-14 1.024703938057203802e-13 -1.654111083857185014e-13 1.821812784084437745e-14 7.817619757053401542e-17 1.974452430128269890e-17 1.697160230654557814e-17 1.248174425053423059e-17
4.047922177502917309e-10 1.372040368607460432e-11 3.840861054641329051e-12 -1.146733725443509598e-12 9.659679215426760334e-13 -7.339728073805656176e-13 -4.668838949001222956e-14 1.005942592996645546e-13 -1.894043991662701594e-14 1.893189152115027921e-13 -4.713131039680406670e-14 -2.064699758325478594e-16 -6.759681839484865484e-17 -6.473122357914280586e-17 -3.113468229906540673e-17
2.334068404132596504e-10 1.234541086523648118e-11 -8.266305991161238161e-13 3.011241546142708661e-12 2.509933734268825052e-12 -9.481026888103241467e-14 1.406521485286276110e-13 2.674522991891895778e-13 -2.558065523008072916e-14 -3.563404084449570582e-14 -3.731406303461383580e-14 -3.925531588035872838e-16 -1.933606526458977105e-16 -1.004827189711109190e-16 -7.532826245640175376e-17
1.314727744079008785e-10 1.377479280739885807e-11 -2.185182023831878947e-12 -5.383481367457752215e-13 5.844333193013874307e-13 -4.021861250225883421e-13 -4.414865962162984930e-13 9.664346165247878287e-15 2.554522955455047215e-13 -6.437726784252537623e-14 2.488067108975719597e-14 -2.577835286733275770e-17 -1.079123266262143416e-17 1.031940775119638886e-17 6.519686449781985781e-18
2.182020427417938690e-10 1.423744975247180181e-11 3.651156524422809260e-12 2.044092728073673894e-12 7.067502212071559308e-14 1.791670409425615045e-12 2.618334867506251549e-13 -1.385534651315322200e-13 2.194164937060902436e-13 2.239423774548619416e-13 3.336541684645401728e-14 6.962927140576524985e-17 8.339886050811621010e-17 3.848747212735242815e-17 2.050736439262430148e-17
1.876512841293214016e-10 8.999664378421776942e-12 2.096029850058463070e-12 1.539190528545975791e-12 1.047843174297859492e-12 -2.473866530692281203e-13 1.233911577940531546e-13 1.886138015752493195e-13 -1.950108119040194065e-13 -1.825515405601584310e-14 -2.758690948334578642e-15 2.011186018153857888e-16 2.765633529227995688e-17 6.830021919156010547e-18 1.926063829872263411e-17
3.020073460103489912e-10 4.818120830527582082e-12 3.647418184622871541e-12 -8.778690266829571346e-13 1.168352723026484709e-13 -4.553157828786292748e-13 6.932603147833249424e-13 8.345179163087354792e-14 -9.535791691918387582e-14 4.263801210630092047e-13 9.247088078467855592e-14 -7.634609522296859995e-17 1.598588229551064788e-17 4.941068325415368642e-18 1.430038592524441493e-18
2.952972596021334656e-10 6.322189447999116165e-13 6.975831396344826778e-12 6.983137483970659669e-13 1.533384421098965345e-12 -1.012815631120141855e-13 -8.006837088631469557e-14 3.199278607661864301e-13 2.349537376636001190e-13 -8.853707076786400711e-14 -5.094491336811404098e-14 1.618265603824600178e-16 3.264121897584184357e-17 2.907296176715235429e-18 3.679096770451982004e-18
2.138114083844107037e-10 1.131219865706565263e-11 4.708360961750836992e-12 1.295725559799930450e-12 4.059788488807124947e-13 -3.641428402787999986e-13 1.774296873113037935e-13 -8.640436044406142870e-14 2.344429562556009869e-14 -1.084246812714601799e-13 -6.378397194668234154e-14 -7.003512649038774959e-19 3.375593860757945581e-17 1.964988799748531038e-17 2.150070962253844433e-17
2.410886182724931541e-10 1.104868605048395800e-11 1.542846307637598025e-12 2.000975491238101932e-12 4.976659370281035745e-13 -8.011729631620694268e-13 4.150484595580990870e-13 4.950889815694519437e-14 9.585721892689865511e-14 1.347503147041232468e-14 9.569454078612913387e-14 3.409544679635386692e-17 -3.966358603336536163e-17 -9.942402564088039747e-18 -1.125607604166654748e-17
3.533839127114441977e-10 1.132756752977383718e-11 -4.818656741776093741e-12 1.926854400291246870e-12 1.641791834558089202e-12 -1.710534697154450296e-13 7.836122627697883330e-14 3.270657742297401304e-13 -1.071277497476786946e-13 -1.268048463640655160e-13 6.510441141268836945e-19 -3.741500895382484625e-16 -2.011471042924923510e-16 -1.076483669178768899e-16 -7.485965396675088426e-17
2.438003340653546352e-10 -1.595327777581518971e-12 5.485110050097440774e-12 5.229876738523077481e-13 6.554135700859148358e-13 8.917037428411865639e-13 6.572654059188504386e-14 3.791253623346944067e-13 -4.806824266038016923e-14 1.571329784018632787e-13 -7.745346917602345716e-14 -1.212273549694848463e-16 -6.584353533853349995e-17 -6.648482255528458462e-17 -3.966606456918623368e-17
1.856838809242783196e-10 6.703145024584735667e-12 2.704897981558718871e-13 1.949833380133374953e-12 8.400976599085192638e-13 -1.200882943287931691e-12 3.058147022318022817e-13 4.758078149399085420e-14 8.463921809217248500e-14 1.648687429240431847e-13 9.965474662157266428e-14 9.824023286517927077e-17 2.698616666092260869e-17 6.663288213106190117e-18 1.651684593891385985e-18
2.493665268581751333e-10 1.315815740934338858e-11 1.240860591579672312e-12 3.606689899263548333e-13 -5.325868654092530438e-13 2.003431267681599710e-14 2.206133373072840971e-13 -2.946012554451279649e-15 -9.650241477252174032e-14 -2.723862612976312610e-13 -1.733798612886786138e-14 -1.010379580610623270e-16 2.546756742276714436e-18 -1.422954091627943057e-17 -8.316069322282586711e-18
1.532248394222985765e-10 1.034334236599716775e-11 1.071407214056568304e-12 -1.820241844982250293e-12 -3.911646161288717489e-13 -3.753531760899615409e-13 5.852698931622761876e-13 1.075993734548106705e-13 -6.954437634515573346e-14 1.688442408462240778e-13 1.233800902739771952e-14 -1.647531792555933388e-16 2.863817553406082093e-18 -2.699775108298138851e-17 -1.266931345299397848e-17
1.947415775913382014e-10 1.106786883529897085e-11 3.829530259757017684e-12 5.993103872671282805e-13 -7.972316148053832134e-13 -1.831014136293441063e-13 3.943198467122480164e-13 1.969770040693430132e-13 -4.716817325221422058e-14 5.387710644333225278e-14 -4.559841474503614568e-14 -4.460325776888055760e-17 -2.536499322013785615e-17 -1.909011137356962902e-17 -1.274182740745951522e-17
1.899311410300694530e-10 9.998438492285598394e-12 1.975051640638937457e-12 1.523585158241725510e-12 -8.860719965791604710e-13 -2.583012255509561277e-13 -4.306445464669411310e-13 2.714424883607820730e-13 1.801417695543681830e-13 1.690192276741666283e-13 -4.506793355350768461e-14 3.239378774111049722e-16 1.655939999748496987e-16 9.801041413789379194e-17 7.478877909432496755e-17
1.153326673862248571e-10 2.290415509047678675e-11 8.587536481992510687e-13 1.514473315486147459e-12 1.440077581624161373e-12 -2.460700018920015016e-13 -1.389761128179495746e-13 -9.223116674553301045e-14 3.110013161667209969e-13 5.423604058700697252e-14 4.007141697141364070e-14 -2.846383610792846090e-16 -7.528260735313030703e-17 -4.954424820929633204e-17 -3.426597072728812227e-17
2.021763678092875293e-10 1.103016576037832012e-11 3.114877305954724402e-12 -1.263079930215540635e-12 2.375765842014737752e-12 1.250323363930971559e-12 1.829797836171965568e-13 1.983241061715765274e-13 3.334847634501476764e-14 -5.614663433291153828e-14 -4.611286978980352419e-14 -1.357831153037627646e-16 -3.147015772101322990e-17 -2.021862596865936440e-17 -1.884306782291930326e-17
4.324975543303939045e-10 9.773957322231093434e-12 -3.169949207973073342e-12 1.288244411362866062e-12 -6.516927048280474162e-13 5.090940431191813984e-15 -2.811940744043105227e-13 4.496697678259286731e-14 9.748944884190726486e-14 6.720207322472767105e-14 -1.898310695935453260e-14 -1.516724015965339432e-16 -7.722805380616186008e-17 -3.242964834446722308e-17 -1.940376784952110780e-17
2.232462951166663468e-10 6.851757286319132959e-12 6.493079493486643895e-12 -1.759715473573686079e-12 2.128389947401376515e-12 -4.790636235491529258e-14 2.144086373246458520e-13 2.348836274514364213e-14 -7.587977395727176290e-14 1.743961352049448661e-13 7.043144890972265115e-14 -2.600505765230668155e-16 -1.105084798547943585e-16 -7.762578648107987679e-17 -4.212518238280216924e-17
1.963977971407771218e-10 -1.875223103132322482e-13 -1.106424742821279087e-12 3.180181833872007983e-13 3.410062695373580506e-13 -1.818661465163211363e-13 -1.437405629044491356e-13 -7.337088122274441214e-14 -1.297544513825234644e-13 5.646416356195744296e-14 -5.654278433121103415e-14 -1.103043150997990517e-16 -1.539383752837877329e-17 -8.786928989677055866e-18 7.024017204782346737e-19
2.895441596649788109e-10 2.339473204155745458e-12 5.280384594878980558e-12 -6.171229024184145452e-13 -8.667586038062273963e-14 5.750948800766298787e-13 -6.303469806724582041e-13 1.484499081252920689e-13 6.821019795672816101e-14 9.782646602071931509e-14 4.841668947777391021e-14 2.008374953149520094e-16 6.450668666826637009e-17 4.163475467361467854e-17 3.145372835763138816e-17
1.887370468540624056e-10 3.360038446197225958e-12 1.661064401205432685e-12 2.865066895342406339e-12 1.678490625955750054e-13 -6.372965591910006335e-13 -2.824084833774334985e-13 4.726782855213187276e-13 1.380558484733990489e-13 1.150387810001226772e-13 9.426578659686336909e-14 6.788144842181097765e-17 4.003378154891048172e-17 2.045942600435435845e-17 1.198011949309166812e-17
3.821624186407587516e-10 9.738569948932891919e-12 4.508709316060765441e-12 -1.041132280406573782e-12 1.508778546051413895e-12 9.793083375986009427e-15 1.454836969057356522e-14 1.976411236944226277e-13 -6.665019273694325739e-14 -9.627117795787336879e-14 -8.196963379166593030e-14 -2.104284361135352825e-17 -3.347974164647468798e-18 4.183489223329708623e-18 8.068674262553491713e-18
2.185667976881056831e-10 8.988302814893369542e-12 1.644317224329624658e-12 9.301310361402362310e-13 -1.284050469028531699e-12 1.107931668216252884e-13 -1.439389540273137114e-13 2.866689166346243837e-13 7.733495910765071745e-14 -6.575676895132093021e-14 2.789523742446364531e-14 -2.304811665941646667e-16 -3.036005389881789312e-17 -3.347929889023332609e-17 -1.982909499240697616e-17
1.964724359112234920e-10 1.478207305689332820e-11 6.340757467136082260e-12 2.215274258499540238e-12 4.120975723958849242e-13 1.699315217843201577e-13 8.642435761537472217e-13 1.377659322552940721e-13 6.701806026697589716e-14 -9.116269261262070260e-14 2.607621413595606649e-14 1.180400199030031792e-16 7.001628973474729973e-17 4.812000425112296463e-17 3.361365346531575399e-17
3.502665747586454634e-10 4.922915725993660148e-12 -2.496492057744017205e-12 -1.069827023696972023e-12 -3.243023656173205023e-14 3.488205234667297792e-13 7.070885351051910920e-13 -1.171995489428958304e-13 3.379730922149601503e-14 -1.342905078284566408e-14 2.483282669122205348e-14 1.356087980145424320e-16 2.993964081636714403e-17 3.291652780316973231e-17 2.360422684485528376e-17
2.679323209162982801e-10 3.278337734335535193e-12 1.050450732943505740e-12 -1.747804129313702711e-13 -9.822187605929346147e-13 -3.902958072058562363e-14 -3.104108723617917369e-13 -1.642031077903904617e-14 1.899760478643285652e-13 5.903480033776592608e-14 7.877459711537001193e-14 3.513314246939261806e-16 8.542581576656178342e-17 5.140992333088372441e-17 3.097423338572317280e-17
9.795935682117045398e-11 1.249711537887841253e-11 1.056861312321922870e-12 1.334541898720178091e-12 -3.682684868295727795e-13 5.182348603129482777e-13 2.326630221638107549e-13 1.718227443375986963e-13 5.918481300191804710e-14 -1.719370214643143375e-13 1.234393884168010194e-14 2.205766188363394399e-17 2.797519907535808975e-17 -4.354781800102422106e-18 5.031431185883295964e-18
3.085970671919439453e-10 5.643251066962995660e-12 4.716953413715591550e-12 1.272323162027501936e-12 8.785538970671436513e-13 3.645031583981967005e-13 -1.867140628707391967e-13 2.333291361977296196e-13 2.336100365024320181e-13 5.978147000214647071e-14 -5.949372055526555327e-14 1.210838392691266531e-17 -3.585190803431719833e-17 7.349193394601211440e-18 -7.993179354425209338e-18
3.596830794976074216e-10 7.567693837385709965e-12 4.359882819358256044e-12 3.199442573253820736e-12 2.986795614117736721e-14 1.700153038894525051e-12 4.492293964215918832e-14 5.777620447982600523e-14 -7.525475251442176012e-14 1.213332646077589058e-13 5.170876022662720359e-15 3.284012779971537389e-16 1.404547629198256600e-16 8.446272911696322562e-17 5.379789768659868984e-17
8.270509190027089360e-11 1.100047737229086969e-11 -4.782169401288120209e-12 5.177691910500607743e-12 2.090791101235651576e-12 -7.979254444219973180e-15 8.405000255990071193e-13 -4.953212288311646856e-14 1.082407555977528359e-13 1.154606256186211141e-13 -5.887467465282499471e-14 2.067049266860426057e-17 1.189934708791475428e-17 3.313334770987992887e-18 1.424057745664816642e-18
1.252319111834069459e-10 1.104321775976263862e-11 2.745300582346705942e-12 2.954469355580054652e-14 1.581411332112846904e-12 -1.523672699237231284e-12 -5.195209191309349655e-13 -5.583392231038186810e-14 2.929041430683323044e-13 7.497719017518458853e-14 3.175753723871173672e-14 2.729181220774369415e-16 1.247270381790888378e-16 7.919855084704580635e-17 4.875395922032968701e-17
1.634134707257250048e-10 9.008226573982538280e-12 3.714483755740526302e-12 1.283851151515832186e-12 1.312328570153005861e-12 6.627708733327704339e-13 -1.704089840845576435e-13 -2.938689358304453709e-13 1.839114619349669863e-13 -1.310025031972091814e-14 -3.142791578050057136e-14 -2.989865877850223240e-17 -5.110529037221416102e-17 -9.029333147419206971e-18 -1.332127174294016912e-17
3.421104503709517401e-10 1.382231117801157899e-12 -1.713648965065620103e-12 -1.027861069269772585e-12 1.066501046449979867e-12 -1.053893389383133793e-13 1.660414541468653731e-13 -1.053725882324510281e-13 4.649960306202786117e-14 1.897001367008726627e-14 -5.619706050333243128e-14 1.021510098666694010e-16 7.288753884448064939e-17 4.337619522470913322e-17 3.387161788488346152e-17
2.983827725445094020e-10 1.874165851838358412e-11 2.113748657728524949e-13 1.007678953562662863e-13 8.919569075477086516e-13 2.318554282385906892e-13 -2.305844952386230706e-13 1.449789955724525943e-13 1.806990290437792249e-13 -2.940463920198722139e-13 1.508646877574889190e-14 -3.452585724807573397e-16 -1.497640458164871625e-16 -7.281662085814068903e-17 -4.804198189206831301e-17
1.473164650378828911e-10 2.697157905364365823e-12 2.155012171514635075e-12 -2.938937551522328372e-12 -1.718098471844883988e-13 1.473535583190486224e-13 9.310208260020242755e-15 -3.337048701112300702e-13 1.237045647979600729e-13 -7.979835080189741097e-14 -9.172131080667634136e-14 1.157128814817611805e-16 6.362366935371836088e-17 4.126888119838689665e-17 3.431689915362233363e-17
1.727362718108624478e-10 6.675101048096647618e-12 2.377480391601662213e-12 -3.169346386959539207e-13 -1.704997134424080898e-12 -2.969802861998301796e-13 -2.531898808205670309e-13 -1.316131054182095695e-13 -9.519067387407518245e-15 -1.734595634854805856e-13 7.059609124913350757e-14 2.174862125726587254e-16 4.914611187607763807e-17 3.824356407430731175e-17 2.527895902347966143e-17
1.537411391522061138e-10 1.262734709262975395e-12 1.096656170794097694e-12 -1.421543389834137138e-13 1.111455160935629630e-12 1.298162721750637000e-12 1.543719688615954727e-13 2.940095593784094184e-13 -1.171168298954033927e-13 -4.707333913968286212e-14 1.786386421895895364e-14 -2.874510539049043013e-16 -1.623546476282891376e-16 -8.845685678269507546e-17 -6.448763569689411597e-17
3.428206165273388126e-10 1.180252314164634649e-11 -2.066884441409204594e-12 2.303706528904159709e-12 -1.226012103131316184e-12 7.540389956456028272e-13 1.387517686147490639e-12 -3.398437450999209289e-14 9.801087827359680018e-14 -3.541378509530029570e-14 1.334415399199435690e-14 3.930633467680209062e-16 1.765120731302449923e-16 9.429089996143608890e-17 6.197114651889959845e-17
1.541309425609109176e-10 1.211161782966772850e-11 4.666796282295613184e-12 2.343107347094299780e-13 3.470124401271102230e-13 1.458170485635129098e-13 -2.204641326850119638e-13 -2.527302515283468851e-14 2.253472790862483821e-13 -2.254911896788874480e-14 -3.230012688724227431e-14 -1.620774315315975394e-16 -6.082004752048753030e-17 -4.872177816568389259e-17 -1.843703700906733080e-17
2.492894119133366193e-10 1.078134115793101341e-11 1.025562652128259015e-12 -8.147317487125121612e-13 7.485604588181744201e-13 -2.594513172612027550e-13 3.628731570340988633e-13 1.018409839536762805e-13 1.355693821923083546e-14 1.317600000907897729e-13 -2.895401447637911788e-14 -2.124754316420092290e-16 -6.966700546193582229e-17 -4.593531591781455496e-17 -3.378923524692161571e-17
2.574393966800862172e-10 9.931895945704902437e-12 -3.197466631883247532e-12 2.573274753138852264e-12 -8.160905705960862161e-13 8.047674102256413933e-13 -7.610391704015382201e-14 -1.843885150188941965e-13 -3.511507030702776658e-14 1.236246770659469210e-13 3.590279761140153130e-14 -1.036526076175025742e-16 -1.301522990964745480e-17 8.688491521129705540e-18 4.217800898703896785e-18
1.928018200824575895e-10 -2.488378362607622548e-12 4.485408757163062759e-13 -2.118310086295909107e-12 -1.649594342015672791e-12 8.706028386953720806e-13 6.536030039809374362e-13 -4.225522352626382351e-14 1.627339567124202067e-13 1.306771759593876565e-13 -7.483366911548435861e-15 -1.695731864013270204e-16 -9.307685367462350264e-18 -1.700960209172540089e-17 -3.927462113218614580e-18
2.216152644474011192e-10 1.231356315468772552e-11 2.025825944192782899e-13 -2.634058610084136417e-14 -7.843943990915801624e-13 -2.053183004224968419e-13 1.626122531808711318e-13 4.073113708873014075e-13 1.132602373737895504e-13 -1.130731110757779719e-14 3.345424555610594714e-14 2.503843491997951702e-16 1.350362590932053796e-16 8.543186762283319758e-17 4.063831614407116662e-17
2.069649609308476390e-10 4.735635792126595847e-12 8.762926048047860059e-13 6.727644121500551184e-13 5.325678839073431737e-13 6.158183443771480531e-13 1.843569438594552072e-13 1.855417071787812377e-13 8.088747493895534622e-14 3.351227890288270336e-14 8.165207049370921989e-14 1.451045492492433941e-16 6.590395557170805655e-17 4.114184242810679412e-17 2.419830106646915757e-17
3.833035843298970102e-10 7.954014658290524126e-12 -2.377099564397622996e-13 3.917650986636932489e-12 -4.866984149384592064e-13 1.612204623413357302e-12 -3.643241139134683560e-13 2.931920368623732730e-14 3.499015136599739605e-14 1.006269992917688645e-13 6.023257135924416104e-15 1.685535071002388268e-16 9.091915050285461285e-17 5.444348379314289982e-17 3.560710880461362682e-17
1.098538145934904495e-10 1.147289323311156315e-11 2.649507008851408886e-12 -1.769683176727500272e-12 1.674179917906717633e-12 -1.297791846650478041e-12 5.606573698559434595e-13 8.658453240427782229e-14 -1.032505413436403807e-13 7.840814038469093380e-14 -2.337246026151041729e-14 -1.564504123117710164e-16 -7.330479563060741047e-17 -5.287847199160112356e-17 -4.160654867524383527e-17
2.821804474682977132e-10 4.757297876594810602e-12 9.474171052859656687e-12 2.251616770857964379e-12 7.464595444805089990e-13 4.439494781709222496e-13 4.274670596369247558e-14 -1.720415175068196453e-14 4.202644001811133348e-14 1.286650761433752287e-13 1.592290467313408363e-15 -6.873036950125434517e-17 -6.712525713329786929e-17 -2.614092046068182828e-17 -3.080599553966388230e-17
3.084936901824926222e-10 2.655938520076501892e-12 4.164316269094884876e-12 1.626984134015306957e-12 -2.847865213819607254e-15 6.895141400850880207e-14 2.525172685459447887e-13 2.681544151074340882e-13 2.136046568344395348e-14 1.583627382018762386e-13 2.729286218388288886e-14 -3.385738217765360452e-17 -2.316558316342810423e-17 -7.344639562079592453e-19 5.283497925175463713e-19
1.068264716783663931e-10 1.459666792986292521e-11 2.773092205939938246e-12 1.120164624953033457e-12 5.972102724178870494e-13 7.469901642144750248e-13 2.183421255562370288e-13 5.008963079336712115e-13 1.908650473860631884e-13 2.127791667714766720e-13 8.767396509286159405e-14 4.269796086018441414e-16 1.859176647404543325e-16 1.007759839620295322e-16 6.740950657974485431e-17
7.333163318313305671e-11 2.096217202292141840e-11 2.801810282715871597e-12 -3.481952823223529000e-13 -1.272468840038772664e-12 8.172104242993576258e-14 -4.396847910212568126e-13 2.243412992436022036e-14 7.220964498904766656e-14 7.156960790348651531e-14 -5.862277634993330090e-16 3.074302362758696136e-16 1.372841179942111339e-16 7.617633859630013425e-17 5.672403531568529796e-17
3.082802384083756457e-10 8.288116647720646987e-12 1.543197684286776123e-12 -2.042183367789008599e-12 -4.405224399758388843e-13 9.488653361096847919e-13 1.119067803979367552e-13 -4.684305180745415994e-14 1.883528041288863290e-14 1.654091558577843827e-13 -6.727795939667065325e-17 -1.591965107050810329e-16 -1.049105391054460209e-16 -3.456918228353772569e-17 -2.283174591322595744e-17
3.720506964269038413e-10 1.099227345574044074e-11 3.295395708987770745e-12 -1.210864676570826510e-12 6.157653210559407784e-13 4.932605688681078868e-13 4.201376577597008717e-13 1.329105870841551389e-13 -1.701373593747996020e-13 1.980597976050898338e-13 8.319635076092183971e-15 2.253138510282130420e-16 9.727692913507878842e-17 5.808710933005770778e-17 4.409881511812698581e-17
1.629173151452947131e-10 3.201798724647638447e-12 2.187988122463972060e-12 1.159239489145473399e-12 -1.715737980336350098e-12 3.671711990011270811e-13 2.621339689876217509e-13 -3.345035004623469987e-13 -1.245005850860468665e-13 5.696076912028544597e-15 7.247483354159746551e-14 -1.656593157372230455e-16 -6.739212939650404774e-17 -1.197493604233651645e-17 -2.268904942485087271e-17
1.499755398807730228e-10 1.312144939485010805e-11 2.697418102530263245e-12 3.290899427276131762e-12 1.782697253796984078e-12 -4.331298459141401097e-13 -1.264061358116281468e-13 1.470548036587484486e-13 2.563723693619538125e-13 5.707252625017888328e-14 4.448716753041923096e-14 1.885953590249658948e-16 1.362530360299294921e-16 5.196348825173020699e-17 4.416512601651743664e-17
8.077979176082901122e-11 1.276958024384220574e-11 1.751945915620334575e-12 4.051148084732506375e-12 2.977054943279186757e-12 7.843114813963943724e-13 2.623537214897800255e-13 2.064528100249946781e-13 6.627437408993278058e-14 5.721590424380508668e-14 -3.236492108346309104e-14 -1.453810953370615124e-16 -7.111974031011667360e-17 -4.663548730760698523e-17 -2.840669283335498608e-17
2.358750077085012204e-10 2.111958311490470143e-11 4.968271673221952606e-12 3.197490303034835307e-12 1.674909507976472449e-13 6.191484299409451251e-13 3.243032084310191790e-13 -2.945379997464320157e-13 1.327107614019648745e-13 -4.882786757123961840e-14 6.714912013271938853e-14 6.638646173340644502e-17 -4.048610762779199152e-18 -1.559027182042315268e-17 -6.623508314890489791e-18
2.018152140358437237e-10 7.135690581141573902e-12 -1.304320027732366440e-12 2.364262836994236295e-12 1.868409399915954097e-13 6.819164633434503464e-13 3.543655608058436293e-13 -6.994273578852006324e-14 -8.825444119973749052e-14 1.529058227212236018e-13 -9.891548675562816573e-15 6.488240531886363440e-17 1.035944015143594989e-16 6.367921875123312421e-17 4.741381239568412195e-17
1.406352728734861602e-10 5.778201322744084310e-12 2.221926919834026699e-12 1.117879505605472414e-13 1.398484619320368856e-12 3.737596818786163029e-13 -2.676318154587583857e-13 -1.728366343429250918e-13 2.586186309836068272e-13 6.021614162608858469e-14 2.841426076708723545e-14 -4.720955545808361264e-16 -2.416809503794984409e-16 -1.041797379354591543e-16 -8.030473234908793006e-17
1.638566117259880978e-10 1.958445859834831776e-11 8.701284355388570705e-12 1.984870192157597464e-12 1.020507017926997453e-12 6.355259759412649123e-13 -1.179849379164088150e-13 1.349134561929158576e-14 -4.601327606036377654e-14 -1.459124669688539768e-13 -1.561150265604098171e-14 -3.008242986999827084e-16 -1.200326149413135533e-16 -8.202232900570366585e-17 -4.900007533728914656e-17
2.966891774242042437e-10 1.263708878882713327e-11 1.901405080763044126e-12 -1.062549448023023075e-13 1.321320061529176429e-12 1.420668940349185287e-13 2.617767555685022985e-13 1.973113378973160013e-13 -1.012840856699316434e-13 -2.387323572115511459e-14 -4.503294380911697134e-14 -1.379238728971240662e-16 -6.521952961381697827e-17 -2.994918678150852897e-17 -2.355681261087638641e-17
8.261820281717943414e-11 2.455035231631671436e-11 1.544822403972414780e-12 1.694616034733828906e-12 6.174938318410213732e-13 -7.307497838547680364e-15 -4.540932661983000849e-13 3.817657863333731101e-13 -1.501870214861748134e-13 -1.157659743225363211e-13 1.203035910028500783e-14 -1.592044582318217648e-16 -1.093554821582354086e-16 -7.650081352296934393e-17 -5.219113759983745553e-17
2.013447526711734728e-10 2.157597686029307902e-12 7.100531031622094988e-12 1.911295373594034792e-12 5.433196572386261891e-13 1.771239832241323596e-12 -2.454924219408292502e-13 1.918957362030270794e-13 -4.942855684690913257e-14 -2.351338634415956724e-13 6.071979870815803399e-15 2.213566253343484178e-16 1.217055907312174237e-16 8.222081395560824713e-17 6.253590398001851511e-17
1.250122902247028446e-10 9.936631393798853776e-12 5.908104197099948231e-12 2.649726910280614331e-12 3.588618770838416584e-14 8.743404870540920613e-14 1.574060572371915714e-13 -2.505737092780243644e-14 -7.475063830707013633e-14 9.500732424538335662e-14 -8.400728422283650384e-14 -2.011077359124992145e-16 -9.731066928234383734e-17 -4.504051112257069533e-17 -3.806367137663706841e-17
2.265312480292811485e-10 6.369624198433214175e-12 -8.311645359853871212e-14 -2.143527661650989290e-13 1.731121167344430375e-12 9.742563082168719376e-13 -8.328537438600782018e-14 -2.250654382347808030e-13 8.827888027798933554e-14 -2.141537316334990462e-13 2.574204530290130767e-14 -3.138167330320015191e-16 -9.932672695147178316e-17 -4.838831843138254065e-17 -3.165731379387240304e-17
3.318170111622177285e-10 6.204217332520529900e-12 3.998841934280083811e-12 -1.384915128578619744e-12 -1.061529323756284104e-12 -8.905741276797582929e-13 1.004189410044438469e-14 -1.726412383604585944e-14 -1.031104863573779994e-13 -4.909584544988775028e-14 -8.251032038905417546e-15 -1.276913094526198910e-17 -4.731948293108791145e-18 -2.469091049066805319e-17 -1.226947299092431877e-17
3.907428545015638005e-10 9.828856278083362237e-12 2.584579173660624757e-12 1.333407550943014039e-13 1.284247725921653893e-14 4.478648931738137934e-13 4.285355965084816347e-13 -1.275741970951515957e-13 1.386651061406492687e-13 5.425166448046330675e-14 8.131952789243921694e-14 -3.609917151546796358e-17 -1.247172728195867257e-17 2.086060637361864247e-18 1.725591033993685852e-18
1.331091595025986161e-10 -3.033534736467765644e-12 -4.315196924072018738e-12 -7.079508656572883393e-13 -8.116474602419223672e-13 1.138671888807178631e-13 6.964501063071306818e-13 2.084727597818626953e-13 1.726402485618570948e-13 2.176044922824041396e-14 6.051106355326049322e-15 1.571546117574503649e-16 1.335131900531578769e-16 7.681206586610040411e-17 3.956807617013450421e-17
1.522707690872391777e-10 1.590853569653318056e-11 1.753861329115543351e-12 1.129436521958397207e-12 1.412529604668553469e-12 1.039587938004169448e-12 1.432882161494094289e-13 2.001205014560763240e-13 -2.994239149383306876e-15 8.681767580886694631e-14 6.688483513433535874e-14 1.064693280033912294e-16 7.835653099119288190e-17 1.659437300189060470e-17 2.161772422164126807e-17
2.476422425795258640e-10 2.075419687841145074e-11 -2.339590704327415499e-13 3.244031398696996929e-12 -8.413354980379038126e-13 -6.730758861121144686e-13 -4.695344136748511694e-13 1.280787100432134854e-13 2.933320737919428117e-13 1.915462364932879747e-14 -9.662811257308438753e-14 1.261112323269609861e-16 1.418684105834179434e-17 2.050652371041900558e-17 1.807191212138632966e-17
3.423621472985090874e-10 6.062138915232741034e-12 4.991050399014923666e-13 1.157463184583777598e-12 -9.832870818032980774e-13 3.009637105816189039e-13 -2.129027094366852933e-13 -1.149888995007683981e-13 2.158063480977280193e-13 1.147873959651693024e-13 -1.787975269814345589e-14 -4.727807061839448641e-16 -2.043802741573943264e-16 -1.037678980459601967e-16 -7.401212154033508547e-17
2.703826749731972551e-10 1.609464493087296113e-11 1.194998471820016606e-12 1.865368016058004537e-12 4.572318033326598884e-13 1.462523330573298017e-13 -5.212898307670610166e-13 5.076900913819824250e-13 -2.911661188339627110e-14 5.741410738000725171e-14 -3.602592044430859555e-14 2.370752093943594586e-16 7.696828629984771067e-17 5.301925368369830720e-17 2.938776512171615040e-17
3.328192335456018283e-10 4.032504062810319105e-12 8.780752893721829386e-12 3.688312458707748750e-12 -4.354977842852686200e-13 3.152863746326314297e-13 5.290550150023289087e-13 2.647662370519844003e-13 1.093163554709081963e-13 -2.101023963257451350e-14 -3.324829826730168138e-14 -1.189484791493755188e-16 3.407577923164028227e-18 -2.968616348439518817e-17 -1.553276311508468246e-17
2.150470866625727381e-10 1.527838067264484328e-11 9.769993336600737102e-12 6.574611895028647627e-13 2.300437559594496238e-13 1.995563379747547600e-13 -1.460366919683665430e-13 -1.861145984549525623e-13 3.209360587750392382e-15 7.217813597503714290e-14 -2.312716400077094209e-14 1.182640304149196473e-16 5.257947159072063478e-17 2.954241886647948244e-17 3.012994289716416405e-17
1.802493691788142846e-10 1.900056017611067099e-11 8.389135131496778666e-12 -2.618507703447421214e-12 -2.243041369758715137e-12 1.625759013731487318e-12 5.010641355003140710e-14 1.746203612336378774e-13 8.152660236146890345e-14 4.253851290230233840e-15 -6.339192413895680331e-14 6.786163797588225975e-17 1.030139064052068875e-17 1.140172919879907379e-17 1.272933237970437501e-17
1.624455910742841662e-10 1.016206930685411805e-11 3.009270380613225801e-12 4.275192697559133825e-14 4.114892941883128211e-13 -8.579873498870771967e-14 1.912592399693249182e-13 3.604677082021709505e-13 -4.971008486733053499e-14 -8.130029930884893467e-14 1.148850990650016926e-13 2.518923966722126539e-16 1.422442376965796472e-16 7.384373213914661192e-17 4.961500938518871607e-17
2.219281477064196873e-10 1.021327693737676112e-11 -2.229523553085089249e-12 1.187944136220956883e-12 9.938839861871832670e-13 -2.257006266053966109e-13 3.119367339275626532e-13 -3.524441086865628904e-13 -5.138972971741141348e-14 -1.002168691790181016e-13 2.741264391496902118e-14 2.208314859185083558e-17 -2.035570303399833685e-17 -1.911706202842268443e-17 -9.388640448588852177e-18
1.532839281293121164e-10 1.019844406825264437e-11 6.348901518040273184e-13 2.928755109952343226e-12 6.505316579194484892e-13 4.750779395642045325e-13 -4.762311526731026491e-13 -1.604034321620962911e-13 3.766867904042831039e-14 -1.817635664968766267e-13 -3.049142591482105883e-14 -4.017620356086814486e-17 -6.687231980405289604e-17 -3.663667118367926567e-17 -3.157885691887858443e-17
2.245191018394779789e-10 2.317054795951103626e-11 6.765695948805917756e-12 1.504059403744768824e-12 -1.489498105217412005e-13 2.042466058991275162e-13 6.539298361591582293e-14 -1.970943314132446265e-14 -6.523038232881879351e-14 -1.416190638494789004e-13 6.991936797493212759e-14 -5.637644728416737501e-17 -3.114421728715545873e-17 -2.168155366666712454e-17 -8.153880641419053347e-18
3.993104459908745961e-10 3.509691790352073096e-12 2.612569222552928734e-12 -4.011601833259482664e-13 1.304349972537790254e-12 5.213317495814318289e-13 -6.873794940996978296e-13 1.559674697237279908e-13 4.957238208931158547e-14 -1.542232949123564851e-13 -6.307515080216499727e-14 3.253829507511063036e-16 1.331311536142748988e-16 1.050338473551691933e-16 6.850777574820095249e-17
2.611845960388305077e-10 2.174151959628588050e-11 3.784312446981218348e-12 -4.131414691113957693e-13 2.560048812386087075e-13 9.347435202399594067e-13 1.957691375090670686e-13 -5.008682579211554487e-14 2.742569157256969423e-13 4.121362639462904898e-14 5.188467179267006887e-14 -2.630238427781658947e-16 -1.037009116622280643e-16 -5.103329212200874848e-17 -2.957034354172398116e-17
2.257143429494288348e-10 8.077643089737345505e-13 4.311978737855652573e-12 1.162021540610223548e-12 5.321972349891721264e-13 -5.811383586149654583e-13 -6.861367439658578709e-13 1.519446541807541499e-13 -1.429906729785201161e-13 -6.421380285391549549e-14 3.706426567430481935e-14 -1.940651025880796089e-16 -4.610037574541016302e-17 -4.110591467181711226e-17 -3.104032146097270667e-17
2.826351175693419126e-10 1.648041933739636108e-11 8.461730331702639979e-13 7.650902782347168279e-13 2.239134730861325356e-12 -9.216410708929522457e-14 7.099212211632909199e-13 1.678490357892410377e-13 -3.989239650617054748e-14 -5.781596918202186624e-14 3.780658735618455211e-14 -1.705472469713413471e-16 -8.141220732910553440e-17 -5.568655251383359121e-17 -4.508840225540478386e-17
2.732824660507316855e-10 4.887290257702349639e-12 4.930981473171506453e-12 -2.292424125334287191e-12 -1.203732887316434781e-12 2.625993928825019715e-13 -8.851307514123147327e-14 1.551147731181752260e-13 1.602048463327436628e-13 2.882143226893683619e-13 -8.103067724033984840e-14 -1.464049165775671445e-16 -8.760300588380391176e-17 -5.300339894111567645e-17 -3.453433483017493596e-17
2.351815967954658612e-10 1.064140303706884262e-11 3.398053606304086936e-12 -2.435453463915231779e-15 1.772620530587351667e-12 1.351471636381573690e-12 -1.536613147048818043e-13 -7.610821711018940642e-14 1.346130466628907247e-14 -1.026916691609936222e-13 1.685794412008757421e-14 -1.362895842105699984e-16 -1.913925015630848744e-17 -1.473695940460689795e-17 -1.853222283071519545e-17
2.255265810459300625e-10 3.620380901310503378e-12 2.226068512479509483e-12 1.443233879131257761e-12 -7.612550323227059220e-13 3.758466177666547922e-13 3.534745307461636001e-13 4.527124354444634380e-13 3.878303721683066503e-14 -2.017503781786457498e-14 3.572054414977277933e-14 4.715118906545144406e-16 1.741784225511305030e-16 1.185091992270296603e-16 8.067076079278220812e-17
2.088588551264478509e-10 8.452847097687756565e-12 -2.406020880471033945e-12 -1.439698238426219948e-12 1.036876710877008672e-12 2.226280272102270031e-13 -5.852309981721227912e-14 9.805065637687180157e-14 1.312144972694924752e-13 -4.432191090066879060e-14 7.771080196203368829e-14 -1.543140625346477522e-16 -1.066667293054185120e-16 -7.579256095559780268e-17 -4.262432715047859157e-17
3.065538841540612358e-10 9.867484799609578243e-12 -7.618563090652840069e-14 1.908946726282547970e-12 -8.917293731177497292e-13 1.937939996306641211e-13 -1.128230605966686628e-13 1.214752069366477689e-13 1.725448422203261135e-13 3.587377393325699530e-14 -1.387097888178074368e-14 -2.138172061097113694e-16 -3.382066701319652723e-17 -1.787125054239068730e-17 -2.248270407564677433e-17
1.889709281968247450e-10 2.415972904101864168e-11 -3.834089879930325427e-12 2.293337706668758659e-12 2.990800441158113857e-13 2.513678282534844404e-13 -7.220781587206148240e-14 5.424245241213928629e-14 8.896390212585750511e-14 -1.724350679492026333e-13 -1.671043042527171798e-15 8.348131533610197872e-17 3.266060470615029813e-17 4.716181746113846656e-18 1.182415879961322527e-17
1.716122106259694054e-10 6.493138506094979248e-12 1.070684071593578924e-12 2.878381003871186557e-12 7.340286431933322653e-13 -8.200067631658737346e-13 -1.079329133831762094e-13 4.381333040427463358e-14 -7.270028850570695164e-14 -9.835435112332512232e-15 4.432969217638321229e-14 -3.101665629015095640e-17 4.063783329328412370e-17 1.354012979272089464e-17 1.652120831592250717e-17
1.419285654202796514e-10 9.356233892883884176e-12 3.573632764774082648e-12 1.113848462038829507e-12 1.633098477367901142e-12 -4.810217606568613682e-13 2.904806828406764258e-13 1.261443635420413317e-13 2.061740474117139065e-13 -2.151644366053280592e-13 -1.513182085492726591e-14 1.834680277732790304e-16 1.088086995107776662e-16 5.521686967572407250e-17 3.909284346810060205e-17
1.021951411143637035e-10 2.362214705570049438e-11 -1.591306428775922550e-12 3.475985539161841660e-12 8.790117445253312763e-13 1.221930340643392570e-12 -4.422830871118965650e-13 4.109108175395800878e-13 -1.365007656592593195e-13 6.225622410720554326e-14 -3.366752634067914977e-14 2.791707504013287173e-16 1.097350312731097952e-16 8.027042492098430767e-17 5.979154650198004472e-17
1.608613577992287343e-10 9.531513335604961481e-12 8.656101445070445282e-12 -4.339324666984824241e-12 -1.721005059179056221e-13 4.699869258293464502e-13 1.041820889194029397e-13 1.898360149582546105e-13 8.238650046105014924e-14 -3.409357432362055281e-14 -1.120188349425833967e-14 -3.561429169495494482e-16 -1.710249850227454296e-16 -9.710839045318519071e-17 -6.789072990138867325e-17
3.550936712256290391e-10 8.228279263450916949e-12 3.840174318093984031e-12 1.401642741257309240e-12 1.793605448994670075e-12 -2.055083696004200430e-13 -1.472493161530832681e-13 7.038528628183818494e-14 2.522587955354200645e-14 2.959160649434555970e-14 -7.294683011824708529e-16 1.299352072661118601e-16 1.139816939051182765e-16 5.954716820918540502e-17 4.272830895463890286e-17
1.068136497781621193e-10 5.817846170006473521e-12 7.016224210718755180e-12 -9.593562072365583789e-13 2.206460425927337436e-13 -6.152109390885165546e-13 -3.304357101567213739e-13 3.656818348480651795e-14 -1.439555213121589920e-13 -3.631873637440486877e-14 5.202342939399860170e-14 1.206856976574504544e-16 1.313662060480815066e-17 2.199667362681900096e-17 2.392937108859805781e-17
1.110817679818641091e-10 1.309126307477488556e-12 7.153722358510786278e-12 2.352819302070202514e-12 1.774921250588406112e-12 -1.451815182185232405e-13 -3.433591399820614205e-13 1.896464164081191646e-13 1.919429296305242628e-13 1.771112436514013742e-13 1.221329690780522405e-13 -1.439946129542185476e-16 -4.761144163422096341e-17 -5.099991209811984097e-17 -1.744933783168899932e-17
3.457952480933219295e-10 1.550275969899003661e-11 1.196754716030332960e-12 3.351035744835033563e-12 1.182374920443129411e-12 2.339134344573802252e-14 -3.438360654905255222e-13 4.674893495200948791e-14 3.395497989187092032e-14 -6.208642553376180176e-14 6.317023038280476981e-14 2.062064756400936904e-16 5.076674497003578184e-17 3.822881622959669015e-17 2.608245775089952012e-17
3.085981351200425850e-10 5.998150229727953923e-12 5.395032373788562935e-12 -6.000653930872172462e-13 -1.178952407098551312e-12 9.885021726300787968e-13 -1.582618782446248345e-13 -3.598719008696230424e-14 -1.960905320080739024e-13 -1.028192681632109952e-13 -7.043208759991578657e-14 -2.793128197087149664e-16 -1.267259434744187703e-16 -8.388624216366075116e-17 -5.265639697507570513e-17
2.558139860041233729e-10 1.890946472107057179e-11 -6.276173618853282641e-14 -2.920600726267605730e-13 -4.913850512986851328e-13 1.250768157540842888e-13 -2.538083464062652225e-13 1.891228233576503835e-13 1.800182588289971105e-13 1.598985412404938361e-13 2.928930041947379546e-14 -2.638927607257903228e-16 -9.104302226373833503e-17 -5.465571046839252194e-17 -3.453379213878497812e-17
2.278422090372758222e-10 8.295346693810018758e-12 6.367494448613407506e-13 2.512636824913335736e-12 -3.722407993730213745e-13 4.148290069674639621e-13 -3.119117137913091196e-13 -2.016826862668782717e-13 -8.009523398507225941e-14 2.563581100385190856e-14 -7.177432677905418761e-14 -4.095617067321047312e-17 -5.441524657484157250e-17 -3.057909354763160653e-17 -2.293128845135910243e-17
2.321023506001283018e-10 8.545603417924655515e-12 3.930621241445577987e-12 -6.583931359178415635e-13 2.407720564604796698e-12 1.333164923838401294e-12 -2.085766579318871889e-13 -1.911440357740498266e-13 8.613236491444459373e-14 1.255270799347169399e-14 3.506728575511333356e-14 5.088971284196516477e-19 1.798377047614961746e-17 1.073588172638387962e-18 -9.650541055772673623e-18
2.556336838555310521e-10 1.129796502525729975e-11 3.486137059647954603e-12 6.259422104512132917e-13 -9.375804108061614644e-13 -1.029345869440452150e-12 1.171380337665613227e-13 -1.657408052895080231e-13 -2.499162769652185213e-14 1.229236095007767994e-13 9.788130343021093091e-14 -9.079706452600713403e-17 -6.960656274924746976e-17 -5.290939964001542056e-17 -4.389116709697989598e-17
1.516284918850983115e-10 2.131050620410203719e-11 4.962971738783855395e-12 -9.058186062238660350e-13 1.874880290778601796e-12 7.213733937281176044e-13 3.962240644530807361e-13 1.697936370101977089e-13 7.526012195441526507e-14 1.709454718650628819e-13 -9.621340994739732150e-14 -1.477987431130351347e-17 -3.923491998697585730e-17 2.624230607224409773e-18 9.716827791613890816e-18
2.260631098306940079e-10 9.913940926180859082e-12 7.567217510860966172e-12 7.502835005792678690e-13 1.083662565775154300e-12 9.319292228048557223e-13 -1.921412265838918160e-13 -9.406140347427886374e-14 -2.743555399569621466e-13 1.470080466987065059e-13 3.339193483655513491e-14 -4.715185005529545088e-17 -1.645599560632275677e-17 4.705772487336986321e-18 2.202904357269194081e-18
2.004319806276964229e-10 6.376758333336097027e-12 -3.924023070142092090e-13 1.998317637127683260e-12 7.890649001350510417e-13 7.452238563761582042e-13 -7.614790963274154579e-14 -1.712828497740122094e-13 -6.493114847820069256e-14 -7.659831726335808613e-14 -3.117842741709721446e-14 -2.102822787605333353e-16 -4.697894103959547614e-17 -2.149646366485867695e-17 -1.875935454598150384e-17
1.842692281939528842e-10 2.932078656015077469e-12 4.523490016021728477e-12 -3.823897276360478994e-14 -4.039685757011813553e-13 1.413913077815788376e-12 1.475177995543640723e-13 4.512989326023797115e-13 4.213293275003859421e-14 1.053724227464887399e-13 4.558859719071102222e-14 2.370037508533308297e-17 -3.047351308974260255e-17 -1.034055616530604785e-17 -2.197971256264969788e-17
1.946374322059176213e-10 6.957332110042220429e-12 3.857552544426735837e-12 3.719108390347098084e-12 1.250964271128272290e-12 -5.375000052509792647e-14 4.278746879072079831e-13 7.120920582259531576e-15 1.092081264213100161e-13 -3.334551451434770841e-14 -2.560178969933455706e-14 -7.577815713754477401e-17 -4.822236333161019350e-17 -2.978454874290371639e-17 -2.398117915312614101e-17
2.322476142531065707e-10 1.771439075558435371e-11 1.263574392671384702e-12 1.379753466912792919e-12 1.216109588939291912e-13 -2.306256572225995241e-13 4.156497343976904155e-13 2.091410290629488189e-13 2.283714976462560754e-13 1.052966242816869494e-13 7.566318246689811621e-15 9.094234512560648381e-18 -3.585677101113568576e-17 -1.457068086853217384e-18 -3.858255684826885963e-18
1.853799169061227887e-10 1.357673001660105692e-11 2.886531651448684425e-12 1.148894472770035092e-12 3.321121090673101595e-13 7.139722692961358345e-13 3.889786679405100802e-13 7.640511011377780869e-14 -1.046931235926869305e-13 1.056118351394243951e-13 -1.137533787057150720e-15 1.542039610417481144e-17 3.430315402991392783e-18 -1.055201411501655465e-17 -6.219559926769227014e-19
2.613319739222498106e-10 7.562297502386237513e-12 3.736472445821350856e-12 3.836475810608294315e-12 -1.216607334896615105e-12 1.253863136294958058e-12 1.709023709502482894e-14 -7.387518733822064077e-14 4.734021761748474419e-14 -2.800696904226108158e-13 9.291093236968498537e-15 -5.890092930151681872e-16 -2.773274435519637951e-16 -1.401854847596124285e-16 -1.121079287017454421e-16
1.393239676910001744e-10 1.859268877208354464e-11 7.585239315204286982e-12 5.639868176668332859e-12 -3.590650875959337612e-15 -5.415612652632413542e-13 -4.829528807582144426e-14 1.179499119992057198e-13 2.807390318096106252e-13 1.244058316464660937e-14 4.098058573930652614e-14 1.894088386899629936e-16 9.189614854796499634e-17 4.469219875486519213e-17 3.788311268772461251e-17
3.814907365390038158e-10 1.880368819909912720e-12 1.376365687617152943e-12 4.383094417510179029e-12 1.657373748224859075e-12 2.473410954164478460e-13 1.661249975814526426e-13 -1.422841837438708536e-13 1.368448497916339896e-13 1.357850518661604727e-13 -6.695289129916361945e-15 -2.077954543097933238e-16 -6.529820029554589970e-17 -3.851835032482757519e-17 -2.541133333834818365e-17
2.255979521354684630e-10 1.152682590842410684e-11 3.015547146409921819e-12 7.205060828077344593e-13 -9.401525205567480763e-13 6.766426828232609376e-13 -1.650123186575688989e-13 -6.470940220319292703e-14 2.304206830457036232e-13 9.263353677777364784e-14 -5.152062602104018123e-14 -3.139518268007002679e-16 -8.974656671738559686e-17 -4.794637377889414554e-17 -3.933780963262000852e-17
2.434666036526332740e-10 1.124293781340598461e-11 -1.137875394229231976e-12 9.460751135435133333e-14 -8.163540953221913936e-14 6.382668304689699001e-13 6.756897839808170840e-14 1.605302050224675470e-13 -9.553588894242353314e-14 -2.284636795179963557e-14 -8.310375393461488519e-15 1.917997198557968495e-16 2.393980476022972009e-17 1.552378838774790736e-17 2.124341147105284030e-17
1.492234688139912578e-10 1.189931775203787510e-11 -1.958781044774328143e-13 -1.332532885190562448e-12 -1.563357940475741597e-12 -1.139277619342650531e-13 2.943281814241890497e-13 -2.424674259704332633e-13 2.990778184955053455e-14 1.066997300063137401e-13 -1.450603040068557800e-14 -1.553736061816655550e-16 -5.728810870155354755e-17 -2.179770794045835188e-17 -1.263725930644561551e-17
1.822437067167604172e-10 1.799331925859143861e-12 1.430998645063655392e-12 5.169992619291156221e-13 1.692565822130715574e-12 6.624773966437533720e-13 7.911096841364615567e-13 -4.431803497229342644e-14 9.965141214246432404e-14 -8.081878330790812662e-14 3.991247867582474767e-14 4.102534842166912695e-16 1.441890551720007218e-16 9.588821565641973027e-17 7.498860192756699580e-17
3.193086399874932331e-10 2.190631311219080001e-11 -1.791461776959348066e-13 -6.018123069929048788e-13 1.198314703460549126e-12 -1.877479817687054828e-13 1.654786597920748513e-13 2.595618988524770778e-13 5.586199544496702973e-14 2.096531136066806700e-14 -3.998244312118404783e-14 1.320618176317915287e-16 3.659182265667918216e-17 1.727090689486351588e-17 1.976476029182452498e-17
1.535826495005906027e-10 -4.769341641439350821e-13 -8.884636997928439126e-13 1.211144984683183724e-12 -9.625538335370093578e-13 1.211109559909927538e-13 3.813368019974853149e-13 2.253037145996094413e-14 2.865710844953029588e-13 3.804801219053014525e-14 4.123323690182135915e-14 4.161898421761528207e-17 -8.837792543507973745e-18 1.255791949456433134e-17 2.785830429917943054e-18
2.327560535272416352e-10 4.295177928681123256e-12 1.803281249245565521e-12 -4.407099577020675645e-12 9.202283693412332752e-13 -3.344710675449300213e-15 3.310077827392395885e-13 -1.167808647665500802e-13 1.430252438258995043e-13 2.620495084560779173e-13 5.562487180952024540e-14 -1.917443165921439359e-16 -1.323464873072958376e-16 -8.456090773833569480e-17 -5.422122969937075742e-17
2.514494883348113922e-10 8.176095271100394293e-12 4.919243189989571075e-12 2.938047570530231615e-12 2.568932097053367422e-13 -3.178619183141802423e-13 -2.186117249156757176e-13 3.463516955035949810e-14 -4.951311466117353431e-14 -4.573761178384047169e-14 -2.163964869668851964e-14 -2.801097291755389649e-16 -6.300403997122975027e-17 -3.247112430241867839e-17 -2.476574329573197223e-17
2.026282312987918760e-10 4.976906712667404882e-12 4.326851282712595090e-12 4.071983504697893916e-14 1.287543580669306318e-12 -1.119925433786630171e-12 1.809074325342240937e-13 4.522233612293165742e-14 6.894333627554759933e-14 -1.188286610032531029e-13 1.893362480190957835e-14 2.482672917222032965e-16 7.055020985597629067e-17 2.812156063842479563e-17 1.814552067624968492e-17
5.923735525653679198e-11 1.591565501477772462e-11 7.482509502782623368e-12 2.474159081850977922e-12 3.493783900566069129e-13 -5.667888882845920345e-13 -2.140875779895107187e-13 7.860538214964599100e-13 1.460609881192873652e-13 3.380426927374327646e-13 5.678160857137120864e-14 -6.791515704325174114e-17 -4.470767947262699937e-17 -2.173428190160054396e-17 -1.873324523304230516e-17
2.993739155145166168e-10 1.703559894159846630e-11 3.777340445335530137e-12 -1.732544756527928976e-12 -6.412453655751434551e-13 -1.033204116468021680e-13 -6.573170399233667427e-13 -3.097887557391879258e-14 -3.869566874022022053e-14 -2.252790942285856617e-13 -5.181610205760785033e-14 -8.476185751302091995e-17 -1.272859924086814865e-18 -1.697937814265052398e-17 -8.114324826280213214e-18
2.622703652154089339e-10 1.375810031863423358e-11 3.012832109047138708e-12 1.790913865205444542e-12 -9.918805189855660407e-13 7.686461047783834249e-13 -5.233057023296013056e-14 3.425246698635163030e-14 -8.485558422121395659e-14 8.069284582481719181e-14 9.942173767720717074e-15 -1.255687307525121118e-16 -1.000790851787187389e-16 -7.063639987741141702e-17 -4.340165865039674313e-17
1.671536311994693523e-10 1.255760750213743795e-11 -2.939287678979792069e-12 1.753773457481906681e-12 3.811596546114305000e-14 -1.409335918268651462e-13 -2.113750333016208115e-13 3.812257359530211420e-13 1.813582986321450785e-13 -2.151472172462259548e-14 -2.957070136522389413e-14 1.361109677118339088e-17 -1.713720648232243976e-17 -8.129861483460728097e-18 -5.492633355110030176e-18
1.460359279475191340e-10 9.041845288752357501e-12 1.252400482062590922e-12 6.557399881858357050e-13 -3.680570887714832138e-13 7.997217518299232921e-13 -4.100349444746340940e-13 2.116655948821322279e-13 -2.656357270701454462e-15 -1.358955046653758585e-13 1.114564812362877389e-14 1.164924731808947829e-16 2.844894409089177364e-17 2.606079103036552324e-17 1.492203080082004157e-17
1.922568492476976322e-10 1.128616791520719227e-11 4.152766528761836377e-12 1.387114402997008493e-12 1.948529873147526905e-12 -6.853807593587752520e-13 -4.276741715431482743e-13 6.793746065361262324e-15 7.879771536859827825e-14 1.012552451637606893e-13 -5.563889827598980314e-14 2.650924249648279380e-16 1.431495370713061415e-16 7.807048145885901456e-17 6.377580666129018630e-17
1.662830963079066839e-10 7.130584090600187746e-12 2.655088669792931256e-13 4.382007220634996825e-12 -1.176595185824499528e-12 1.289777475779562837e-13 2.749857305596734331e-13 2.371575402676616258e-13 -2.036753636379931676e-13 -6.397566337067292252e-15 5.691262769012724567e-14 5.734744677126688758e-17 -4.324585986525069968e-17 -3.079214233891272931e-17 -2.246013337386847001e-17
2.692809113576950131e-10 6.646184094502782421e-12 3.323023745064784249e-12 -1.830618952476633208e-13 8.798300980825198673e-13 1.934511593673412198e-13 1.067695284765771818e-13 1.627695643897223034e-13 1.141398472819007091e-13 1.196479404464561151e-14 -1.664659910982673984e-14 -1.073376034365645440e-16 -4.221990122415210767e-17 -2.819182372736569481e-17 -2.429181751508484665e-17
2.642768055269340849e-10 -3.682632578443387194e-12 4.439579901208965960e-12 2.681919068966700736e-12 6.512502879585824300e-13 4.440622698994078762e-13 1.745165106840065561e-13 1.849466064348402523e-13 9.802390139365024373e-14 6.033692191348666929e-14 -2.622713633249343973e-14 -1.413958413576641302e-16 -6.360663234023326015e-17 -3.036017558137848891e-17 -2.412645282275127314e-17
2.553604649021336132e-10 9.373944976070532448e-12 3.037247037823224171e-12 3.736093692001286465e-12 -1.337665882825971059e-12 -1.231251266570441240e-12 -6.975936813692223169e-13 -2.355481805451632585e-13 -2.311598486113054292e-13 -6.378695446420912952e-14 1.843205049180072817e-14 6.681476836922214047e-17 -2.388540682779911743e-17 -2.395425816545085545e-18 -6.987072745086024597e-18
2.192816457362299626e-10 1.622542652340216239e-11 1.458427226232359657e-12 9.435791258359518410e-13 1.292473993527951562e-13 4.617885267123027441e-14 6.062140371002094403e-13 1.092504160031973629e-13 1.823186615344732129e-13 1.367176142455789984e-13 4.017392457539824399e-14 2.099840166156892955e-16 6.382199906035627511e-17 5.815840576498944039e-17 3.586011956185037240e-17
2.677233770199531587e-10 9.954369489746479796e-12 7.940187179452635185e-12 2.556102403979355250e-12 1.938856746450798033e-12 -2.921887612927816781e-13 4.968450324876821260e-13 3.428818425615264477e-13 -2.378890749201104080e-13 2.539077286622954362e-13 -8.265204290212081288e-14 6.800869934255852145e-17 1.164663300649718339e-18 2.014758696981278065e-17 5.928263372795733352e-18
3.781960479080509035e-10 9.405874037160648846e-12 7.383296085517850298e-12 2.180242168916137537e-12 -3.512360726808577705e-13 9.878932810756169781e-14 -1.582805982577209475e-14 3.876039825747785321e-13 2.766008944153130330e-13 -1.509868768414041183e-14 -1.895213380451854308e-14 3.040867981359247489e-16 9.376721637107019470e-17 6.379354569779800700e-17 4.798311735193754886e-17
9.210613571486359015e-11 4.764047911632367598e-12 3.204236007350982245e-12 3.467091254378891646e-12 1.988965519982660867e-12 6.788748218411138382e-13 3.034452489732493105e-14 1.165109597511205480e-13 8.281087284148915802e-14 -2.816084169141678311e-14 -1.851528515837922181e-14 2.804948811429611962e-17 -1.557735444178171996e-17 -6.019475496148840994e-18 3.327394062087941530e-18
2.273095001666563015e-10 3.856150754841775206e-12 8.447189401518421012e-12 2.445786233036801674e-12 2.470031883211294107e-13 9.269027278275488791e-13 3.442695470844224484e-13 6.140753340697038900e-13 -1.051018644659079279e-14 -1.100226511863303123e-13 2.805667327435638988e-14 2.732136949643845513e-17 6.317621678706051167e-17 2.948164876212022462e-17 1.803293681396104475e-17
3.196934854085816488e-10 -7.940493139268447949e-14 2.372726467318980680e-12 -9.890536181257148971e-13 2.932159401392550640e-13 -8.447929762624701512e-13 4.974652181088568372e-13 -1.060733804442549137e-13 4.457871555825687175e-14 -2.593915947487757365e-13 7.159278781239100813e-14 -4.961290731026394486e-16 -2.282649436534341391e-16 -1.204475788366092922e-16 -7.246437230499811989e-17
5.351760729828203975e-10 9.945268559127837148e-12 1.135934167895724548e-12 2.099647215015105106e-12 2.531094836296498089e-13 5.087138682719619888e-14 1.576064328730976265e-13 -1.289507575844071716e-13 -1.191799921951747443e-13 7.005843545550095050e-14 -2.499191032617279814e-14 7.525716579459308590e-16 2.819410164176452353e-16 1.843265166596921409e-16 1.379956760231302730e-16
3.654943876362902058e-10 1.026570839787408097e-11 3.493919345009760878e-12 2.586376293946582030e-12 -5.725471876122578714e-13 -3.267643396080109159e-13 -2.498372286382294292e-14 3.816880139413901630e-13 6.722766360918511660e-14 2.685225641929630198e-13 1.004258959110478375e-14 4.725865620211932131e-17 3.534963154961520430e-17 3.907491810838264637e-17 1.144945429624695536e-17
1.709234787036579586e-10 1.321043889958281357e-11 2.739417452182651146e-12 2.599025737819947692e-12 -1.695750776381372703e-13 1.041126787812673657e-12 -1.341950021510134251e-13 2.336022925451635716e-14 6.938754746000227631e-15 5.454538060907346269e-15 3.059128886028557747e-15 5.921915580830733052e-16 2.802327192001359379e-16 1.501794999888412401e-16 1.044446705446968681e-16
1.506523496203440715e-10 8.676437018670389753e-12 5.825789778964398219e-12 3.844203572543702278e-12 1.063748025949574320e-12 -5.760811207257472924e-14 -1.647551320537933361e-13 -9.529335052619186363e-14 7.912853461724142433e-15 -1.423037788072481532e-13 7.752240068228053763e-14 -3.372060914153727321e-16 -1.185042536237198623e-16 -6.267136719126791138e-17 -5.292085207025859194e-17
2.082485298966873090e-10 1.444278152217477396e-11 1.922293388791643554e-12 1.254887311046935662e-13 6.871720635884727189e-13 7.021617005867583065e-13 2.040607580545362826e-13 -4.676958221141422900e-14 -6.286296659240386173e-14 7.150159828287135984e-14 2.029209778107967816e-14 6.719564126305950178e-17 -3.484187981154157039e-17 -2.007658728324020461e-17 -1.154177168050839624e-17
2.245421780512788241e-10 6.902207982319667091e-12 2.801945543301052815e-12 3.563446292700192499e-12 -1.285721523625027075e-13 1.642971183086877275e-13 2.832293071979848270e-13 1.984770919321982730e-13 -8.541158815051754194e-14 -8.048108412788695745e-14 1.559020671108025544e-14 -9.674334665271390793e-17 -4.888790332791021607e-18 -2.251351512477367027e-17 -5.043377775377732500e-18
2.506841768502051210e-10 6.542590364398114248e-12 2.537216775922038320e-12 -1.043018151126744672e-12 -7.436600876980330505e-13 -9.411799196214615212e-14 -1.220504369803513664e-13 -4.330498106521525260e-13 3.293092736616521347e-13 -9.080049610286848531e-14 5.370873757498482229e-14 -1.940230123566883988e-16 -6.164251705666188911e-17 -4.016344553244424833e-17 -2.796756084622663301e-17
2.424207767514576658e-10 1.181152544195769051e-11 7.633343727393341277e-12 3.237984865893770473e-12 1.853920302212296984e-12 3.848398779984084329e-13 3.328459199878769551e-13 -1.000274171450366295e-13 2.510994685927120979e-13 -1.890511637102320072e-13 -3.466997142543371271e-14 4.590093966043945273e-17 -3.178418004252486104e-19 2.427898550493384594e-17 1.427246606652743483e-17
3.142032866892108235e-10 1.717344023195294914e-11 5.416609322122836309e-12 1.336775015599179823e-12 8.612335434138436568e-13 -6.021019798232322515e-13 1.678487945171193656e-13 6.193458501839971576e-14 2.244979079285556579e-14 1.068188219594761555e-13 -1.405860267852652200e-13 -4.210513559867567814e-16 -2.444718221265897065e-16 -1.273846202289524737e-16 -8.506839364641789223e-17
1.790975787859048089e-10 7.191749037236189339e-12 -5.073383577291306433e-12 -1.618037896723665669e-12 1.961110769248813892e-12 2.063728895134639963e-13 -2.434430735655796361e-13 2.138125521400693292e-13 2.019810564559084154e-13 -1.476163116738183483e-13 -3.093385871592689022e-14 -2.926203169952569661e-16 -8.881864669524320595e-17 -4.477200512158676862e-17 -3.346681544689921704e-17
2.385176053161399009e-10 6.667392590492622938e-12 1.383325552001355797e-12 2.078934087376545560e-12 -1.397684889458748496e-12 -8.857912059370585453e-13 2.194041974727457356e-13 1.834878566229911904e-13 -1.279699015447226373e-13 2.840869100505033221e-13 -5.857888720976465884e-14 2.444056563187949371e-16 1.232462929979576074e-16 7.530203237518062427e-17 4.850725733293101837e-17
2.123861976472198946e-10 8.079522095507037529e-12 3.846924859132836826e-12 5.782653790234357564e-13 6.676402211258948546e-13 1.469878512645381176e-12 2.402478343518197306e-13 2.918587521118320046e-13 9.310980504371267360e-14 -6.721935576745453886e-14 7.350994742083699459e-16 2.061881580313229796e-16 1.411596859755062510e-16 6.384132919079974632e-17 4.231266594129447466e-17
1.448216745487504235e-10 1.509179874845533962e-11 1.101562383973894211e-12 -1.138323115680632765e-12 7.051683956449809112e-15 -4.044379155310505281e-13 -5.580904406464039545e-13 1.690824806166908947e-13 4.699984916487162989e-14 -2.132891166050679269e-13 2.225204264172792537e-14 3.125856989368822848e-16 1.384074025227159046e-16 6.399807855866798042e-17 4.455506399710924093e-17
1.829138093465091251e-10 9.043621278355649723e-12 2.933622657964339385e-12 7.845113829042444445e-13 5.885752242559235462e-13 6.461694365460834841e-13 2.678464569203166830e-13 -7.057002437576458180e-14 9.297214275466784894e-14 6.035461174885586224e-14 -2.896404305907248716e-14 -3.633317019982576118e-16 -1.115430516139920839e-16 -8.098778914099569243e-17 -5.792700745437324223e-17
2.110721276091416397e-10 1.316983095301429702e-11 1.341052087211749184e-12 -1.461986947589013851e-12 4.440154458874415241e-14 -4.260937594025786824e-13 1.240988808672392682e-13 1.722674129020609997e-13 2.623921682832765625e-13 1.218921328498169507e-13 2.496641461946895630e-14 1.430771196559526889e-16 6.100768869069682813e-17 6.636480265177884057e-17 3.692871677555422814e-17
3.656698998258514001e-10 1.240263324764482322e-11 6.233357931845731827e-12 -2.891652279169345921e-12 -1.464622549750352338e-12 1.277044664617106825e-12 2.328202447800242929e-13 -1.478152243058817342e-13 1.878859662596124850e-13 -8.871222979745123845e-14 3.014211741689703660e-14 1.944280828323733153e-16 3.782871275543253295e-17 2.795436042348701468e-18 8.601453305371228666e-18
1.491190833891143600e-10 7.695794906570210655e-12 5.978870711164256343e-12 -6.362674839966879935e-14 7.669282939618411055e-13 -1.432647464148316616e-13 1.074362050427566423e-13 1.955266747649213940e-14 1.297923753063319339e-13 1.286453999875055866e-13 -7.505943616880963083e-14 8.363682591125872078e-17 -1.871976736598837185e-17 -5.721785102769570353e-18 -4.015934632803710008e-18
2.405602724116836513e-10 1.491515929890212052e-11 6.584552356060984985e-12 -6.081269146994709159e-13 2.459648048326376140e-12 1.952051382253695964e-13 -7.117579968815254758e-15 -2.060614175770528867e-13 -6.146089629636781020e-14 1.136221836675993188e-13 -6.296166639277589626e-14 -4.032283860004226435e-17 -5.338850197556150633e-17 -5.460618824062104152e-17 -3.017540407430422465e-17
2.523725972940754223e-10 3.143200525115976615e-14 2.698057813051743066e-12 3.496663908716325228e-12 5.882566256404898561e-13 -6.242904846061589497e-13 4.490233123752856427e-13 -3.643702511057903650e-13 -3.454168929974911488e-13 -6.027984106850827188e-14 -1.347902404820360627e-15 -1.347350021768458013e-16 -4.254334992119635565e-17 -8.131860057098934186e-18 -5.875769695550016649e-18
