-1.453797911793997059e-16 1.814462945086632638e-10 5.825587262081359650e-10 1.664649553025706840e-09 1.252677113460967947e-09 4.615037859432435605e-09 1.171321943873066012e-08 4.914467923713897152e-09 2.874648769504241599e-09 3.759448510838075057e-09 7.325679130522268531e-10 -3.868746990493616242e-09 -1.278262903155785836e-09
-1.743232202632606607e-16 4.947449228213910463e-10 5.635368157620618300e-10 1.709978886031504377e-09 3.450973136472948659e-09 3.669727881026615067e-09 5.041857190341141582e-09 1.882651119930845563e-09 6.515687715624401961e-09 7.680531382764589078e-09 1.327409521757118152e-09 -3.087695366072937553e-09 -2.320770787434645786e-09
-1.197116590229978876e-16 -1.198714323466836061e-09 -5.325047292592538159e-10 2.080803736837433544e-09 5.417713104995354116e-09 1.406880297428146477e-09 3.460007387181242768e-09 7.986814739593140121e-09 4.370333563944758043e-09 9.361991235758887414e-09 4.096185945426771974e-09 9.933830997933221949e-09 5.824395674747850259e-09
-6.189608773173819604e-18 6.666569215722746976e-10 2.994914581094240508e-09 4.375782622068519440e-09 9.992328324397743290e-09 8.862802568545626348e-09 9.574310472844361889e-09 1.066027224361971516e-08 9.894170851789772169e-09 1.292200121185659040e-08 -1.977471283031976884e-09 -2.982774261354301750e-10 4.607229390513775107e-09
9.356051347688271418e-17 -3.323571647777345676e-10 -1.420271445723589500e-09 1.295715108902261721e-09 1.128818581502385108e-08 7.432048376412241420e-09 7.546515542067021261e-10 8.097815404149122901e-09 8.800370654223618205e-09 8.467383531388243970e-09 4.644569229104365954e-09 -3.039272588193613886e-09 4.570019194107736026e-10
9.143945265302299216e-17 1.778002570738211066e-09 1.000130335021436264e-09 7.419610397530681727e-09 5.640278550364661580e-09 6.027042834754986432e-09 2.128445454414597400e-09 6.666425347805427663e-09 4.297599145222702191e-09 1.043997411317341492e-08 1.492709034119881121e-09 3.925908826330704662e-09 -3.933321745672906091e-09
-1.948001292684958709e-17 1.450929204692059629e-09 2.844366649042182690e-09 1.729291632365547080e-09 4.830927008185440467e-09 3.579530442214024845e-09 4.857523466371981225e-09 1.036083627612874546e-08 6.854789841103478143e-09 1.584729972302176446e-09 1.339302916718035909e-08 9.399564827517618951e-09 1.891812530921707302e-09
-2.596167035843812099e-17 6.271381289855370227e-10 6.874753385237997387e-10 -1.586142807490573253e-09 -1.022416672502048808e-09 1.107771813102931607e-08 1.068975575677035337e-08 1.349316495510343068e-08 9.795762909187893130e-09 8.418971440735930326e-09 1.726530280318458166e-09 1.042067777838701402e-08 3.345331085044811104e-09
-5.921154268716733049e-17 5.015568600858723541e-10 -8.720612140855962112e-10 -7.890422815553415223e-10 1.591926614605336639e-09 4.431220560153877865e-09 4.913215475598219678e-11 -3.872164404620607898e-09 1.209328016563876794e-08 1.175928872794026916e-08 -1.746841555232001556e-09 2.182365971536832736e-09 3.626833587402280276e-09
-2.470748741914833428e-17 1.255927045644317235e-09 -3.070172462851254509e-10 2.492939370187718054e-09 3.877907457228499262e-09 4.291980610982627627e-09 4.803686703021656001e-10 9.422547127797120557e-09 7.165491509959621325e-09 8.111030958164290588e-09 5.719779870463746311e-09 -6.023372170498469380e-10 9.037201999928048865e-12
-1.713782841121962150e-16 1.223852090833754705e-09 3.082282126616971922e-10 1.277334882633121442e-09 2.211345744023136700e-09 1.069388898767393257e-08 8.580813137295875640e-09 2.098868169031345578e-09 1.547928858528033070e-09 5.188819322786895713e-09 -2.561550796966256742e-09 4.384587438840122614e-09 -1.231374147387324535e-09
1.170106411369659304e-16 4.254302535778835838e-10 1.838759409931792574e-09 3.513896004644122005e-09 5.494585151142660527e-09 1.477283581472717030e-09 4.136599243355362089e-09 2.905527585697665936e-09 9.878139193816408565e-09 -3.344050035462853045e-10 9.327002148297666862e-09 1.236825562531917898e-11 -3.765969215548719660e-09
-1.376368392822492230e-17 -3.643892845718277037e-12 5.150031018097253232e-10 5.443766785286521466e-09 7.780284660656382309e-09 1.099288136184006705e-08 2.526314258691206389e-09 8.933218752666779739e-09 7.668036411013292379e-09 1.298516436926160905e-08 5.461555182187811183e-09 1.475971964412970999e-09 3.116659389564150099e-09
-1.057414331988604493e-16 -2.036644945154717066e-10 6.876979371344349495e-10 2.700562086773101877e-09 4.730782513992938427e-09 4.270789335248936726e-10 -4.151953233441001900e-09 1.164252993605721100e-09 9.080713827978196530e-09 1.011053605704797969e-08 8.717868278555494905e-09 -3.318439644411538790e-10 1.895869592805014149e-09
-6.173921651570721060e-17 1.661327651249123754e-09 1.647384945717347733e-09 6.934287740956204566e-09 1.439219685710603425e-09 -1.174442570790689128e-09 5.030347670463528716e-09 1.163759177882085300e-08 3.185002894160342852e-09 5.634312357200694583e-09 4.711263122528623268e-09 1.172848298541498367e-08 -2.630752975924846609e-09
1.003870691439958462e-17 1.115518591953597343e-09 2.112111632528186223e-09 9.355857492455607014e-09 1.157764766575531957e-08 1.023252465599355010e-08 9.955978181806181895e-09 8.374683515192441417e-09 8.538485518336937506e-09 9.666853782443888427e-09 1.602883836118949676e-10 -9.111199996757980289e-09 -4.091181447150366075e-09
2.948816853341697143e-17 3.323417810170505449e-10 2.437445095195130523e-09 5.084459504828327974e-09 2.764943072480792574e-11 3.763090767384662522e-09 7.458978222498206378e-09 8.195466229215818705e-09 1.593988116448147758e-08 1.155633236675184201e-08 4.845223304862261693e-09 6.368984805474526080e-09 -1.397848869800862283e-09
-2.294443986931782159e-17 3.451222951099604595e-10 7.545690688848280863e-10 5.547479364576171184e-10 4.267125673602476902e-09 5.467016043157876704e-09 1.012862220967246733e-08 7.814827459421826649e-09 1.201686356857264917e-09 3.401196933070362886e-09 4.982148888942540601e-09 1.628639830736328409e-09 3.440537198943465497e-09
-1.536442071686865853e-17 2.230770114772924794e-09 3.591747356226006194e-09 8.546227782218011403e-09 5.902380354266700324e-09 6.684752308220188823e-09 8.103767914655420073e-09 1.131623942320949066e-08 5.076071395964549606e-09 6.396117497820054070e-09 2.294721367057250185e-09 4.696591296416963999e-09 3.097369727144579829e-09
3.019984803778296431e-17 1.741616926003372442e-09 3.320822040084991261e-09 4.108885021212425103e-09 -2.793213640892057418e-09 2.437505963163768133e-09 1.223112711400241418e-09 3.016586833776630362e-09 8.992439844026443214e-09 7.246055919514394647e-09 1.144938463192209867e-10 5.634667578420709465e-09 2.303548803059423864e-09
-1.016739157416576563e-16 -5.837889178227771645e-11 9.367291168700037136e-10 9.501072680300583885e-10 1.643136967873995713e-10 5.003089792105565950e-09 7.577757069809939617e-09 -2.379798451085682323e-09 6.580644851662465558e-09 7.968177984718624693e-10 3.209690274703930544e-09 1.231312781899937436e-09 7.896374231387774793e-11
-3.500197194920867954e-17 1.788089563750120169e-10 1.258045731566029107e-09 5.774651015217298054e-10 1.065101324932887199e-10 6.412556551554491747e-09 1.040349464781514826e-08 3.623520439377608845e-09 6.628913105393081698e-09 3.040373311862478189e-09 -7.104245157865388978e-09 2.622359642211794186e-09 3.074599629254521586e-09
1.470242245464520844e-19 -9.151794473201031651e-11 -5.339272848160482034e-10 6.983663550137968917e-10 4.088288384040136614e-09 7.791998107348137160e-09 7.194208486972443489e-10 -6.851569819366962992e-10 5.623350741364976650e-09 1.144088879671536899e-08 4.608938255421091378e-09 -3.149877234422318641e-09 -5.924727828983875126e-10
-3.702025018356983074e-17 -1.035282716019784824e-09 -8.220811916440194464e-10 -2.999942651866144691e-10 5.128729270604429337e-09 6.708535823913096659e-09 1.002889572839797550e-08 9.544601538139609734e-09 2.371931196535156378e-09 5.135254741201783049e-09 3.633171873021498906e-09 9.498910958827478476e-10 -2.755948972581833706e-09
3.460989055607427951e-18 1.194673971058014746e-09 1.494474406576383310e-09 5.886588645526984877e-09 8.383608315118252711e-09 6.250687684691847074e-09 1.797645676121894888e-09 1.396399426773588639e-08 1.191523177655190680e-08 5.713387431678170154e-09 3.633660034786569094e-09 5.253354753430568351e-09 -8.360433702306034365e-10
-1.088142111237808956e-17 -1.540540860537133031e-10 3.122726891388799471e-10 5.751834638877635405e-09 6.817738542888228269e-09 9.246988816825750079e-09 1.024246097167909578e-08 1.314557399135130615e-08 1.382771259262242163e-08 4.010249108539551259e-09 -1.489651208953229956e-09 1.028475214151618949e-08 -4.534980180222617013e-09
-1.867712110775408112e-16 1.979812514404016520e-09 1.646919661807360760e-09 8.686032505476457617e-10 4.678435552137833875e-09 9.098541421786298200e-09 6.759604914440050196e-09 -3.176160897437594017e-09 2.811868972342787142e-09 4.358236615266522508e-09 -2.629528512532379011e-09 -1.196371510980785344e-09 7.776751360173469403e-10
-1.639180557127204407e-17 9.188463788542191839e-10 1.620469106814383381e-09 5.102700972059640586e-09 9.574257665507822124e-09 1.226444696912432564e-08 8.442173628904583590e-09 5.479209060226658338e-09 2.160752800728664303e-09 1.118914588691427145e-09 -5.744170392103637868e-10 6.698355942965150631e-09 8.389426070197350941e-10
-1.641513806480012739e-16 -7.035534848463730488e-10 -7.938167682158314297e-10 -2.948615084750073192e-09 1.286721263617835613e-09 8.083226923311392117e-09 5.681738070579026172e-09 1.237119988555888029e-08 1.822266333543078996e-08 1.076706195227367015e-08 1.998085412610811658e-09 1.651998288281581201e-09 6.375591487656940732e-10
1.786043864888722662e-17 4.782632954577252067e-10 7.708926672761944512e-10 3.820576397022515971e-09 6.514496343419491059e-09 1.174144236689710981e-08 -2.877006848536203407e-09 6.721242267636755975e-09 6.158667846876331015e-09 1.627977801448738310e-09 1.850831755779377399e-09 5.781872918073886567e-09 5.729764165314344056e-09
-9.765027337754175907e-20 4.020061723390419028e-09 2.736509452968649397e-09 5.238369083139920543e-09 -9.573637673290469676e-10 1.178781580666975936e-09 4.464763909345258051e-09 7.537493460193077914e-09 1.185489414237088620e-08 9.115940654353561225e-09 2.119640485657413706e-09 7.115433834578189925e-09 -9.497793436338050084e-10
-3.589728109148830918e-17 2.497950366038196263e-10 1.811211857103525556e-09 3.355990785681618115e-09 5.337708854292979917e-09 9.108573726714729754e-09 7.238061651540289538e-09 1.034111936893201909e-08 3.709287300822345004e-09 1.880361415947137626e-09 4.437563168897977033e-09 2.676281548408222292e-09 4.132259221464901086e-09
2.680299972574900401e-17 -8.157851324668212809e-10 -5.692128184165059140e-10 3.025330789692022397e-09 9.145693800210300387e-09 1.130843946978317549e-08 1.246366695907770555e-08 1.071907801389518005e-08 1.702082652143863216e-08 8.124269378655559193e-09 3.244843236317226160e-09 6.638065253068715320e-10 2.125347460991607330e-09
-6.085464918286462509e-17 6.887424387808637357e-10 8.317643492064682378e-10 2.533266977263671716e-09 5.067627567385590141e-09 1.160915649134924111e-08 9.891584912415350878e-09 5.292627113468023273e-09 1.213453996541231097e-08 5.854435786041388173e-09 6.308907914297780529e-09 6.034131689774557308e-09 1.029500472589690157e-09
4.624830701660444231e-17 5.199833770377352832e-10 1.561831105216433703e-09 9.679778528573489513e-10 5.000224176140372713e-09 1.395496008662467850e-08 1.062102069480367415e-08 1.102782392225768460e-08 1.469371503608891991e-08 1.240481866286789144e-08 -2.677013995984642046e-09 1.721081527790686825e-09 2.204268777502543438e-09
8.524156170284779232e-17 2.142926777393524411e-10 1.543295314782032068e-09 4.035192235813628633e-09 -1.662845975982940025e-10 -6.793877232747405731e-10 9.626924108491761462e-09 7.093361089678199128e-09 1.180714621811152332e-09 1.011573899647479172e-08 5.207006986583879547e-09 -4.735338630776453560e-09 -3.282036423586783915e-09
-8.822977991019395063e-17 2.736025914351312271e-11 4.834182765071677435e-09 7.148497350895833562e-09 4.916983683862204267e-09 -8.978591401020454818e-10 9.634993834253282410e-09 9.932997555309601598e-09 1.117188367390296952e-08 1.048365504892850316e-08 -7.811355633044802176e-09 6.054506728578675948e-09 2.027867039129300791e-10
-2.527122202743663472e-17 7.868690070808672394e-11 -3.439518704871483042e-12 2.380049019469300610e-10 2.275306457440958807e-09 9.144150341404309459e-09 8.822714640221133520e-09 3.778461772553761762e-09 3.238790911897008724e-09 1.604625649690529987e-08 5.850824971109604763e-09 -5.734648585411147276e-10 -2.004355387348476096e-09
4.262496510515895757e-17 1.266948735353228769e-09 2.940585711619931273e-09 5.198357614485569813e-09 3.428780567298876946e-09 3.276423510967776362e-09 1.471299559290090707e-08 1.357706236700225803e-08 1.504283882500727399e-08 9.096308323362837801e-09 2.347257975492699166e-09 1.149155765385618619e-09 1.975148988782307831e-09
-1.404298056042665233e-18 -9.672445160146875047e-11 3.323113948623294078e-10 2.408144574669870387e-10 3.467615260664996596e-09 6.364221765930495549e-09 5.717889677455700188e-09 8.389060783353088842e-09 1.218767666345584464e-08 9.831167214916606730e-09 3.393510972321650181e-10 3.856727964447428163e-10 -1.777778774079110845e-09
2.903763642379271454e-16 8.906041485582832686e-11 3.083697620187254001e-09 1.077963771859432027e-08 7.180333434706547190e-09 8.986587504810173252e-09 9.311585494355833501e-09 5.123042060330848047e-09 8.932029251865671530e-09 9.742938980636203498e-09 1.533992796906054062e-08 1.161609393492584905e-09 8.285620925137296430e-11
2.276151916478700816e-17 2.163322812907033295e-10 7.150554553691423802e-11 3.056136925514406673e-09 7.186805412141731850e-09 1.026290132541005597e-08 6.548469894069593325e-09 1.051900698990530156e-08 6.890800425737687898e-09 2.944200006899380134e-09 1.164794149171406301e-08 -3.121146103564013671e-09 5.036674328698556825e-09
-4.548081815245595457e-17 -1.487323354402976544e-09 -8.119204105706775819e-10 2.197837043042005071e-09 5.811690774778509628e-09 7.569445711268130199e-09 9.774072640242739161e-09 9.387104911823135986e-09 1.077088661451285362e-08 5.587763757763425163e-09 6.213219363442793764e-09 -3.156891395630407532e-09 -7.972875729424753869e-10
4.152692240874891490e-17 -5.972197999299524533e-10 5.666717368291890977e-10 1.430120193765299925e-09 2.636782611878788883e-09 5.012027777591221669e-09 7.708278616841441679e-09 8.645332206967362818e-09 6.559317008085565092e-09 3.064708510054672129e-09 4.395855544660922602e-09 2.286992062419220659e-09 2.683554883216324853e-09
8.097756542045142072e-18 3.487907186576483490e-10 4.401905078236051979e-10 3.431448432687062317e-09 7.487377044141294518e-09 4.525460854386392032e-09 1.032338069601922121e-08 1.033152831828286503e-08 1.387032509188426022e-08 1.265944010701826096e-08 -2.993345620310087820e-09 -3.245357606833251472e-09 1.006209173937021760e-09
6.684699882120581676e-17 3.551598680210907721e-10 2.450438723386482550e-09 4.574805824271063791e-09 8.312840722360763450e-09 9.499266117396119493e-09 9.870031467901330929e-09 7.109728870405770705e-09 1.256975939850990903e-08 4.515789301277692497e-09 7.646023490803935872e-10 1.161469618001509394e-08 3.305290467926168138e-09
3.545786260160542990e-17 3.728420224427303057e-09 1.994988685691347825e-09 3.952027296125025290e-09 3.727704013698491750e-09 4.482065248111205188e-09 1.130610189196196655e-08 6.850601102439013835e-09 1.242449823316849593e-08 8.116850406898133204e-09 6.123681635682628770e-09 3.218818393498515650e-09 -1.365533847982433203e-09
-2.061529594455942298e-17 -2.400782560149514651e-11 1.311505682415710608e-09 1.164934568318600844e-09 5.068158193520517500e-09 2.586537584713500969e-09 6.090891821499054432e-09 7.254148242304189594e-09 8.703579386475452705e-09 8.059308966447877296e-09 3.987446909175294731e-09 3.828276002106848775e-09 4.647126133258720401e-09
-4.533003203513149334e-17 -8.323579525610984933e-11 3.374478324949928894e-10 2.407097524739358830e-09 4.353087972560127887e-09 1.654097783768393894e-09 6.310881359786267579e-09 2.807133117211840182e-08 6.945822490018466431e-09 5.801574777133316302e-09 -7.400497576184029934e-09 -7.121041428184965569e-09 2.397212135723184090e-09
1.187187657703216483e-17 1.253929316087980299e-09 4.702381230990849824e-09 5.944429203418346080e-10 2.915652999918107964e-09 4.936505653313052126e-09 7.455085366036268793e-09 1.080902101444893066e-08 5.259799708156391560e-09 5.037254093804137434e-09 1.119429172825861676e-08 6.980853721231721529e-09 -1.776339332111032755e-09
