-1.273871491396365137e-17 2.342708333565295962e-10 1.728070835976212407e-09 -3.370331123672960688e-10 2.231492235011610145e-09 2.907233382144689761e-09 5.044443760185336645e-09 8.562757303852215555e-09 7.620374928981965308e-09 9.016942998434553052e-09 4.729493261276432760e-09 -6.503672341806697311e-10 -1.751555852347857011e-10
-1.481633836471878952e-17 6.124028451949592655e-10 8.103117125875007107e-10 1.374199935860177768e-09 4.269352349889027797e-09 2.880126191184819435e-09 4.258994602047749518e-09 5.714540309662869237e-09 7.502640484634809732e-09 4.712190802185939422e-10 2.198849617137847210e-09 -2.379219951200413567e-09 -5.827521383728671810e-10
2.554952587814030329e-18 -6.301991374372098461e-11 9.908181761972901019e-10 3.029890705195960850e-10 3.861113782236288580e-09 4.803950100960223693e-09 5.075373277008603215e-09 3.390397865274385837e-09 4.746394848365764162e-09 3.013210882475781735e-09 3.590356103974328627e-09 1.333764852566719778e-09 1.852369339543677999e-09
1.326405115248151842e-17 6.816058426338818962e-10 5.592136114985717122e-10 1.849712295879021265e-09 3.510007704111988084e-09 4.006550535517791064e-09 2.927177255107469054e-09 5.490444383338756950e-09 5.110131766364500922e-09 3.417897273750608944e-09 8.013763326133683361e-10 3.782954807741293871e-10 -2.458439783681316748e-09
-1.189507422343545244e-17 1.862121031854603830e-10 1.181011476009802750e-09 2.535249732373725612e-09 1.203201273585651159e-09 2.638269325211929486e-09 5.736038676228921108e-09 4.014422199441742584e-09 4.132229729538207548e-09 4.306652202928782772e-09 -8.961438189918846163e-10 3.404721282954401826e-09 1.087047697665971324e-09
-3.583733362781227249e-18 1.477941257473596016e-09 2.434278979072070443e-09 2.776719584929545320e-09 2.884847830307236460e-09 3.361555365213758827e-09 4.836379586189072041e-09 9.035504255162615132e-09 6.954190972770182305e-09 4.625066796966249599e-09 2.244590172072340638e-10 2.209691144484369603e-09 2.506516761578875396e-09
-9.920353036227662296e-19 1.677567859438717793e-10 2.422293760341142226e-10 -2.145119736151440417e-10 3.282574844973992347e-09 3.971103894832960541e-09 5.086419316314329865e-09 6.686547661672896846e-09 4.156591416301875383e-09 5.104211380851745852e-09 -2.136409030751293501e-09 -7.374376471965205687e-10 2.341511064523443259e-09
1.183964262300322891e-17 -6.107405846666289691e-10 -9.299963428180089521e-10 2.180409498922249026e-10 2.566350233799721895e-09 5.002374264712974779e-09 7.384002203413555203e-09 3.431524162928821637e-09 6.007319783486750893e-09 1.031762856973563567e-09 4.592856171694626204e-09 4.121105769215455198e-09 -1.652522258799266829e-09
-1.681021206376223417e-18 3.139760772534812517e-09 3.068614501473286841e-09 5.308834185827827560e-09 2.196169894630502891e-09 2.060536341437626082e-09 5.171768025219751293e-09 3.572491283092293797e-09 7.895921586803980924e-09 7.955766168172763631e-09 3.075483474497453537e-09 4.052463905831078606e-10 8.439716789355190234e-10
1.466681571877822509e-17 5.776068141776590914e-11 5.679586845520020881e-10 5.883867685970710714e-09 5.130200186849031382e-09 3.361864163455450366e-09 2.787484316881865119e-09 3.191114877090517596e-10 7.535716964114772125e-09 1.708607547402045107e-09 2.364900331088665632e-09 5.419059827887130873e-09 1.094547818800873197e-09
3.673881078664485191e-17 6.532049980431953006e-10 6.668018136199802898e-10 4.595577052975389091e-10 2.436968069731113772e-09 1.535916326375459160e-09 5.585405268841256313e-09 4.443506538727256054e-09 8.742494351574067848e-09 6.797211086991768317e-09 2.279523838233002570e-09 4.964685988535797123e-09 1.264550887706308373e-09
-1.167075831680449192e-17 -4.306190282055502878e-10 1.456126218604221980e-09 2.230203973073076598e-09 3.959431233379877917e-09 4.915461402709705892e-09 6.702304411258720227e-09 4.586810619900852969e-09 2.592324888126804903e-09 3.287510462719797084e-09 -1.647969263917277840e-09 -1.188220109086340117e-10 1.900017916748365894e-09
-1.320582278041229073e-16 1.701076757509387736e-12 7.146984550606272380e-10 7.679053901130007579e-10 -1.177364269941021611e-10 1.558307209552802326e-09 2.995852059045028487e-09 7.555305801697487470e-09 6.452324014827474221e-09 4.958138953336644841e-09 -1.126017982253925827e-09 1.639902402032701884e-09 1.816604183203085408e-09
9.990981238174118895e-18 -2.639630241286496426e-11 1.960376274922177874e-09 -1.692810999199090362e-10 2.330731939343613813e-09 3.387001660765524576e-09 5.965108714601325885e-09 3.471959107051895249e-09 5.859954232448312171e-09 1.933646972971601872e-09 -1.089126072420351989e-09 -3.785246694537256755e-09 4.528795207492063944e-09
-1.375540440329996357e-17 -1.821679015975145353e-10 1.109675153497550768e-09 1.556635161280591250e-09 3.896294525053773139e-09 1.918336816952064555e-09 4.327236196556950520e-09 4.582227904549025969e-09 3.153309114119297523e-09 1.123478431086164088e-08 7.673420609715744539e-09 -3.047169423419214171e-09 8.904368185842384050e-11
-2.524186931372979963e-17 -1.433758872064566141e-10 -6.506531396858434725e-10 2.641812013585483496e-09 1.784339948508034644e-09 4.025557548065166177e-09 4.142801870837958425e-09 5.010960268151388225e-09 4.040347687294653135e-09 9.059165586615711557e-09 8.718189261398888635e-09 4.956881966418897972e-09 -2.254212133755586139e-10
-8.579258422267115407e-19 9.895481984279455260e-10 2.006242964201310554e-09 6.687379305606819310e-10 2.802144551407590301e-09 2.189381208101861157e-09 5.764706491681528233e-09 2.505630967319002727e-09 5.625492575734590330e-09 5.893967887129130279e-09 3.629742571045528162e-09 8.796943198782048935e-10 4.987263570762528985e-10
-7.510982598427093051e-18 -1.093745148951904341e-10 6.139655912438724335e-10 9.598772013601342548e-10 1.947257736843121873e-09 2.935300851679385764e-09 6.210929471927256890e-09 7.827511458390358931e-09 4.997621176332689625e-09 2.446706064294837491e-09 4.230273737764597568e-09 6.844936344210138359e-09 1.097607205579396546e-09
-4.674962203496887090e-17 6.291704977075204903e-10 7.847768247088767552e-10 9.711515644726236208e-12 2.313845367153685243e-09 2.938879993678124195e-09 5.409818385067800252e-09 8.495766431081038968e-09 -3.759134918616373667e-10 7.670016251925944053e-09 6.090974566344812534e-09 2.871031212067990795e-09 1.065256023588476539e-09
9.219192286738434641e-18 1.911602960004938060e-10 2.868507626813682953e-09 4.056973527111784440e-09 2.786210289667254901e-09 -3.009336885878764062e-10 2.653174852019542177e-09 5.131367335296152633e-09 4.520382145217935206e-09 4.278737155570728458e-09 1.582356662507165115e-09 1.068575845039188141e-09 1.516013873227028535e-09
7.798683697330069816e-18 1.164494962657319938e-09 1.216407496759814602e-09 2.814611194720936260e-09 3.084714692027641156e-09 1.944259333438252914e-09 2.764753068879168014e-09 6.329192891010372570e-09 -5.566805028464458843e-10 6.973589602097002925e-10 5.064017687704700257e-09 4.013406003538141475e-09 5.381635824214845903e-09
7.522143047333643433e-18 3.881638374692426690e-09 3.745626742505158231e-09 2.736416701382092379e-09 3.958588144989092367e-09 4.171148945853857362e-09 1.775589808582034223e-09 5.541447743996511953e-09 7.758724482309511809e-09 7.119595372088428341e-09 4.608668699709283619e-09 1.547063265069387630e-09 2.734719326597277113e-09
1.436134792344573499e-18 1.107129372222416724e-09 1.635630096282798700e-09 1.273626694342740831e-09 1.175430959209300409e-09 3.378950364840323611e-09 7.305151318140594592e-09 5.695049031122389912e-09 5.574086159671541455e-09 5.158614882637989049e-09 4.315275817318260605e-09 3.777892056681158799e-09 7.605989971865354305e-10
-1.493535181620493726e-17 1.291724516262635281e-09 1.087478110575865264e-09 9.089024783451775380e-10 4.273889226695532252e-09 6.110573026572240446e-09 3.511642627168859804e-09 8.021433205580600747e-09 6.733844035487004516e-09 2.393403457105466459e-09 1.772731291684100949e-09 -2.617595095359511208e-09 -1.170909501318411216e-09
-3.691839402232538972e-18 -8.015804632945004431e-10 -1.331273856849938365e-09 -4.231378529345639843e-10 2.596383892537825525e-09 5.479696383053410273e-09 3.981621667317772920e-09 5.778778872330470850e-09 2.731380116754430565e-09 1.703843195179967046e-09 2.233877425439223134e-09 4.392413230836692620e-09 4.486065860556195171e-10
-2.601109984923875729e-17 3.602067584668055673e-10 1.044337304110898946e-09 1.474071855936806187e-09 3.218864287182019065e-09 3.590370513154856803e-09 3.936478294630182429e-09 2.259783321024160575e-09 5.815742344703598462e-09 2.094599292890443401e-09 2.567708924944564099e-09 5.676437613865748560e-09 1.740769578336673758e-09
9.919187127789681680e-18 2.069888382517442983e-11 7.581590723550055525e-11 2.493259773789159021e-09 1.879993708464149791e-09 3.490215724539932330e-09 2.117936156087197562e-09 8.037615498610401520e-09 7.872107706492604024e-09 4.592133764275450233e-09 2.724082384689581183e-09 2.317291842615262093e-09 -6.122055526821113467e-10
-1.581906914522694202e-17 1.439849082647407766e-10 -1.479251486312428420e-10 -1.022603242686071678e-09 2.232911043268264608e-09 4.157509876919746831e-09 2.057205073089222612e-10 4.755605350695546861e-09 6.509506774476782205e-09 5.429334312705049219e-09 5.285662013865439595e-09 4.911384451344344088e-09 -1.727668235929979452e-10
2.499606758317622225e-18 1.002634115375104394e-09 1.228665686822553480e-09 9.409585882778665756e-10 1.301460543142487372e-09 4.709873305679330071e-09 4.432095005677128403e-09 4.118254163861132527e-09 5.214902812898684223e-09 4.034990452192036564e-09 4.239177765952665677e-09 -4.005842477531023220e-09 7.950047362691099660e-10
-2.504656641029279537e-17 -1.188429648083476796e-10 1.118301125672413364e-09 1.927364940238461627e-09 2.505780098543952883e-09 5.425963574892040986e-09 5.723382815150620043e-09 6.444390366524080058e-09 3.608053436503355541e-09 2.069193428859822664e-09 1.163618232653655928e-09 1.637920240049255400e-09 -2.909710321561748072e-09
5.515147215292527270e-18 9.810651218499557117e-10 1.930594935475843310e-09 2.189692087160619538e-09 2.581354499038406437e-09 3.283743961553124178e-09 2.562533330155342024e-09 9.236434316916093591e-09 4.695183462322946106e-09 4.547225385144366426e-09 2.426979934423656168e-09 4.202390089289006613e-09 2.341729626415703718e-09
-8.741466188315706345e-18 -1.785820295946840211e-10 1.842275691249269220e-10 4.672233624019040460e-11 1.721215290757415668e-09 3.961824393175587511e-09 5.346721203926311511e-09 8.696542635911270232e-09 8.675261267567512616e-09 3.045760921426134649e-09 1.429341783190396763e-09 1.711644919468994978e-11 -2.583515626830249228e-09
8.038216095235379924e-18 5.587066321311254945e-10 1.372303500510701296e-09 -9.424730646703785123e-10 1.466801493674216713e-09 2.723314320505550446e-09 3.054588693406160244e-09 3.974130371955505840e-09 7.951993563205547485e-09 5.391301708076016102e-09 7.147502295088674554e-09 7.491054600039479795e-10 4.923558758569393366e-10
6.206024984649874650e-18 2.435612922069705474e-10 4.453569593904350488e-10 1.302366906598334511e-09 3.104831715346625702e-09 4.417114725502179404e-09 7.198762027785539285e-09 6.596539447696072743e-09 7.723843686367029547e-09 6.187236825665463545e-09 1.670478914211702078e-09 5.758289838361890482e-09 3.841901971637839560e-09
3.694312837526754412e-18 3.555055013718044015e-10 1.008521053754321618e-09 2.444516433726691304e-10 2.184077300146333355e-09 3.100583071813023447e-09 6.937833056969525600e-09 8.409530878785444301e-09 4.347302488806856278e-09 5.837956100185377760e-09 3.736629706910295848e-09 1.814562262649887076e-09 -1.708010811152052974e-09
4.542878557227265652e-17 9.173025180162065307e-10 2.621938389324716434e-09 1.443607297829917625e-09 3.976005169428118752e-09 3.378155810616139535e-09 5.248459112653485240e-09 4.985158703740482376e-09 4.595699501991734704e-09 5.236829916064559252e-09 3.831355904750951375e-09 4.073784899139319275e-09 1.003360172461886030e-09
-9.701299676925123317e-18 9.420479599210860440e-11 3.901925039459831123e-10 1.515601452471930687e-09 3.757187483122087211e-09 2.503583714991251177e-09 5.158236520310674533e-09 5.166969629039037606e-09 8.537502580221716511e-09 1.779214637031648197e-09 -3.102436796520859840e-10 2.420404291481841458e-09 1.758874463920153020e-10
-8.250298158323437023e-18 -3.367298193102620729e-10 1.380199218500253814e-09 2.193159091240610635e-09 2.939223287384652686e-09 1.448348408551168567e-09 4.668542023091079230e-09 4.418175878093103417e-09 3.037255139652121104e-09 6.800728480705321810e-09 4.044789563650445395e-09 3.881755222914771842e-10 2.720230931943197734e-10
5.455330668443452552e-19 5.547561293947418977e-10 1.990317554729624204e-09 2.582467899878824894e-09 4.946159440316953893e-09 2.220381574247411872e-09 4.868149744911758014e-09 9.195879731713967166e-09 5.556376519078682102e-09 3.887462669397300735e-09 8.217067646090537747e-10 4.735302470769546821e-09 4.357542402428868392e-10
-2.759869835270831921e-17 5.890103585048921016e-10 1.896354731964096265e-09 2.409334686247941827e-09 2.463556941673707221e-11 2.975577601916071903e-09 2.833051751031001217e-09 8.049682067955109621e-09 5.230040250960867002e-09 -5.846971923752812349e-10 6.987456088494699137e-09 7.004911307620682179e-09 1.450991737099421975e-09
-7.074336895658934833e-18 1.060643464362294617e-09 1.020311760469955580e-09 3.401935290260821057e-09 1.657569990445113593e-09 2.561777775327273526e-09 1.642767733658352179e-09 7.209427653895619571e-09 8.937845266634638349e-09 5.218984835671208919e-09 1.250124083164451190e-09 2.822366752081520026e-09 -2.139734220868927378e-09
6.108346232189373536e-19 9.286144676003894919e-10 1.173645185761977822e-09 3.102573833309151622e-09 3.356588977099324394e-09 2.562357136747301985e-09 6.335974909071460546e-09 8.225200119548149082e-09 7.319440999229126415e-09 3.898245018446025001e-09 3.282660264963550034e-09 3.235315652459388917e-09 2.530028961473408558e-09
-5.980540084150692050e-18 2.070146771355132997e-09 2.094093421693807078e-09 -2.698242034192647473e-11 1.441094172742654839e-09 1.884023019609754473e-09 3.778769543834108480e-09 7.029374581226999423e-09 8.033066497145101480e-09 7.850303850134296969e-09 1.239121245029613088e-09 2.541700116233152810e-09 -4.483629230950294595e-10
-2.068903957403075547e-18 8.678676062210967424e-10 5.628659115060773339e-10 7.020203995743193580e-10 1.227292315178131982e-09 9.934100522125271935e-10 5.119966653819660974e-09 6.368286118506696033e-09 7.860035106040784385e-09 2.489897683986580273e-09 -2.744364780773776608e-09 -2.089633143546534269e-09 1.517801447444181808e-09
6.881089549754139114e-18 1.883856175102775710e-09 2.509840856470437485e-09 1.415252147028006142e-09 2.744391682530072017e-09 1.835904495623990214e-09 3.279803343238294407e-09 3.516524716516472890e-09 6.859609767720425127e-09 6.033732368584905749e-09 3.873730474277957526e-09 -8.387081126900392760e-10 5.159294086987221548e-11
-1.752866455011138231e-17 3.147959561360957738e-10 1.985663892102905812e-09 3.550803974553387203e-09 8.194975265593802630e-10 2.258443091247943631e-09 3.919683237626762380e-09 1.584026495240336250e-09 8.749479274159443711e-10 2.845082265979371837e-09 4.393153737663824801e-09 -3.295408763964695758e-10 -2.317921946147878613e-09
2.643394322709397307e-18 1.094875455301049040e-09 9.817827073824834945e-10 8.482024760152472492e-10 1.088239998405996860e-09 6.820830589040659346e-09 5.448784709513567723e-09 4.506956451280802760e-09 1.046829664146364921e-08 7.874136674636968668e-09 2.345905121608836920e-09 4.018420093216322295e-09 -1.544901046003832387e-09
-1.710940795336014432e-17 8.306293145998212938e-10 1.637252670610836704e-09 3.575908872744973264e-09 2.022569892235075208e-09 3.932867050647202010e-09 4.882698154358831063e-09 5.604599880424495592e-09 1.512853024212135835e-09 3.304413592428155843e-09 4.703022857371074099e-09 3.816671346590190113e-09 -1.185339936288928581e-10
-6.367600812276579422e-19 5.145180842340513777e-11 3.850904413348445740e-10 7.343256255890620298e-10 1.174007530638615404e-09 2.637648471305582065e-09 4.365448963214908976e-09 6.693782374501707175e-09 3.759463260539196242e-09 3.102541075807416633e-09 3.893276550615627680e-09 3.825283011647223707e-09 1.683840282767767479e-09
-4.338334443865113168e-17 6.814220192754210229e-10 1.670121762202582828e-09 3.465722201489189986e-09 3.551012029696387771e-09 2.698610502232930848e-09 4.345694895485542718e-09 8.201139949851199365e-09 2.599013451188800367e-09 3.544616965929280893e-09 1.191325874290726527e-09 4.674431963200296858e-09 -9.402834312280010712e-10
