1.027335226865554788e-15 4.409675860109701707e-09 1.122034005171083177e-08 3.389046092958877733e-08 8.819860763282143665e-08 4.203670162808738223e-07 1.834293987671164191e-06 2.762559082987617164e-06 -3.532058001265930797e-07 2.160782703832213263e-05 -1.785985316465900331e-06 1.144905690057072840e-05 3.340053133620104916e-05
-5.636009664006315216e-15 3.339047934919894244e-10 1.163801096334055458e-09 1.914046278103304299e-08 8.655579100129334702e-08 3.536843476641303905e-07 8.251533939743812540e-07 2.572989085593710250e-06 3.973413519086839892e-06 3.154641786416962984e-05 6.539525846711617891e-05 2.289538522374750030e-05 3.291645636436577208e-06
-2.547760828516170442e-15 4.914243176688305779e-09 -1.098168850100819657e-09 3.148332953849217042e-08 1.624164544993817165e-07 3.180718252079157692e-07 1.102147695542351711e-06 2.728912232013757237e-06 7.830590828052499540e-07 1.163137082472290215e-05 4.036654404088075860e-05 -4.569016878345344554e-05 4.900654242988145936e-05
-1.613757702820172250e-15 2.399378596156851468e-09 2.149565854284274421e-09 2.552820147680074868e-08 1.078185510975760448e-07 2.917653326690614045e-07 1.064715808800991738e-06 1.943520292576650742e-06 -1.584649144046224081e-06 -2.095195770155377243e-05 3.951601768640621237e-05 1.947062576170652896e-05 2.928309279639812557e-06
1.728222746221917543e-15 2.808094410345375583e-09 1.856205016518940764e-09 2.231786662308118680e-08 1.493343245739219863e-07 2.569803452293539133e-07 4.257112168334921021e-07 -3.621406766432893918e-07 4.955891341744437025e-06 4.783438429025759307e-06 1.057415159469135493e-05 -2.486054832827038584e-06 5.692816897076619949e-05
-1.283151184410378872e-15 1.287617635283332528e-10 4.660917395123006458e-09 2.100929615313685152e-08 1.211112346938487396e-07 2.670062291641552357e-07 6.275061834572058423e-07 4.076711719871561456e-06 7.962080695475943926e-06 3.810493888330450976e-05 2.544158738491252516e-05 -5.628887969679194525e-06 -6.380334981287277276e-05
3.218807991394817214e-15 5.804061760541194596e-10 -2.849122778515013681e-09 1.990788396927949448e-09 1.076690500798288374e-07 4.834492291300811396e-07 1.141585259935770873e-06 3.108738195048600785e-06 3.598719477273804521e-08 7.983255497499338737e-06 9.666567783133074422e-06 2.654281534417045265e-05 6.431062267651606096e-05
8.882156267727635905e-16 5.709941189653157130e-10 3.047739030165524615e-10 2.443748914434493207e-08 8.388317736292319515e-08 2.186555955985039606e-07 2.183047656481931436e-07 2.867860194341351970e-07 2.331916888944955329e-07 2.813648887049188512e-05 9.742721677603411536e-06 4.207307987772155873e-06 2.317671431394952234e-05
-2.108498395622084211e-16 -2.298745183875808715e-09 1.201792198295940318e-08 4.579871288099782316e-08 1.349821786235692125e-07 5.491732843795663044e-07 4.629553838101769473e-07 2.320238677733420678e-06 4.148047149477890659e-06 2.374798157934024094e-05 3.457015179894177323e-05 1.322890649083907520e-05 4.868736400570819462e-05
2.209032325361984899e-15 -1.178867015331948948e-09 6.627605003578069505e-10 2.347977292857435328e-08 1.311669492622123891e-07 4.166880383193503049e-07 9.563643043187295687e-07 2.979798312917431608e-06 3.921392065971112015e-06 -3.942197753696719253e-06 -8.495952982339896074e-06 6.805593928152567261e-06 -2.478599584598120933e-05
-1.654118960267843655e-15 -2.592168352148098348e-09 2.154809072607985617e-09 6.344023710566385002e-09 6.976396241692078326e-08 3.599997467422993079e-07 1.515021503722273328e-06 7.079343015245669201e-07 -3.549288896598626142e-06 -1.495631576921711168e-05 2.438047689655815301e-05 -1.345420436419524281e-05 5.563069862417558071e-05
-4.472041445546111568e-15 1.076129773752140987e-09 -4.017429676701172773e-09 1.752644268264231438e-08 2.996392776014905494e-08 2.758230971797036005e-07 9.716050488974001064e-07 3.067540899410089820e-06 -1.424085585138822097e-06 2.904221124274280159e-05 4.055812138774883162e-05 5.125065180273159917e-05 2.351938806771712063e-05
-1.250405485342740898e-15 -6.424533154444833788e-11 -1.463211380725265449e-09 3.189516867198612689e-08 7.506262354658518352e-08 2.579744510424166299e-07 1.102444649934215395e-06 7.004555666337710909e-06 8.942155476911146112e-06 2.573429813191030751e-05 -4.289771517223062641e-05 3.569679204923761011e-05 2.686296353768454016e-05
1.504792710921053727e-15 4.160280851172808821e-09 8.705956691286523862e-09 3.778055078184543203e-08 8.128427634927701078e-08 1.619579932910404689e-07 1.296624965951774749e-06 2.994259905885620803e-06 1.743070608209022730e-06 5.833534491696271245e-06 -2.292742956180880131e-05 -1.892821167840458751e-05 5.865407240370907720e-05
1.146367092307541940e-14 2.240129240655584190e-09 -6.915367990309332685e-09 2.755671147843056627e-08 8.286733032984901876e-08 2.977321646699006445e-07 1.236736605934332466e-06 4.970789725378747195e-06 9.616363118901081477e-06 -6.000204317518654418e-06 -3.752812939900549842e-05 -2.070565251703001825e-05 4.035678675168850768e-05
-1.424216013133903849e-16 -1.031130894997821301e-09 -1.673081318711907850e-10 3.707309775364657054e-08 7.022645457897171785e-08 2.654214105412016264e-07 5.148549121367214528e-07 1.610308389401117221e-06 4.559598143652825312e-06 2.552068768110516504e-05 1.168775959365214803e-05 1.066443004259588709e-05 -4.911277199523222622e-05
-8.078919348578040213e-16 1.854268796617588453e-09 3.451026043494242893e-09 1.916023909314578222e-08 6.981742013836306749e-08 9.837743122591259062e-08 1.236526171865038435e-06 1.992280867722986790e-06 1.354584032401015775e-05 2.336085744584048870e-05 -2.631838046552747542e-05 6.529993853812404833e-05 4.282429601463214009e-05
-1.439393033553498793e-16 1.983773258371866305e-09 1.355155629732227444e-09 4.254705126281096077e-08 7.580657877135311067e-08 1.958451249444439771e-07 1.077864025580168581e-06 4.099715524132119235e-06 6.784686481043355388e-06 1.562672462884090192e-05 2.839896588117698216e-05 4.121367217945327930e-05 6.096983268661185386e-05
7.032234314866602336e-17 2.173800380920301418e-09 6.053439494708267521e-09 3.026136124276719456e-08 8.421392049990071686e-08 2.971288216033152830e-07 1.274112180065155877e-07 1.705915835796663072e-06 8.814378877299116320e-07 2.079455530296377250e-05 2.082943588443374793e-05 7.295867510138835459e-05 3.363470634370043172e-05
-2.568933541241138004e-15 9.927919600527177565e-10 5.097848579870777443e-09 4.371789519340341441e-09 4.568426060052925763e-08 2.122711346322872170e-07 1.516357300207525726e-06 2.501026586613689293e-06 1.053578209252344078e-05 1.667578047859051091e-05 -7.652509179358265659e-06 -2.550304849683065575e-05 -1.120922297595463428e-05
-3.651591055504075460e-15 -1.731722150350437915e-10 -4.165295291195056355e-09 -2.108132880706225141e-09 1.382280533881763192e-07 4.089760377303819759e-07 4.532618723180420101e-07 3.466359898521560086e-06 5.606279267633585171e-06 1.988430230534407212e-05 3.705743851787248391e-06 -4.845325057660048980e-05 -2.086040509105752724e-05
1.505385567861959757e-15 -2.433799438581230256e-10 -2.974656461093913368e-09 3.071810489687511632e-08 1.579320953844062773e-07 4.997666995552211743e-07 1.094080052733334117e-06 3.151845840586300000e-06 4.360659419272520876e-06 2.491933583435799993e-05 5.733700903656465867e-05 -3.273925774137399894e-05 -1.440102273970379656e-05
-1.422782329944151796e-15 5.994007924527552510e-10 5.362798241971423015e-09 1.825971737850362263e-09 1.052083109708810071e-07 2.013798419038983979e-07 6.667484086165643418e-07 1.369352198415128937e-06 5.091475620457466773e-06 1.065800247568472030e-05 1.053215535550725551e-05 4.730864328435730940e-05 -6.388357474913679073e-05
1.496239222239984912e-15 -1.042616407224095676e-10 1.087087704320274081e-08 3.027711531360132329e-08 1.027541392810796079e-07 1.227348104074893058e-07 1.439492474552712036e-06 3.630339385440638643e-06 3.033294792184044157e-06 -6.339748253961596764e-06 -2.315755362212296685e-05 -2.047862631554393551e-05 1.281565455771399814e-05
-2.946323394967457811e-15 -8.176107701157993402e-10 -2.617355314863664983e-09 4.535591458553140857e-08 2.479780524539633927e-08 7.465798643721221030e-08 1.419635840039460429e-06 -4.783928327974432846e-07 5.883075246457489948e-06 -1.579763225954397004e-05 -4.358121923082765123e-06 6.516389811243264874e-05 2.385760220304200237e-05
-1.859433093728145011e-16 -4.704731867419621869e-10 1.820458532552982289e-08 1.120153423245394038e-08 1.043599641187130220e-07 2.589925788714432717e-07 2.163603419399887311e-07 2.434529215789755667e-06 -5.225225974212825239e-07 -2.725072273416288308e-05 2.749063342274005709e-06 -3.877686302134015838e-05 2.528337063761485628e-05
5.398447952218173095e-15 -4.297571043316617950e-10 2.355710173369200166e-09 1.484117634238057913e-08 6.676584710242112423e-08 3.399693716222284319e-07 1.325883384813817349e-06 2.498710485885624322e-06 3.758407993963708740e-06 6.712014004392291286e-06 -1.376266250686453996e-05 4.338308265791262700e-05 -1.993631691286844463e-06
-5.300325468891101492e-16 -3.300784231051288526e-10 1.390876869815644575e-08 1.921221431092532285e-08 5.888990383116226837e-08 4.210839431294358645e-07 1.014267714274350751e-06 3.471054779765215991e-06 4.566981735547241713e-06 1.876944662834292762e-05 5.329981099925940616e-05 -7.543681890284351114e-06 2.687318735205330666e-05
-2.390537743721781855e-15 2.064724264815512828e-09 5.460022941570818255e-09 1.291339684632855008e-08 6.207013307912537629e-08 2.681922328319653609e-07 1.311962500714009830e-06 3.744697295352269087e-06 1.165289852979635996e-05 1.556115653882188187e-05 6.628214505252782493e-06 1.187060717925026965e-05 1.710190751320556234e-05
2.948123274695995560e-15 4.730485400965881482e-09 1.939340963542745681e-09 1.924198210461181359e-08 9.638890770349884405e-08 3.719206160407795763e-07 8.921633493055232373e-07 2.791732861000653036e-06 4.553403851528756072e-06 7.313976876827253200e-06 5.309478133818270853e-05 4.648692077129644337e-05 4.975289736896915891e-05
3.063035251486995942e-15 2.244674536040688649e-09 3.287956207146832133e-09 -2.042250656319902507e-10 5.443695381570750620e-08 1.451387083795901520e-07 6.834851949200460998e-07 3.374248407660215352e-06 8.475390992490186150e-06 1.876743678554368039e-06 1.062186314952807925e-05 1.666902891706113435e-05 2.459940541668013576e-05
3.012279260567856736e-16 2.653693216984043277e-09 -2.941888588193448799e-10 4.174423373550509642e-08 1.518489012336420049e-07 3.179990534309769492e-07 1.429870824743040492e-06 1.461195180874256342e-06 3.737147958378497818e-06 3.624583959241209926e-06 -1.689906196143960596e-05 -4.286239375631104194e-05 1.816912374567735899e-05
8.862297547971423975e-16 -4.854018055002168738e-10 1.600592792825549681e-09 -2.789918786988117936e-09 4.483126964235535261e-08 2.314369421443647067e-07 1.083756834538433236e-06 1.274840352987351478e-06 1.068420936978022505e-06 1.020642155379173690e-05 -2.896395146750768723e-05 5.998306589349864309e-06 2.011557602802342641e-05
2.966480621380774721e-15 -1.123946481408486199e-09 -3.883302384647246962e-09 3.177865696450392238e-08 2.814935483213822342e-08 3.246566023990655496e-07 6.972366864148591195e-07 3.104100346809826860e-06 7.521600868402060585e-06 -1.079597120293948235e-05 1.463621600522033792e-05 9.811530037120395152e-06 -9.116360256552227692e-06
3.544039591739365398e-16 1.031365720957393820e-09 -4.221959236738931521e-09 2.004141185589567723e-08 5.445723029739253628e-08 4.771316727657405105e-07 7.144983865060956948e-07 3.023590303434919045e-06 4.995324049940318111e-06 1.691012698864532323e-05 5.228836625914808967e-05 1.436872603545131002e-05 2.178636913135595908e-05
-8.732106206253620183e-16 3.488555290253255515e-09 9.861024113602335833e-09 2.491019125532059607e-08 7.113822006289160287e-08 2.626023972873875806e-07 6.700385660324078736e-07 2.156162569633585999e-06 2.826728036831525392e-07 -7.841982542397815678e-08 3.322507891227366905e-05 8.221950482681306333e-05 -6.285828048378497644e-06
7.821702506473707162e-16 -8.357309714647727180e-10 -7.213085362191534348e-10 1.879614392246149685e-08 1.008008750474628960e-07 2.876946976798614088e-07 3.871572420972962741e-07 3.027840184028888607e-06 2.618783006994740776e-07 2.331263355152677196e-05 5.689651908065566829e-05 5.547494723353218939e-06 -5.194386629992992257e-06
-4.375826545870762595e-15 -5.545542999566858645e-10 4.213648623984641380e-09 1.080858278589523257e-08 7.222000757312941825e-08 2.751658028799143562e-07 5.899702237884629977e-07 1.822610087634938635e-06 7.280236546242545759e-06 -3.862450048145488002e-06 -2.546402276754859757e-05 -2.148694782134568748e-06 -1.621919665647834514e-05
7.992389083275040909e-16 2.774553354581144124e-09 8.457372527894436592e-09 2.820014024965468627e-09 1.256642495096235065e-08 2.775911010542398703e-07 1.291113792924274163e-06 4.159980888151664747e-06 4.755885501867686460e-06 5.161426287461029445e-06 2.349657296434198048e-05 1.149537467004630634e-05 -1.604035879801154381e-05
2.988898973046108586e-15 2.107388921655520359e-09 7.930331161663980561e-09 2.940051942741739310e-08 9.671459093784758252e-08 5.698460992907228514e-07 1.100245152774962896e-06 2.872448554420264679e-06 8.758621716776646084e-06 1.579934889697346193e-05 2.452485452049488557e-05 9.109413114283288631e-05 -3.110251540409314771e-06
2.984491481422071553e-17 2.095208312861259475e-09 3.753028919023260544e-09 3.290435908947208359e-08 1.135410189822552423e-07 5.996146352421613055e-07 9.395651316324653221e-07 3.013067382425424468e-07 5.071514765660123000e-06 3.287127614745078314e-05 1.737079199346207919e-05 3.856443846861995847e-05 7.499044860963104966e-05
-1.537473978693699773e-16 6.422651418304039306e-10 3.882473327120358758e-09 2.592629239822074170e-08 5.507233628102388589e-08 4.022494401890875842e-07 9.610991096623664710e-07 2.469228763016522068e-06 1.295333477945221669e-05 3.691521442665635040e-05 4.455242640038195909e-05 5.337469731037119578e-05 6.413084792253470070e-05
1.993863883641360898e-16 5.136776613934581067e-09 9.293225292432685324e-09 2.078709166976979172e-08 9.789433333173298261e-08 3.384429787461352377e-07 1.645589094871757418e-06 4.488826796636894574e-06 7.782338458938182555e-06 1.252404014603534712e-06 2.546578121348365043e-05 -4.964276364506797382e-05 -1.958534004447918042e-05
3.679776054411524192e-16 -8.266074719658793849e-11 7.928656527095567294e-09 -1.749329889844052386e-08 7.411569268043854143e-08 2.218498307062641018e-07 3.354056822477492131e-07 1.555042123269566494e-06 -4.129796039940690512e-07 -5.172150619176351330e-06 5.456069089584391055e-06 -3.110771823454155664e-06 -1.768522413860484991e-05
-2.307452150769581205e-15 4.480903189005565896e-10 7.733289417472369086e-09 3.430038064957314751e-08 1.072300284789056227e-07 3.120514266734876254e-07 1.194433046784869590e-06 3.152311567985600770e-06 -3.212517975643451791e-06 1.767995677289674406e-05 -1.940420584646402910e-05 3.003355181901131438e-05 -2.536622784410518636e-05
6.841449669552028995e-16 -2.224017627633564406e-09 7.199830190496581918e-09 2.729232222348222552e-08 2.345028044348708337e-08 2.642928322008534774e-07 -1.197111410105696884e-07 1.276748152150037025e-06 8.373034287951849563e-06 2.338680589247812982e-06 -3.208983002812999910e-05 -4.611467711859171030e-06 -7.189760927474596374e-06
-4.003041402177851793e-16 4.566867942954612937e-09 1.278444778875362361e-08 2.356250117031279266e-08 9.589837185462439929e-08 4.664099367267737356e-07 1.347789234591293743e-06 4.212661564816841556e-06 9.538474947620084119e-06 2.441714634295131725e-05 1.562529555831174911e-05 -1.262028474178129358e-05 3.426389468936100923e-05
9.218402460843558123e-17 1.190660422801755148e-09 8.988814861981221480e-09 1.828203980762552393e-08 1.140818914276668461e-07 2.990820605382076036e-07 7.692800461009689993e-07 1.270937810813283258e-06 7.405896792453765621e-06 2.434493280546679979e-05 -4.640629012027606542e-05 4.100136895995533701e-05 -5.033739774726431979e-05
3.073623844201984202e-16 3.702964173684953627e-10 4.013590561252513994e-09 3.940455485805099756e-08 2.154011254980008529e-08 4.277443998912103345e-07 1.064255376063883897e-06 2.687010952545102743e-06 9.038975122540354027e-06 1.628415186328973044e-05 3.622711006205705386e-05 2.413491533675412920e-05 -3.699866197310515950e-06
-1.547067959290052484e-15 -9.147821164560572163e-10 -4.511602939544496740e-09 -1.852774363528553957e-08 6.373448220522306820e-08 4.290263254883563502e-07 1.449145997355528647e-06 1.924564637459047926e-06 8.401649403867420091e-07 3.663929283368077962e-06 -1.708815959873076276e-05 -6.019634575357762164e-05 -2.941025888846124101e-05
2.611845467959238983e-15 3.437172624149828772e-10 -2.062160016741366156e-09 2.658334047872480700e-08 5.309946271779833089e-08 3.493941873884816840e-07 8.110119621065393054e-07 1.254434992440336953e-06 9.553422991713019579e-06 1.420652356534930632e-05 -3.345892487033165719e-05 -5.197378324631802860e-05 3.730285223510116407e-05
-1.375571152114062400e-15 3.432120324757977741e-09 -1.329607263883056819e-08 1.139755916634053592e-08 1.187610595483273900e-07 3.913628925065185959e-07 9.906749949355489755e-07 3.786441318577724360e-06 5.728367522150500602e-06 1.798964075161501179e-05 4.029352938002067012e-05 8.335847484672142930e-05 4.290879411490146448e-05
-1.208038252806163151e-15 2.856368950785935948e-09 1.511027774967559441e-09 1.701551008229566076e-08 6.152710344963061392e-08 2.950377493063903598e-07 1.192304275055401830e-06 2.062450822056020495e-06 3.876113768331701498e-06 1.356683325716300144e-05 -2.555831200833533790e-05 5.792576110524435217e-05 1.515791198282924506e-05
-1.950899001363987039e-15 -8.893315020184692059e-10 1.183168831295541358e-09 3.274897026515224375e-08 9.619893159177432877e-08 3.361047929846460666e-07 1.147126830931397129e-06 5.301831269096798535e-06 5.018424407409920972e-06 -1.151243175916060909e-05 1.125370572968480524e-05 1.694898633319579350e-05 -5.472084574984799293e-06
-5.483620679788333658e-16 -4.136388441732221256e-10 2.076595971758043178e-10 1.158562722896016459e-08 1.101465975120829739e-07 2.746317071241238008e-07 1.301769265736908470e-06 5.167163197699335453e-07 1.649094364716250326e-06 7.207253331980850409e-06 1.288521815131880815e-05 -1.154957112372167196e-05 -3.454027055752866980e-05
-2.356812249050333074e-15 7.223287958587206320e-09 9.017735836105006262e-09 1.736274277785988433e-08 1.043905420506207447e-07 3.768944976073308713e-07 1.410687617838897592e-06 3.588268985209716524e-06 4.601924682333868519e-07 1.987833718749176638e-05 -1.060853674090166575e-05 -4.099126789311038060e-06 1.898050607466568194e-05
1.482133532496025562e-15 4.062088485527762069e-10 2.182484635418459675e-09 2.070479323005010122e-08 8.762624283824267855e-09 1.155022628434625926e-07 9.151726108227782647e-07 3.852319662673104697e-07 1.453230421934407826e-06 -1.535594655204199939e-05 7.481090438224161000e-06 2.430099781649253574e-05 -4.591639421810892557e-06
3.343149742615238722e-15 4.375362755558549619e-09 1.624216371931582910e-09 1.719279917168235120e-08 6.015308954836606084e-08 2.115970195924670697e-07 1.676798142725759233e-06 1.193964429008442964e-06 -5.305206368285839590e-06 1.069401509037128240e-05 -2.988364549451563101e-06 1.439956547968448191e-07 2.688000149163235217e-05
-5.249588689955432723e-16 4.436056650753703761e-10 1.512320750691042314e-08 2.514886900958581264e-08 9.817924815377722505e-08 4.220814756950413373e-07 8.024400553865498037e-07 2.963924511884679101e-06 4.021298442721311238e-06 5.374614251162789030e-06 1.661701347571997394e-05 3.562101119101328191e-05 3.295245363990797875e-05
9.184580422486132174e-18 1.836407459293604225e-09 4.462546876672194306e-09 5.241376876029633094e-08 7.291995021432314300e-08 2.650525378151399324e-07 1.019630945976670988e-06 3.618041050036454565e-06 5.898292404840867291e-06 2.073705889018749053e-05 -2.963793750418757303e-06 -1.217391420803441231e-06 -1.492314567033865327e-05
-3.844476114048324923e-15 2.223638971192907507e-09 2.715883090775043011e-08 9.824827870446459672e-09 5.627332444127761742e-08 3.750926230303730048e-07 1.346176374835653884e-06 2.137313692971229118e-06 2.808515620677813339e-06 2.939601964634714520e-06 1.076916204960881682e-05 3.930348170168406071e-05 3.221500759610000062e-05
6.709734848819857957e-15 4.822452070028023998e-09 7.509044268574775404e-09 4.752858881305341092e-09 7.067737383751655324e-08 5.942914702317574740e-07 9.765160436711414251e-07 3.022126949890268864e-07 1.217454070435312160e-05 -1.484292762494032437e-05 1.046561058065030537e-05 6.612799629816933478e-06 1.301919094685608496e-05
1.254899926000333957e-15 -5.580271339039044407e-09 1.668360347416018796e-08 2.050829116767400426e-08 9.227019372081204511e-08 2.994353305259766364e-07 1.469486967747749378e-06 7.181409980793326574e-06 1.259730877081609371e-06 1.921773101747626715e-05 6.348061047810138826e-05 7.772454477940359853e-05 -2.071329707394235659e-05
-7.692761808309770266e-17 1.621652832794543954e-09 5.327939965685266464e-09 7.192648663546259564e-09 1.178763314732503431e-07 4.285192466989937098e-07 4.817818170398974657e-07 2.122673721307016290e-06 2.852272391219844544e-06 -1.805685665392858788e-05 7.811639245584971802e-06 -3.545073174907272028e-05 1.326426120449431538e-05
-4.345220201744205871e-16 7.546840689445922517e-10 2.400790108579032554e-09 -1.611422114423798823e-09 5.977032096437712772e-08 1.627078157569044271e-07 1.111797753729943022e-06 3.162491656001148593e-06 3.714388426365314416e-06 2.659909041117437364e-05 9.956460789700633727e-06 3.601076006507008214e-05 -1.402019461925138508e-05
2.714256841099645506e-15 -1.131546969092825678e-09 2.983027431868185050e-09 2.303110136533996978e-08 3.202279156426821425e-08 1.916048193424488356e-07 6.720380600876537006e-07 2.350667536813344091e-06 6.110980426596666692e-07 1.096236032968239160e-05 3.711016552218703008e-05 2.406705561593915622e-05 1.606978629879315056e-05
-2.095365061340593840e-15 -1.220889020904725783e-09 5.652676760566844133e-09 3.749164536611248680e-08 6.404246391161532903e-08 1.384564554496523257e-07 1.308839966015777254e-06 2.780681810280684051e-06 2.062265684711501075e-06 -1.242360506347627751e-05 -3.362674065061562622e-05 -1.919450509089031911e-05 2.614182029921332715e-05
-3.039500011037100232e-16 1.473616561177991120e-09 8.580495805409955385e-09 2.068164333330473987e-08 1.274209947139720830e-07 6.448120319967552028e-07 1.310505163224184822e-06 3.627289296241397307e-06 1.211282009435189786e-05 1.506704787598775904e-05 4.058494283888129856e-05 -2.075075232829855571e-05 6.517996704459239249e-06
-6.178881156721955878e-16 2.365228532540310514e-09 3.328788981994162518e-09 2.763491344364318185e-08 1.225758732433859320e-07 3.585502835171886416e-07 1.355267486144152485e-06 1.872364199730142722e-06 7.236483014241625981e-06 -1.613602352382948672e-05 -1.686006132179950374e-05 2.171978793830688263e-05 6.347686948303232605e-05
-1.292044589355969026e-16 3.453916915510277700e-10 7.160676818748012128e-09 3.221565442020865956e-09 1.042807592592912692e-07 3.055237751125081912e-07 1.536436210754762130e-06 2.284047273256388326e-06 7.759389191176534428e-06 2.968239196034800967e-05 1.588982144329671126e-05 -1.112991032896486808e-05 -1.287838220586946487e-05
1.464415974826548000e-15 -1.155220808693225815e-09 9.428160070285181209e-10 9.700567249868817929e-09 2.991974148110498973e-10 3.054973337806275654e-07 2.234067207316541373e-06 3.452302024032331354e-06 9.128098150337835879e-06 -2.095668602109317578e-06 -4.400915698991129830e-06 -2.543938468472818982e-06 9.730639734542768536e-06
-1.406496741154283436e-15 -3.260642472131023395e-10 5.051420607912215928e-09 1.671478083530772871e-08 1.132807338619384289e-07 3.924613477000391384e-07 1.011398678122021911e-06 3.548298250387791781e-06 1.466842442931852168e-06 2.313972123838935806e-05 4.973563255809050637e-06 5.222972826742559681e-05 -1.823227896819284977e-05
-2.358732307341019629e-16 3.623200052423178532e-09 4.978932373640333265e-09 2.154073282647782474e-08 6.438313052311916718e-08 4.034057170493167051e-07 1.343543832823295381e-06 1.313457642924256391e-06 1.515025749617713534e-05 3.094351598776894915e-05 1.864121416807180644e-05 6.999119260001259986e-05 1.425934155337132512e-05
3.299201771130779376e-15 3.387676680470598070e-09 3.082344978180956817e-09 5.984304028877513082e-09 7.639259135672776679e-08 2.706107892444814647e-07 9.194138231332105388e-07 2.123026217697407927e-06 4.433143044344271282e-06 1.150949955734361974e-05 9.984659605940015768e-07 -4.972424599065862239e-05 -3.131787877177186788e-05
2.337417747899102518e-15 4.064900636081933557e-09 5.936980838984283755e-09 4.780903235927019431e-08 8.924768721662496619e-08 4.612364042641108532e-07 1.535471746004863192e-06 1.166177780611739289e-06 4.296373292963203682e-06 -2.987508125873077010e-06 8.986589201982935748e-06 4.629403571102335243e-05 -1.284230079087046904e-06
1.408725478448791845e-16 1.449529170704702959e-09 -1.764915797596935937e-09 2.294028416885949896e-08 3.746226214997018004e-08 1.700359642957121752e-07 1.377795597380898413e-06 3.340619195458171665e-06 4.031398274975897516e-06 1.559941543312399002e-06 5.530631504996134771e-05 5.552452305449606321e-05 -5.478111864121437544e-05
1.160497203150182249e-16 4.222305593525982753e-09 2.367226101444265932e-09 2.885428343801053982e-08 1.248634754022281537e-07 4.373529419625257406e-07 1.321582732656153242e-06 4.258026888808178547e-06 4.749272819673482856e-06 2.655104335208141947e-05 -7.101956735124744458e-06 1.271414649438168940e-05 -7.339485622289992244e-06
-8.400464684336427737e-16 -3.464715839555422766e-10 4.022697915110949004e-09 2.527437983662670106e-08 1.078036359653958124e-07 2.415717133060086305e-07 1.042146496818429961e-06 2.165746307311624505e-06 9.009911283292779770e-06 1.686005064857046935e-05 7.217155912079409618e-06 1.192284092394272894e-05 4.775561170181037230e-06
-6.440098950187834937e-15 8.289805051969887627e-10 -1.141057678632958298e-09 9.115174932797071442e-09 1.382029802099151100e-07 1.807408241093176094e-07 4.064352141683186102e-07 1.234153585531958983e-06 3.819871207897738778e-06 2.771696910148840890e-05 4.052641850477059059e-05 7.555382885015712814e-05 5.287854388854985681e-05
-3.052992426105698894e-15 8.735422401909333602e-10 -1.392080656952215663e-10 3.803749996415152648e-08 7.195788517309611403e-08 5.353689198068384861e-07 4.414763333354050813e-07 1.639633226086225176e-06 7.047847818723052862e-06 4.419355983891929763e-05 4.308154034419209581e-05 -2.112984269267637866e-05 -8.967058585227736254e-05
3.792105168136560767e-17 2.160233601068821167e-09 -2.332849002139335104e-09 2.292206521765518350e-08 8.036411684979586426e-08 2.887168144322218456e-07 9.699161330281261464e-07 3.514036911956653308e-06 7.626447317337756886e-06 6.931389108183147069e-07 3.479001955139193833e-06 -4.151758459030579221e-05 -1.055496364244745001e-05
6.934652236812729368e-16 1.859887316645892558e-09 7.080421565602287246e-09 1.075977932395402973e-08 2.774759293748075692e-08 1.903312665610067533e-07 1.481055350651495519e-06 3.951394446989185777e-06 8.016552316896361464e-06 -1.834126147186267018e-06 -3.267268265823574806e-06 3.370330181343648561e-05 2.262648261629798593e-05
1.808232882761633680e-15 2.630780051864540688e-09 4.046350061390345904e-09 -4.070353657629561215e-09 4.940905340718289538e-08 2.483324389721182239e-07 -1.298464899369483373e-07 1.779689147261931174e-06 5.979586480822034862e-06 -2.882176994515314403e-06 -2.288868481697601309e-05 -7.736074074387779434e-09 2.507104047932829150e-05
1.429404778874495703e-15 8.960328582338032304e-09 8.649583647982862331e-09 -3.525279753723639113e-09 5.292673017517462046e-08 3.634691622970773137e-07 1.958128242231862670e-06 1.789560836059229421e-06 5.329744450755190086e-06 6.138016652439422256e-06 1.284704289982786445e-05 8.514954735027898322e-06 -1.337325078212446631e-05
-6.061486314123064831e-15 1.531030615043027852e-09 7.609196595814785701e-09 1.715771454521500303e-08 1.257821579084090817e-07 3.245783371945757116e-07 1.357278503822162747e-06 2.305100525609881787e-06 -1.076783988267626993e-06 -9.541784908851819270e-06 2.367672888208059199e-05 1.486443388085189112e-05 6.197430499159553672e-05
3.331417989130538388e-15 -1.247470854374658920e-09 1.183190622162129804e-08 -2.808235132039994307e-09 7.108796241638860087e-08 3.494899421490684709e-07 5.182346931349538745e-07 7.594254930414735132e-07 7.871852716200370694e-06 2.824532451897317374e-06 -3.613264149911750396e-05 1.206084870932471874e-05 -1.126973596868556972e-05
-1.504696590575992902e-15 6.395011411140256790e-10 3.085677542718029301e-09 9.518881938522085159e-09 6.265116922089968166e-08 2.941041316575394708e-07 8.907497659092848926e-07 2.708232884683460328e-06 5.803379409281383019e-06 3.177023339176626330e-05 -1.837449534955535373e-05 6.602054468495705821e-05 4.095741585284993206e-05
6.110519828527177244e-18 6.279620918457609703e-10 7.324079598213384672e-09 2.048631215962518116e-08 1.181645712353475934e-07 2.443068074294370287e-07 8.932283677385186738e-07 2.147490551088933280e-06 6.316262227692158346e-06 5.414892457378950347e-06 -1.906456365156930264e-05 1.682120553591548025e-05 -3.064276414600706604e-05
-8.761010586835455919e-15 1.402749678324653370e-09 -2.276343844198843405e-09 2.493756053702271020e-08 7.442862117789445441e-08 2.226508671190768913e-07 7.825537923434368345e-07 4.095611099561908887e-06 4.447799183375603319e-06 1.028007058485726941e-05 4.052190025789963740e-06 1.565319242147892835e-05 3.826302549077544105e-05
1.052028105822298480e-16 4.940766520141611560e-09 7.411372624950784644e-09 3.492980343863776123e-08 1.197283328187179710e-07 2.413155733624102740e-07 1.158371660036671764e-06 4.723176259421113766e-06 5.194573787044977542e-06 1.572361972496887067e-05 -1.240856415204116544e-05 2.770889727674868630e-05 1.345270823315185403e-05
-5.540124482291149040e-16 -1.383519416957913426e-10 4.742735065606968942e-09 2.260712563713153770e-08 8.305487055496141857e-08 2.227527369893157465e-07 3.433381556450682974e-07 1.540152216519392320e-06 8.084888755701912758e-06 1.085314032493792769e-05 -4.222926361066215170e-06 2.391260889033728707e-05 9.187163871075856690e-06
1.487619615375738564e-15 1.094491474843848428e-09 6.995219300368558126e-09 4.068531368088791164e-08 6.111468092521135418e-09 3.670088526548819550e-07 8.168086829341442540e-07 4.278093429982709361e-06 8.043834754287275073e-06 2.896050010178586976e-06 -8.503244150900836083e-06 2.118626211450722993e-05 4.775858168347346364e-06
-4.834530218242127848e-16 5.100824657201780179e-09 -1.492596188426345979e-11 4.163808753091200265e-08 5.651135142432113340e-08 3.221155536111217682e-07 1.257250296281052441e-06 2.201727626033633217e-06 -1.743072925798103692e-06 -1.657991119000543287e-06 -2.950514465455800094e-06 4.052277332333297129e-05 4.912160975527685511e-05
2.893890214770572166e-15 2.305975797149338572e-09 5.373519550085097582e-09 2.471579019698420906e-08 1.361510946667553082e-07 3.167449317830112949e-07 1.278686243345890669e-06 1.828166148172586504e-06 5.177353989644243558e-06 -7.354507299559664486e-07 9.990355679656887544e-06 3.464650831132622415e-05 4.938218547263838952e-05
-2.791719611080561950e-15 2.097498461729146635e-09 8.156991214223483486e-09 3.856467893027147534e-08 1.414624669409613798e-07 3.387971100079106408e-07 5.200742522269711501e-07 3.004062112622938476e-06 1.192842113826572464e-05 2.734048698238592410e-05 3.675891219526350771e-05 2.339062934307716848e-05 3.668375794062009808e-05
-7.404243269494506651e-17 5.939131684237258725e-09 5.965140134245168142e-09 3.421470397967911440e-08 4.747747705977563000e-08 2.631808989030006822e-07 8.379408433234642919e-07 4.474023538536522004e-06 1.274530303700782285e-05 3.344952249929455663e-06 2.298159721983596528e-05 -5.874890266004753885e-06 -7.329922846307425507e-05
1.722369981282233472e-16 6.715493468170925707e-10 2.739525888388538060e-09 1.668822470225504401e-08 5.696746347927075163e-08 1.802977101916910182e-07 1.031657282859303757e-06 1.405189966007374832e-06 -2.444425321901240197e-06 7.486306217997165098e-06 3.975518619788661896e-05 5.221054185581731904e-05 -2.151093301395078301e-05
-5.850681653145558151e-16 -6.945008195309241381e-10 6.172500173461207476e-09 1.959244850957993275e-08 5.970308164656328198e-08 2.353000477940548028e-07 1.063562094680656196e-06 3.527655303821072955e-07 1.096395502142921084e-05 9.688236378726697816e-06 2.564405464932976344e-05 5.014303108935254572e-05 6.734444158295882228e-05
1.292489718361617819e-15 2.206968225625119965e-09 5.405581343499473229e-09 1.561637686833935604e-08 1.234305885091656953e-07 2.923085424415173069e-07 1.329859330729416946e-06 2.757137726276830366e-06 7.154934155141115064e-06 1.199270910122696698e-05 6.417276135199088711e-05 -1.033179767938019716e-05 2.322790256920676783e-05
9.273867562263712350e-17 -1.955150799300348122e-11 1.669360633747279618e-08 1.510972730534753909e-08 8.539057387180401518e-08 3.162861614528982259e-07 1.290098449826904192e-06 3.483418546819665008e-06 6.711010660335003983e-06 4.085514821730622217e-06 2.941300147918674221e-05 -5.780225751279671043e-05 1.491585994466155831e-05
-5.363730915093217645e-16 2.064748730915856450e-10 2.247717357239763638e-09 2.531402378496063078e-08 8.381392963517953090e-08 2.831468553282773242e-07 1.127388999817897351e-06 1.120984946542990648e-06 5.594918740814362467e-07 1.263787051616291910e-05 4.927992419040506602e-05 -8.020676689981412778e-06 3.710200112531887107e-05
5.004437660316455645e-15 3.188567741924772921e-09 -2.419151100572481574e-09 1.968803237940042118e-08 1.277733633685840397e-07 4.450661649071222147e-07 1.197194150832092882e-06 2.744507654863097526e-06 -9.341737378784453858e-07 -2.346111304110674300e-05 8.006442756281032612e-06 1.233742147939505481e-05 7.789604224317167252e-06
2.921739365794796037e-15 -3.113820004521697936e-09 9.587308726375903756e-09 3.669081055746742174e-08 5.174305211110167760e-08 2.406154902593307223e-07 1.123589620931842508e-06 2.574820235955636153e-07 3.129865784619613349e-06 -1.581308717189393570e-06 1.890362293340505604e-05 3.980004957054796184e-05 4.958064747540727679e-05
1.747684399707941041e-15 1.625690734123184481e-09 -8.699113053237938434e-09 4.712119967600400462e-09 5.491689486891966382e-08 2.853070219587719969e-07 9.710508665888348268e-07 2.658528086411450558e-06 4.905148993453322722e-06 -5.589797261339120178e-06 -1.292023106640070018e-05 1.112869727432162493e-04 5.933475484089805770e-05
1.527719042984265418e-15 -2.356311708589275798e-09 1.014801579384773436e-08 3.811769313768458586e-08 9.044765229648098542e-08 2.972587460157085505e-07 8.755183254485929961e-07 4.341436054774035836e-06 3.776721934467935233e-06 1.515607405053283638e-05 1.709680892136063784e-05 1.604797960388441690e-05 1.234616309605058610e-05
-6.008727358494600810e-17 8.508898072983261969e-10 9.594025693138640714e-09 3.458010153146779036e-08 9.001897284320822088e-08 3.354499807008056093e-07 1.309180667026133254e-06 2.898187014665995915e-06 5.297410252729489140e-06 -2.074927975771325241e-05 2.281320848553083781e-05 2.272852306769771976e-05 -1.768551546141343550e-05
-1.369644934568907045e-15 -4.465473700835009803e-10 -1.762416373715385285e-09 1.977806818504370637e-08 1.190939099811900968e-07 6.965789796623744013e-08 1.432419412041634789e-06 3.748288246669607178e-06 6.176724982401219043e-06 2.570645783110647235e-05 2.582678121213515917e-05 -4.286101910446912068e-05 4.002205311389035839e-05
1.936143896641411709e-15 2.533727480362653806e-09 4.647469974608323230e-09 7.137294623380408998e-09 7.434986207800022313e-08 4.032153762605143948e-07 7.790784599099765816e-07 3.990077004922754454e-06 -3.257418370745266463e-06 1.661188642022555514e-05 1.205434152715211474e-05 -1.398754445484397687e-05 3.567488731589200810e-06
3.856470981587188190e-16 1.178239718883535561e-09 1.258847381470502180e-08 3.582736527038283732e-08 4.996028343956782697e-08 9.305499462988162506e-08 1.653757431551575366e-06 2.882092590807475152e-06 8.780952292197618318e-06 3.472594671827055430e-05 3.292711913479932844e-06 3.783555795578511649e-05 -3.843802292579897515e-05
-2.826251467548394107e-15 5.996750581040904123e-10 2.708318924144730898e-09 2.526395112014134473e-08 3.409993116072515236e-08 2.721013225616092468e-07 1.406694352480000935e-06 1.103458734758674622e-06 4.516961830580494486e-06 1.928840726390715072e-05 4.257316227250918498e-05 -2.964507786413414492e-05 3.506541151557825679e-05
2.653282474223188494e-15 1.667217829030641318e-09 -1.957219576446771418e-09 3.730328540949603499e-08 9.125988078355916956e-08 6.301668907920973338e-07 1.656507519452106166e-06 2.688993690216018585e-06 6.130728176549067245e-06 1.878387153959860077e-05 2.481673884636936440e-05 6.077262320254027314e-05 5.222601195460740666e-05
1.344792727828424300e-16 8.605117534215697367e-10 3.316180001050962663e-10 5.379155180409772761e-09 8.738096258241354268e-08 3.689738580839370146e-07 7.218292615443276894e-07 4.414526731659604380e-06 3.201807799576888741e-06 -1.115244396816610695e-05 -2.507773719152215893e-05 4.380255084272179139e-06 6.339819407621487518e-05
-1.200648978373061780e-16 5.751623075714404653e-09 1.141452584738133995e-08 4.474298463432705318e-08 9.387328877287951941e-09 4.494556199493712486e-07 1.405294691651165924e-06 8.866469762740642374e-07 7.571834703150951721e-06 3.605565535595521616e-06 -4.290136797320348901e-06 -4.018303819595638345e-06 3.108926969663836044e-05
-1.428292791432402117e-16 -5.019718427063670485e-10 1.851418629151494444e-08 3.179340716206027228e-08 1.021520469077603476e-07 4.598726439323894698e-07 9.795390769613476718e-08 3.970195724152265040e-06 7.587768337122762422e-06 8.127232483974231115e-06 1.634616337534060561e-05 3.895173596418672219e-05 2.260624078403058912e-05
2.423545754822163716e-16 5.880048668356629365e-09 2.189170121253764599e-09 7.386272994548228873e-09 8.164136594808479529e-08 3.604498463899917025e-07 1.258035802881900131e-06 1.344419549276618801e-06 9.238881816171147949e-06 -5.492812148092830337e-06 -1.088902563937264092e-05 2.501038870984608584e-05 1.341709317991981147e-05
-3.599185144378978253e-17 4.026844378150961191e-10 3.166885787981495333e-09 2.809156143253969728e-08 1.029478499843348684e-07 4.240655381282494954e-07 1.365500487597920410e-06 3.607496323182872381e-06 6.417156526013200375e-06 1.561320917823407831e-05 2.461558576867242250e-05 -7.643351177863882745e-06 -5.071140262409942953e-06
2.335110147930485505e-15 1.018371778293021236e-10 5.412656812896721838e-09 1.526840741152116245e-08 1.859972003140359618e-07 2.376816686538236042e-07 1.309377101750022007e-06 1.840423078997345145e-06 6.753347937154085385e-06 8.815716049360577079e-06 9.430162095303255769e-06 8.003642211922629612e-06 1.991888574580647812e-05
3.527395181901019657e-15 -2.618397946973252402e-09 1.145788106166884837e-09 3.112971642384503998e-08 1.424204961888361489e-07 3.205163819768850190e-07 6.414170208904262585e-07 2.585478350025292071e-06 7.232407830532130045e-06 -5.498455796520617062e-07 4.694799073028496406e-05 6.204799409320174209e-05 2.427295194807446279e-05
2.990421837326145165e-16 1.419717413888339254e-09 -4.107215396610481847e-09 1.214937137598702233e-08 5.774551387977172358e-08 3.575774729111251688e-07 1.775411158761771252e-06 1.405313022597956059e-06 6.534266387760468293e-06 4.828915667556612266e-06 2.130761911675841744e-05 1.485315579866616844e-06 -1.816598828773386572e-05
2.867836338688371172e-15 6.602756539502321769e-09 1.638127295397976708e-09 4.163336904957562226e-08 1.448594724916406653e-07 2.440530845726316827e-07 5.621915575359278740e-07 2.563357468264586172e-06 8.039580502348116000e-06 -1.543609868003993483e-05 1.183005896441122289e-05 6.169752439087861610e-07 -1.578782605406192459e-05
1.101563813152074791e-15 -1.771221792298482397e-10 1.122515318179602496e-08 3.744074456720051412e-08 1.306617873637487045e-08 1.079775377410086856e-07 7.425713128361190397e-07 3.821716653779546795e-06 3.470745380600114316e-06 -9.990392280346622867e-06 -6.372450406736626716e-06 -4.695203902800761239e-05 5.211390169892668716e-05
4.903269720056172171e-15 1.987647271661742049e-09 7.313446982263630617e-09 -1.194899534954161224e-08 1.025722236854891547e-07 7.130653615038994757e-08 1.007050251592447578e-06 1.365770996210789171e-06 6.867218108314461106e-06 9.209948339121613414e-06 -1.217516081219834850e-05 -1.208049205602441804e-05 -2.203134868373446224e-06
-2.352818511970663004e-15 -1.411413896438558768e-09 5.771024102416662191e-09 1.844894852291730068e-08 1.483323527504177628e-07 8.852268109051701011e-08 1.208303717245974527e-06 3.084013392205654850e-06 7.170652563672013696e-06 2.719782989305794107e-05 5.008640757887137049e-05 4.150712846062429858e-06 -2.200708732071998173e-05
-5.873159146732624828e-16 1.804687430265642465e-09 9.540833965772928118e-09 1.884990034777543394e-08 6.133879605813627048e-08 3.118758620373232713e-07 1.390678307361335212e-06 2.505420354505297622e-06 5.680745966112441686e-06 1.635579405866551972e-06 9.833525402609965776e-06 -7.994487216307188853e-06 -3.572976701346972230e-05
3.052099077173900485e-15 3.270875829953003335e-10 -2.801170659996179045e-09 3.173100649122848262e-08 1.184989430685038818e-07 4.398543745291504249e-07 1.332700423806161611e-06 2.834421249989236885e-06 2.684093956553993799e-06 2.593966240613932020e-06 -4.102234992729844251e-05 -2.913475471501433971e-05 -2.657683812861915784e-05
1.229807319777631992e-15 -1.605247406479644274e-09 2.655567104989181708e-09 9.375042781583106542e-09 2.403923437642012774e-08 1.679170463478905552e-07 6.465781555019364128e-07 1.690034636210732462e-06 5.545168333473871819e-06 2.661408461112285285e-05 3.711810025153882705e-05 2.998058642610896087e-06 3.369102011202285965e-05
-4.854418793136753459e-16 2.419245844307178639e-09 4.180865996817095676e-09 4.786843272605734025e-08 9.393996741845667485e-08 4.296913030479525932e-07 1.241801892476168462e-06 3.882213408436140872e-06 5.109454333804197853e-06 1.272212046519739736e-05 -2.787487125931311648e-05 9.071915247584450462e-06 4.511006080894365528e-05
-4.717545133858834010e-16 -1.748397195298891060e-09 -5.565441160330108305e-09 2.136212099045863227e-08 1.070189541031179950e-07 4.661109340646935536e-07 1.065449431493777276e-06 1.809750328674680630e-06 7.082129005881760874e-06 4.656302986893391302e-06 -1.806881912825920357e-05 3.787609999520828865e-05 -3.824006481417362022e-05
-1.575163555267476791e-15 1.012067352854974783e-09 1.336141703299248279e-08 3.958714293874456743e-08 9.210248709793775392e-08 5.756995666241236945e-07 8.350803175537067305e-07 2.748135450104360867e-06 1.227222190679738967e-05 2.142824767410575463e-05 2.468157127675066657e-05 1.486194240434727847e-05 -2.805113872814295599e-05
9.038864658412622002e-15 1.680761483528482906e-09 1.744225563582449455e-08 2.095808565487130283e-08 1.236347257537470813e-07 1.913003250287503762e-07 1.506466155853709093e-06 3.045402510686116267e-06 7.873861174552688246e-06 2.765705487575008216e-05 -1.000094385034373176e-05 -3.129986713377111174e-05 -5.762717477655481193e-06
-9.059713487595630068e-15 -1.796427670248123300e-09 6.738714050327633663e-09 -1.543415152843352764e-08 6.086294336752709171e-08 4.681939873667010729e-07 1.088546762526990703e-06 2.585150594157397325e-06 2.833260974656823374e-06 2.492611919624061734e-05 3.512542699143756216e-05 3.507684429748777940e-05 2.222439356203697587e-06
-2.658437875042286743e-15 4.694199365162977066e-09 7.959267051723503856e-09 1.441801853087128679e-08 7.958174707437822740e-08 5.249085301977139751e-07 8.167796368514906587e-07 3.920094096836564924e-07 -4.659836916289262941e-06 1.348154345263440913e-05 -1.567154681352203328e-05 -2.119935385753380489e-06 -2.885004643760485322e-05
-3.303426195594878740e-16 2.845179248471539035e-09 2.398502455804773589e-08 2.646862167254064156e-08 1.211138512650091308e-07 2.770040112731164005e-07 8.273996958753772797e-07 3.391573395893050985e-06 2.421437856717641796e-06 3.721910462477635462e-06 7.574064485154314009e-06 -4.136967367767246941e-06 2.769660269342787658e-05
-1.497080788718180031e-15 1.989760315964746352e-09 9.933321249803323919e-09 5.556791745173069280e-08 5.189343658155729727e-08 3.625544920825911815e-07 1.169228020969822614e-06 2.451548973984106846e-06 2.701841908314248050e-06 1.664983489143060684e-05 -3.158415903677106509e-05 6.526020051918619792e-05 1.029365107494753212e-05
-3.043888549188081588e-15 -2.912565320344406203e-10 4.268873917175684497e-09 -1.465580642337824848e-08 4.974108503035897024e-08 1.928098776065991987e-07 1.169650626930013419e-06 2.568198095919199949e-06 5.706807602716683109e-08 7.620237058714958352e-06 1.539515078196452454e-05 -9.307416547382676165e-07 1.368960269474144860e-05
-2.998534523773663962e-16 1.492758007485065242e-09 7.672126369688204418e-09 3.198221782747164229e-08 1.260596036252244207e-07 4.279638947430170027e-07 6.397957410244832828e-07 4.160308651149290343e-06 2.701088348482015049e-06 3.359988673447072364e-05 1.930980388589150957e-05 2.535527153003581848e-05 -1.853496275941295916e-06
3.932982616153585800e-15 -3.133453593095898222e-09 9.070573343002303140e-10 1.674575744380762284e-08 7.721083769438656562e-08 2.793111617310397332e-07 9.099686253613308914e-07 3.171241275060966923e-07 1.984332473384649684e-06 2.271730736057349104e-06 1.787709788624910950e-05 8.058882755307682786e-05 1.812275293103924979e-05
-4.720431854540846991e-16 3.671727414085916371e-10 2.608481522660279253e-09 3.822044274261688245e-08 1.270873248257822827e-07 2.805361092383259710e-07 1.298607006309728765e-06 3.954504069978662970e-06 7.421052370863565122e-06 1.425215794226023457e-05 5.365558592729821017e-05 1.402571293001500130e-05 2.145665056968003580e-06
-1.591598145764018745e-16 2.088770275921716706e-09 7.157923446287057436e-09 3.241203438112845372e-08 9.712373389388185082e-08 3.732460369392606515e-07 9.892893166231079227e-07 4.073428478237801964e-06 7.247249964695183044e-06 1.183849723442196233e-05 5.690478880752086423e-05 1.764021894240049539e-05 -1.331631278742471058e-05
1.214258567687574079e-14 4.971813017751380879e-09 1.725154704407843272e-09 4.033692194830393886e-08 8.042299937875344382e-08 3.758878838293073102e-07 1.005435127183540380e-06 3.108905365865678980e-06 7.752651884316158289e-06 1.185402499349942911e-05 2.066331266096177604e-05 4.888713190207135214e-05 2.296678078625526485e-06
-8.627487542246494169e-16 -4.716913862467497996e-10 2.005365028528014710e-08 2.710244244952574726e-08 1.035964702463152828e-07 3.463707364809125580e-07 1.687655656821099370e-06 4.411046889581540568e-06 -4.092392884233044922e-07 1.350708557630866305e-05 -1.049759401779477428e-05 1.827236713321734172e-05 -1.069064386472396717e-05
-1.597923990418903098e-15 2.747962081228527252e-09 -6.951839814296937794e-09 2.057848335581506491e-08 1.282945058244288964e-07 1.615672589043486125e-07 7.573871831971066114e-07 3.455661163922498552e-06 9.568989852412320627e-06 -1.985939111824559851e-07 1.263254157987171371e-05 2.082226655422239962e-06 2.517331293206493263e-05
1.561337982359848027e-15 -1.058673766888625336e-09 3.260826412084519682e-09 3.061955108942951163e-08 6.470239350165502692e-08 3.898120883255715906e-07 1.721301812159456437e-06 5.042069343516484947e-06 1.345523457348630564e-05 1.721633434147598569e-05 5.804094019163449377e-05 5.747974583326709758e-05 -6.056043233015481789e-06
9.256812190177471453e-17 -2.070038132778180553e-09 2.551408552251444939e-09 1.536278686057444439e-08 4.864582335855626369e-08 1.565965369412163342e-07 1.047006684104637360e-06 2.722720155851236081e-06 1.060787651590163708e-05 1.026287088791956563e-05 1.046520729439211672e-05 -2.669899014719350513e-05 -3.137390144901075316e-05
1.396443130052852789e-16 -5.082635032885498437e-11 3.022908504873343879e-09 2.489289421832479282e-08 1.276632949274882435e-07 1.603339055825000160e-07 9.557183451302391138e-07 2.029007392933028071e-06 1.636841645757869856e-05 1.422267243901121035e-05 5.975404042455108056e-05 2.436126170021949460e-05 1.822745196306505371e-05
-2.480929848613372538e-15 8.447674406890676930e-09 7.505629532083524072e-09 4.061190581057714497e-08 1.035192886974830215e-07 2.540192031222695913e-07 1.250952547296967306e-06 1.472756641669608826e-06 8.804169893966634289e-06 1.701615263074196966e-05 -2.997972349473377381e-06 7.871564272449322328e-05 1.760006805852232649e-05
-1.526947319018681470e-15 -1.936234296244746410e-11 4.524501220307287977e-09 2.526732729238799679e-08 8.173450089332414131e-08 2.555995462336200844e-07 1.317081038088189992e-06 3.655871316009350121e-06 7.580379455590303186e-06 1.952828347847365941e-05 4.180163507671319782e-05 3.316900592557985142e-05 -1.705766880773954976e-05
-1.044813277177376832e-16 -1.073527202893798367e-09 8.814074637372634838e-09 1.837346090975158740e-08 1.466883603138500115e-07 3.155813155091691101e-07 8.962916210218493122e-07 5.976417492309635856e-06 9.348625454972665677e-06 1.555345953589101735e-05 -9.222136509873699617e-06 7.519777404782464821e-05 2.389014784654658644e-05
-2.297957797293804355e-15 -1.253467017341159004e-09 9.042023854615766413e-09 3.536830572103121527e-08 6.824036955443063954e-08 3.768581863445167134e-07 5.746867871415940619e-07 3.121021570372982443e-06 8.639513529072640155e-06 1.251505905884736940e-05 3.003300029666243956e-05 3.299580211220239442e-05 -2.015392604501998214e-05
-3.073176359056317588e-16 4.446766974230158521e-09 8.278015447758423792e-09 9.002437033574876074e-09 1.914533184055646055e-08 4.013443044793568176e-07 1.304683454334682295e-06 5.082667393450232995e-06 4.518081986163510049e-06 1.643869811622145527e-05 2.396177218364999896e-05 1.429868037745826713e-05 4.327463761709030412e-05
-3.320713522913114655e-15 -8.807067455371231166e-12 1.136005637179791586e-08 3.565308665150513489e-08 1.064670930118888118e-07 2.941661541419877802e-07 1.200516306798775627e-06 5.727968997970530483e-06 1.498301230670001335e-05 -6.189273852455924580e-06 2.110713175263698136e-05 2.383768636613885702e-05 5.834324787857075802e-06
5.068590723449407568e-15 3.140476740249065582e-09 2.961323349496376563e-09 1.829442312110034753e-08 1.506788086560887324e-07 2.035999637730814866e-07 2.193070504296171805e-06 3.985805846859469350e-06 -4.725027967693171519e-07 1.189244594968261536e-06 1.734942864657211761e-05 1.781949220073620620e-05 4.887142086066866904e-05
3.879941452908501811e-17 2.047679531547219447e-10 -4.362387826690123962e-09 1.014716379287640236e-08 8.062325525926052470e-08 5.227357033515271544e-07 1.369085610709653146e-06 2.541736989399909220e-06 1.105131655242677276e-05 1.395919700688823014e-06 -2.242956876937541691e-05 1.652301055966711458e-05 5.472589075394037049e-05
1.372536501851822431e-15 4.147046652454419472e-11 1.302029295075761641e-09 3.074933032863199398e-08 1.207494653215232884e-07 3.987191668609173046e-07 1.116887616803509243e-06 2.574012201346250917e-06 4.182509013754127576e-06 2.697326787686721064e-05 -4.677604543309916623e-06 1.774530808422309096e-05 1.927405749149961719e-05
-1.191947658536624563e-15 2.527148388362853612e-09 2.390983883347317317e-09 1.026039499085456119e-08 1.576089084120810284e-07 2.923005145013251338e-07 8.924619861919142567e-07 4.075280497283948794e-06 1.392752498262643618e-06 2.371461786928837347e-05 6.431556009482479149e-05 7.473838970046825373e-05 3.874566623704756864e-05
6.719459893811769142e-16 1.187457749576942879e-09 3.746491118871089522e-09 -7.633342491151681660e-09 3.104330739483820437e-09 5.233281999170407960e-07 1.426845493411306074e-06 2.635513563980125726e-06 8.988032602828136130e-06 7.867905853482179898e-06 5.046147971884008804e-05 -1.250358266323927529e-05 -3.050202358207443104e-05
-2.507371474958612203e-16 -8.474817476938330596e-10 1.305660885369698046e-08 2.962137757853659435e-08 6.285115145557872534e-08 1.480441047140473770e-07 8.385316754225866628e-07 4.598870421083277194e-06 4.434375761062569380e-06 7.253561173151762863e-06 -2.691842109233772593e-06 4.040926422953930935e-05 -2.692380780885237179e-05
6.537100159404825583e-17 3.263707368431317070e-09 5.778510672069091408e-09 3.444056529638050172e-08 1.130616617297020969e-08 4.629802212568884052e-07 2.286162250213034597e-06 3.716683173641482378e-06 6.730381128770261390e-06 1.076772653630787356e-05 -2.932668041013674820e-05 5.371564667242780862e-05 4.632706660696939621e-05
1.020594576280211843e-15 -1.885020700160095830e-09 -2.119496123947140556e-10 4.322489299035091887e-08 6.243514571879962299e-08 3.458013816745905053e-07 1.297184710529645320e-06 3.415632321285933966e-06 2.650317322050931461e-06 1.394583400618533532e-05 5.909796856811162131e-06 3.933567361973023586e-05 3.476921058659463576e-05
-1.749862820808307988e-15 3.047482640314375038e-09 1.156706482012308606e-09 1.584942923471327598e-08 5.934803262188337768e-08 3.798050319369620500e-07 1.186778235245898687e-06 4.754540286940134350e-06 1.574673815950799316e-05 -1.266560414277668041e-05 3.184030312961389869e-05 1.210618796527987715e-05 1.627386147009604204e-05
-6.315471446620573362e-17 -2.023809652309531859e-09 4.973887224014284040e-09 1.664932355250033088e-08 7.181224877970200155e-08 6.333179104411397598e-08 1.471169845748111759e-06 2.863195029997925126e-06 4.489839115315820782e-06 1.429463766396172231e-05 5.665143738023457296e-05 4.190352491137616712e-05 3.852678410501461089e-05
1.703520930563093795e-15 3.825184848406136815e-10 6.102616670210859937e-09 2.099429135085625633e-08 1.253008406389464329e-07 1.107771762263900062e-07 1.025446964325664116e-06 3.033963289896406720e-06 5.608844377793720613e-06 2.595531552534335138e-06 4.179761867061976597e-05 4.348078887734645328e-05 -6.236651626115252646e-05
1.992537993304186300e-15 -2.847869323359209605e-10 1.359455157543313912e-08 7.603297275057772317e-09 9.439072947908352666e-08 3.509925851510328055e-07 6.628556298364623142e-07 1.392334346654786607e-07 1.417124932234329942e-06 -1.831041565154575072e-06 2.953969577258737475e-05 3.139552354489649565e-05 -5.139387600179199343e-06
-4.091930150800391078e-15 8.372288481353679725e-10 4.048968852300554279e-09 3.200260301745181895e-09 5.453668467538025715e-08 3.184794735974906596e-07 8.793967891520148841e-07 3.668494024058995879e-06 7.086224552274717491e-06 1.950853046751536296e-05 -1.214780645289621346e-05 2.454169464473527845e-05 3.326671516109500571e-07
-8.874441804118094890e-15 2.009159760281182558e-09 7.356565925983636351e-09 3.161812705503673643e-08 1.233854190007344047e-07 2.188073600972900363e-07 1.658784445528799822e-06 4.962446031571748853e-06 9.479635252469463164e-06 3.552761880166169288e-05 1.426840394816882041e-05 4.505772314519735462e-05 6.210186793755530297e-05
2.500498005801347261e-15 5.356292372953323813e-09 4.799456964755893535e-09 1.230653052335928091e-08 6.018916434614323974e-08 4.361037993531252936e-07 1.150123137744243992e-06 1.451042251857358294e-06 2.396383689736891622e-06 1.482019439822936488e-05 5.510480620901434245e-05 5.017651175375488715e-05 4.002549799718654899e-05
-8.110998593004719041e-16 7.683896785408136659e-09 4.636927992884605416e-09 1.452783867839943329e-08 1.750968242970711236e-07 5.905487744470611345e-07 1.351177837879381184e-06 2.276631117850899706e-06 1.341594079464328650e-06 1.910904353844774552e-05 -1.922269581879232443e-05 1.867716607853935634e-05 4.615221731300975152e-05
-5.836870567196565460e-15 9.166426492630912286e-10 8.933378041560670173e-09 8.075029197770378224e-09 5.028064703224203322e-08 2.560450439413530682e-07 1.085571075967900771e-06 3.329213455930541109e-06 1.209833389079002315e-05 3.441414677435903459e-06 8.004338309702542163e-07 3.606149676093547962e-05 1.215715631277847004e-05
-1.065990608183097025e-18 -7.251768885025998874e-10 1.286619729309502470e-08 1.842209162126001797e-08 8.016386612070762724e-08 4.383673994845823233e-07 1.676727908471842868e-06 9.454325046671819588e-07 1.799110112773398154e-06 -8.991494799191203810e-06 5.777611683094370661e-05 -3.999961087173436233e-05 1.944773934246638136e-05
2.836459780748365505e-15 6.395346298439042257e-09 2.844845481410296085e-09 1.008759891522483350e-08 1.151744308476828673e-07 3.248297751019528647e-07 6.835591289306156979e-07 2.592024174831481997e-06 6.467643861832954724e-06 2.092615686711704639e-05 -6.374738350875018621e-06 1.986688779636599668e-05 -1.531549695805984280e-06
-5.660602577630696551e-16 4.416184087400805954e-10 1.115219078421525563e-08 8.806819224716576235e-09 1.943754237228062657e-08 2.836479424468675586e-07 3.457666106366711401e-07 3.424701180708203453e-06 5.429519394208683621e-06 1.417653443297326340e-06 -6.270015913477917716e-07 1.577094249970158147e-05 6.673749067481166250e-05
-8.989782728667437832e-16 1.462623027879298246e-10 8.572679257078564573e-09 9.192504722927503634e-09 1.498356984960673425e-07 3.861794336083368283e-07 9.971178475796519590e-07 1.764671703430245908e-06 -1.295317084994025395e-06 8.484479529213126409e-07 4.857047858568277797e-06 -7.711072170065825864e-05 1.717784717877963446e-05
1.225734150574969024e-14 1.916783619615199993e-10 6.481940289977121739e-09 5.190743167015559795e-08 7.973305662338218058e-09 3.927834936046275950e-07 1.055400159626126472e-06 1.094521947907218190e-06 1.236007970797551918e-05 1.227262237521779122e-05 2.443954130713422548e-05 1.273473188919034966e-05 1.402652725996564570e-05
4.668764069004533482e-16 -3.849112669634515479e-10 1.505649720745960968e-08 2.261765648367152663e-08 1.508837916643273310e-07 4.618555186566472328e-07 1.379390088700092762e-06 1.714877993743327090e-06 1.883546867910914444e-07 2.591578900664183609e-05 2.143894370680952271e-05 4.050152276356501138e-05 3.567664227362044003e-06
9.513264052476258789e-16 6.256212768670755066e-09 8.097613742846724947e-09 2.087286041835948499e-08 8.098010308515573367e-08 2.880477084750421619e-07 9.640186887715782245e-07 3.002315812252618903e-06 2.076239511740600705e-06 2.820695459409032900e-05 1.350182452607118833e-05 5.673909356582073904e-06 4.287833332475593804e-05
-3.400355863635799026e-16 1.866777890902977187e-09 1.058430291787605260e-08 6.360740700600318962e-08 1.341460968346009584e-07 2.470531978143970676e-07 3.987706071866035767e-07 1.162156597292948319e-06 2.982480756413444721e-06 1.167081062692111311e-05 -1.220058892622836472e-05 2.510388308113877898e-05 6.287668556667534118e-05
-1.761395926980072555e-16 3.140210802769213440e-09 9.263249035456211801e-09 4.259768783928328879e-08 9.537862671645316012e-08 5.286852391204617889e-07 1.082393228108106183e-06 3.900122667245499264e-06 1.762821798654277222e-06 -4.803347093029053307e-07 3.279494651102272154e-05 6.183088030600705396e-05 4.372952244175478927e-05
-7.325246076115869367e-15 5.650339946417215796e-10 6.773152008156409613e-09 4.201919729075451523e-08 1.241617755732252339e-07 3.783864644705252404e-07 4.533856618583784725e-07 1.959996070312143300e-06 1.929044428192869709e-06 -1.857715488525040657e-06 2.126517907791787914e-06 -4.330086373571449110e-05 5.463648486224344383e-05
-1.112741426126778223e-14 2.910361918270072248e-09 4.640967813887984125e-09 9.369634368071342648e-09 9.446073854269507187e-08 1.987293654914388606e-07 4.224222382193913921e-07 3.037289992370272226e-06 4.983970695858263069e-06 3.752793549754146136e-06 8.784377196844838273e-06 1.720046450854624594e-05 2.773338261658932818e-05
7.944828908727103867e-15 -3.977008590530552664e-11 2.844525865003511779e-09 3.230452763066863976e-08 8.648151315271703610e-08 3.108778405274749860e-07 1.292467385937883447e-06 3.047259130914564983e-06 5.939527314260320574e-06 -1.550955630159808266e-05 1.242200394820528538e-05 2.809198015988879533e-05 1.421981053072984644e-05
1.325243188779743866e-17 5.836895976225599325e-10 -1.852960782999706064e-10 -8.415234202617591334e-09 6.658765346304669295e-08 3.651727091912787406e-07 1.166895860395593626e-06 1.230483894883034317e-06 2.905162424602884813e-06 8.418450492753432774e-07 -1.723293623125711561e-05 7.847088421350837699e-06 2.378554547806204216e-05
-1.580997677298345880e-16 2.494558746834882444e-09 6.132791336869056291e-10 3.607077559555490308e-09 6.894952471470390073e-08 1.164210510877044057e-07 1.239580533754430184e-06 3.954929487409522593e-06 3.507486855250706238e-06 1.852687787278651393e-05 -2.273341753984596663e-06 7.014024459274351423e-06 4.433019038463850043e-06
9.708664755440822034e-17 -1.535698939842741038e-10 1.367699848332659335e-08 5.417550711299740449e-09 8.870925042719476456e-08 4.928103645476256210e-07 8.004160653930395231e-07 2.709433603098519543e-06 4.088546026565969413e-06 3.560641087484713670e-05 3.202453715153908602e-05 2.580451957667133532e-06 3.106970990392689296e-05
-1.803514450032816990e-15 -3.504772591505181936e-09 4.847064569155962996e-09 1.207026422242676865e-08 1.064370036349693813e-07 3.700953857536636584e-07 1.204448152138443547e-06 2.798590193065523590e-06 5.127371986662454355e-06 2.815250917368680518e-06 4.880368105700963688e-05 5.190107881398865884e-06 -1.368856911624585967e-05
3.953148511016619766e-16 3.697240708037807649e-09 -1.150067750506966844e-09 1.996515639257408266e-08 5.106924534704495039e-08 3.152466617966742229e-07 1.267486648660424382e-06 3.600209011990415331e-06 1.934202173767136343e-06 6.494752954814375878e-07 5.278498629629529488e-05 4.362530084034553800e-05 -4.021114198128585753e-05
1.672348675184317045e-16 6.094708865822405866e-09 4.600381807066480976e-10 1.082005381961484045e-08 1.106018073195982908e-07 3.043202885056737995e-07 4.632733310736210911e-07 1.993721218135904067e-06 1.195464476999410703e-06 1.578226297937153081e-05 3.809847381111888652e-05 6.085142289869864177e-05 1.987396751811244184e-05
5.165443037683856085e-16 3.476512075585965091e-09 6.858553456050666869e-09 8.760043063111729241e-09 6.846051061321794870e-08 4.039008841889008815e-07 8.336039587103939442e-07 -9.164094713607488690e-07 4.715342269487088309e-06 2.740874369146840333e-06 -5.574557952912743962e-06 4.221081493745115033e-05 5.741927717859245648e-05
7.420307399236560676e-15 7.160602167498465015e-09 1.230783834275753315e-09 2.907013904282805662e-08 1.418615221165552439e-07 3.624233572671444376e-07 1.158609236667046127e-06 3.154333839484009931e-06 -1.941900057439146018e-06 5.207775589378727698e-06 -1.780467646277038274e-05 5.022730167542080134e-05 5.205004794169817609e-05
4.372306429626722947e-15 -7.175961360391429891e-10 5.934070081189627073e-09 3.260014774195482882e-08 1.001518617895656209e-07 2.095617190628550266e-07 7.667762139946340648e-07 1.244992277923355891e-06 2.595064867755801647e-06 1.562512252080224361e-05 -7.964584023235177118e-06 -3.138362643484963213e-05 -3.248016067322731428e-05
-1.746207881022901161e-15 2.035471235819398936e-09 1.667645305650008739e-08 3.944799936529827783e-08 1.249907572504460987e-07 1.175285318004399933e-07 1.100406712621482978e-06 2.373121831141819873e-06 2.552441739957098327e-06 2.701903541330326789e-05 3.482041625979767651e-05 1.048235212953939491e-05 5.645011613592703005e-05
-1.110734059393041805e-15 4.686200744129543902e-09 1.467463814732624820e-08 2.092139662395322807e-08 2.695901147712040802e-08 2.834795252663826161e-07 1.263292989118561446e-06 3.275686771839475943e-06 4.491990942477153889e-06 1.454109377344960399e-05 9.595288452230295862e-06 3.291427860708745712e-06 -7.067096865679691870e-06
-1.441854727710157364e-15 3.871940399716048638e-09 2.700836790744030683e-09 4.504282539978838470e-09 7.876463742115015239e-08 1.061478692252164984e-07 1.536250690063545123e-06 8.129822358447409016e-07 -3.588164270993122832e-06 4.768701110591569268e-06 1.363814527050363480e-05 4.383194742191652815e-05 -2.819198414913439747e-05
6.077939874652507891e-15 1.008292446162845204e-09 -5.257956729314458785e-09 1.683769995271037087e-08 7.530698877568042381e-08 2.045960250978186726e-07 2.777500332815099404e-07 4.879873496822321671e-06 3.313582600896780791e-06 -4.067295074147099688e-06 4.453561822368051374e-05 3.530175395067169008e-05 6.498449003415251101e-05
-2.706591257834998597e-16 6.088005119490841512e-09 4.841859622051088659e-09 1.015385290516660540e-08 6.737446830712016595e-08 3.953948181486609554e-07 1.251038267222121233e-06 4.614624594371338291e-06 1.138826304887134076e-05 1.753130422485170756e-06 3.746929418923347670e-05 2.919833378693616451e-05 2.582702041970395455e-05
-1.532656342626188762e-15 2.398668376998275471e-10 7.695163575710148649e-09 3.811136000059695164e-08 1.296087396331224913e-07 2.503856705230122163e-07 1.044618939517155234e-06 4.293432472370445941e-06 2.435293973919881861e-06 -6.036523992259665925e-06 -1.881675548689074290e-05 7.655799507277254515e-05 6.458111820779181866e-05
1.114862605025372784e-15 -3.888246679548921750e-11 6.339934134980851555e-09 3.613645327631410736e-08 8.275828176995639596e-08 2.618519699727226587e-07 3.898257936724126347e-07 2.668920505863597661e-06 2.253652218696478571e-06 1.773768099444493021e-05 3.952524716468461204e-05 2.079545820576014187e-05 -2.029513595512578690e-05
4.328545796330474331e-15 1.484043524153021298e-09 7.491104081378352033e-09 2.147970196653836583e-08 9.343927225672672742e-08 3.408887835217539880e-07 1.217548416172218598e-06 5.630446127809453115e-07 7.270507061785564811e-06 9.470443488014487849e-06 2.408497471459292833e-05 2.183515133040464206e-05 2.339463178676672524e-05
-1.146903195841526419e-15 -3.984323197787548635e-10 -5.467718332666768070e-10 4.602535043566657984e-09 9.706568380468344921e-08 2.563448169634767150e-07 1.072162046202664965e-06 2.095685252011894436e-06 1.133441602053914785e-05 2.041654594788370864e-05 3.816751260507196471e-05 4.190291245671791653e-05 4.426353384731029726e-05
-3.263758527058793557e-19 -1.384047111173127130e-10 6.162093454333955776e-09 3.347675521471577204e-08 6.620204067861939705e-08 2.170543845467252468e-07 8.806943111459514013e-07 4.569279469032227469e-06 2.713483050948198826e-06 -9.605587289318625777e-06 -1.261586554999733901e-05 2.760768166844881476e-05 -6.581916464242881658e-06
-7.681860385963270983e-17 7.522022683032108487e-10 -8.366854942275477235e-11 1.403436166064864388e-08 1.283600891712420978e-08 4.025329058444014755e-07 7.863954702278067379e-07 1.351594928823958000e-06 4.428121434281617745e-06 5.246697758100928010e-06 -1.362822964554202749e-05 4.067118117054852456e-05 1.707753231805889769e-05
