-4.359790418803348626e-10
-1.159875288478131461e-10
-2.766078863965191818e-10
-1.555708544158568853e-10
-8.803910735295982404e-11
-3.434765713310394686e-11
-9.007143559701466038e-11
8.432973560059228432e-11
-3.454558744091790924e-11
5.067945662714815442e-11
1.001665509900822411e-10
-1.363060090729156985e-11
-8.083958365425348149e-12
6.981056489640725951e-11
4.648585450419308561e-12
-2.235950712098920464e-11
-2.332731761471284611e-11
3.025000635602037335e-11
4.097618797762570810e-11
5.097500459783252812e-11
-1.418245970503602538e-11
-4.599306526300139678e-11
-2.116025872935973723e-11
-1.286000712417109859e-11
2.208112311714382720e-11
-9.268885730696370862e-12
2.982399536055411082e-12
1.279250511373658169e-11
-4.697541173818939714e-11
3.683844312101068005e-11
2.345149244827438580e-11
-4.805981369255690352e-12
1.740051227428027718e-11
3.505061094843639839e-12
-8.966386829143247431e-12
-1.699362801192246256e-11
-6.346152935069361733e-12
-2.394964526639129381e-11
-1.199633800406479604e-11
1.998226986536832931e-12
-1.332861043084079898e-11
1.735050386429626454e-11
-1.067220798570475379e-11
8.643534650993193787e-12
5.307079455403029586e-12
1.039011968298387414e-11
1.677349731655280820e-11
1.938979152649618029e-12
1.483937358034730104e-11
-2.193502549512869613e-11
-3.978448990887276030e-12
8.430609117876981805e-12
2.756652319019528702e-12
-5.361283205322272903e-12
-1.903579004295976003e-11
9.065567581483165706e-12
6.888294317272404398e-12
1.606215040464824442e-13
-2.672051862597078989e-12
4.621776122604603194e-12
-6.435108380390407787e-14
-2.230620313299096679e-12
4.626950759281837495e-12
-2.031923774873435558e-12
7.008963448732603829e-12
-2.011542950580303284e-11
-3.941848608615043075e-12
-1.480368144077892517e-12
1.693056370036240752e-11
-9.040675275544048870e-12
-1.002355565856886380e-12
1.066650128069746271e-11
9.412316767114553642e-12
1.362746083224003185e-11
1.256431403676353321e-13
-8.461300698869187864e-12
-1.867079054275780853e-11
2.866131368078271392e-12
6.188727858229577905e-12
-3.460362080535669562e-12
-5.409725796084062974e-12
-5.517142739362088189e-12
-1.832683825962346700e-12
-2.774873540064207283e-12
3.860008816670164768e-12
-2.904938707680916033e-12
1.387974961653274447e-12
-1.405085715492757806e-12
5.352920595363723468e-12
-5.590557313994690349e-12
-3.794797478922739369e-12
1.654487688563541242e-12
-5.094341251663418807e-12
-7.049801932277024111e-12
5.591599524163084114e-12
3.112942219118446086e-12
3.516836604324326409e-12
4.073400742942341956e-12
5.400150373307809783e-12
-7.614472861277855188e-12
2.260617423554624909e-12
8.642526249718343170e-12
6.282276023299172361e-12
-4.105837908113389528e-12
1.910625015463949549e-12
-3.234563870182706926e-13
-1.541739571723940288e-11
6.322617403494347845e-12
3.825477158124964950e-12
5.983921702545565924e-13
-4.893694872312520794e-12
5.706730927437159627e-12
7.530929709690859437e-13
1.195002403995989006e-12
-2.701667349574120956e-12
2.706057329242770873e-12
-3.489522044021147651e-12
-1.776243545253762391e-12
3.747624777226710906e-12
-5.359603099949882745e-13
-1.216824866924622457e-12
-4.373291463206772392e-13
-1.477009808721442069e-12
-9.088351021271271675e-12
9.430464051306372745e-13
-5.421761358585729735e-13
-7.692904298897107452e-12
-2.923034837633664674e-12
2.366747592720118346e-12
4.297506036906740619e-13
3.743098660545575483e-12
-2.380599634346062881e-12
-2.334385893458484230e-12
-3.490721226071336414e-12
4.003959146850387992e-12
-9.348626064355406978e-13
4.526776251619132216e-12
2.412769605525157141e-12
-1.691408533813090133e-12
-3.673128114667615730e-12
-9.772308354069155328e-13
3.263981279855500841e-12
-5.078900149806700031e-13
3.870856463313559501e-12
1.548786016523541631e-12
-1.501736753984430624e-12
-3.007361195403523850e-12
-1.922063062882691942e-12
-2.193034565670710318e-12
2.752863186730073642e-12
-4.251108676974531003e-13
7.327613219642998174e-13
-2.359536424841229605e-13
1.400379002766337098e-12
-2.229848883129039106e-12
-2.895871235281277602e-12
-5.319442551072623496e-12
-1.640483182968349696e-12
-2.921789377969895616e-14
-4.073342941173408700e-12
6.535994026028535683e-13
7.417867882640441501e-13
1.860195281092893837e-12
2.563290279586825380e-12
1.373039522352557662e-12
-5.139912814520092655e-12
-4.458583918836905675e-13
3.271682417687489363e-12
-1.914303353555710934e-12
-1.965405518503663999e-12
-1.125808921869180766e-12
1.972441817794881107e-12
2.422704419713897748e-12
-1.071846600174923636e-12
-3.043515098804323692e-13
1.482591951424411236e-12
2.135372428803276496e-12
-1.411701940869900333e-12
3.121859231060781979e-12
2.760819738184467515e-12
5.100370680562687425e-12
-3.199446107286495766e-14
-1.689411002583128886e-12
-2.016711535880022382e-12
-8.424557586636785960e-13
1.543255468031844901e-12
-7.419164959938982888e-13
-6.622311609761327376e-13
-1.238896655010322824e-12
-4.830725969274659203e-15
-1.809375240434103123e-12
-3.906643630547426673e-12
-1.792835881452672637e-13
-3.005137399111771974e-12
-2.271842878764326286e-12
-2.649106470829889094e-12
1.468742014839417436e-12
1.370997785253883387e-12
3.421353551058836609e-12
-7.984545517327603139e-13
-2.407081122404270606e-12
-7.577948945961913707e-13
3.274679892624977898e-13
-1.465447930438175137e-12
-6.215822750737625726e-14
-2.484320643055578067e-12
1.553365971745593562e-12
-6.598912270468948054e-13
-8.636087755039051534e-13
-2.184501547271673661e-13
2.405997509496052231e-12
9.666131812884599370e-13
4.869559706499071166e-13
-1.163583236192966812e-12
9.259626689396121220e-13
-9.240552982438001547e-13
5.414585638671221266e-13
1.487312437597579286e-12
4.649314417030682392e-15
7.170275769496219299e-13
-7.500395111588954648e-14
-9.956043979817997011e-13
-7.172122712587779382e-13
-2.122811119966223646e-12
3.824002385868180888e-14
1.821429038807266965e-12
1.538804506396364967e-13
-3.730097806665802020e-13
1.051631637310760795e-12
4.705076339270186188e-13
3.105014453987432380e-13
-1.276476281473019387e-12
-1.002429197979149643e-12
-2.212106893963546365e-13
1.729826083912382251e-12
-1.786309107875990483e-12
7.353206516861998154e-13
1.740315082217507268e-12
2.142644568601043127e-12
1.116751484809072933e-12
1.743156592263274185e-12
8.029206247457048010e-13
-1.579684017400969281e-12
-1.993361489497234405e-12
-7.710814298066676754e-13
-1.380298109627987318e-12
1.232840364291101120e-12
-5.853183021323457065e-13
6.294402449014032334e-13
-3.185360153045752480e-13
-3.416199973978098133e-13
4.627111417485346333e-13
4.212955281233050225e-13
-1.758277209838335002e-12
-8.742914615246983601e-13
-5.971866081581139865e-13
-7.845246697992120070e-13
-6.794153352946731573e-13
-5.113086870762340383e-13
-7.485669282865249415e-13
-1.410200527118191131e-12
-3.102382942429035412e-13
-1.224986660490316139e-12
7.915900168348954043e-13
5.204467946091175751e-13
-3.209404279397159740e-13
-3.197769369247608869e-13
-9.844580143402933084e-14
2.133299398879246722e-13
3.672936190572725680e-13
-5.631491603223101162e-13
2.965016831403221032e-14
-1.101680506594964503e-12
6.706365593802028883e-13
-2.008319132986783000e-12
-4.817583798854365685e-13
8.140038133287920038e-13
1.199207794334379106e-12
-1.057075613200612555e-12
-4.235425698346447679e-13
6.993635452017769854e-13
-2.167406722907392921e-13
4.287221652458188753e-13
-3.253968135860387523e-13
3.534074516751193971e-14
-1.867386398107016681e-13
-8.927482758497908772e-13
-5.767338355556911202e-14
4.955481704973797619e-13
-9.237961770772637503e-13
4.899956955492275613e-13
-9.707959704893110268e-14
-1.271592429272114146e-13
2.084164931178247733e-13
-7.054782906672654373e-13
2.787763932872777646e-14
4.833781700839966167e-13
-2.196199801352062464e-13
1.797633005541400862e-12
-4.754686678496317065e-13
-4.668611057244880011e-13
-6.122752376734978715e-13
-5.799139455388237700e-13
4.787381481707063121e-13
3.724479195673632484e-13
-5.602126891298338779e-14
2.637210753104962841e-13
4.962645583090584084e-14
6.613984467238874721e-13
-2.705514668424801918e-13
-6.629332647722073336e-13
-7.367299726967038893e-13
3.007528603259159477e-13
2.736237985623882892e-13
-6.088460579078855235e-14
1.983605409728279484e-14
-3.385364462971803725e-13
7.239634660625657791e-13
-2.388343067942145297e-13
-3.615927514665932953e-13
-4.397552362533277085e-13
-4.120198762566338881e-13
2.537936376034053784e-14
8.674298209295800871e-13
7.613036671248419207e-13
3.788858851048546257e-13
1.593340960763565438e-13
-2.731016921106819973e-13
1.705984865994172665e-13
-1.854482374824894334e-13
-1.137150209342046845e-13
-2.251054752258168490e-13
1.351733906765607889e-13
6.285085383008078476e-13
4.484798480579780207e-13
-3.362254796443124154e-13
2.069213844786526195e-13
4.691590518067272973e-13
1.004966737734852871e-13
5.202171338662702316e-13
-2.186957687879742222e-13
-1.323054095447253995e-13
-7.460252412661358151e-14
2.674415900471801914e-13
1.050463829582830844e-13
2.524235013288597468e-13
-1.351567385838838387e-13
-1.008819607037286477e-13
-5.163417242094541235e-13
-1.068880405717722774e-13
-4.577324125532643817e-13
1.134897509329334235e-13
4.031564188535673377e-13
-9.572667084626048787e-14
2.470629057490289681e-13
3.720586701528434605e-13
2.091139061926657033e-13
2.295162319341040755e-13
-1.496368347934267903e-13
-1.564045598346168707e-13
1.761330121863513401e-14
-1.685703055362081413e-13
3.577630791028689913e-13
-1.724338617255111676e-13
1.208204961657749118e-13
2.623365184835605816e-13
-1.383383563142855293e-13
-9.002092417374698229e-14
2.410244022219030835e-13
-3.351727560064100522e-13
-1.761406917756792821e-13
2.825909733471389666e-13
-4.604052089921263625e-13
-1.266193859248890233e-13
-1.200601060868699576e-13
1.608190145173897386e-13
3.447410454301918380e-13
3.863851048794012915e-13
4.267694871842061333e-14
-1.724943439284212409e-13
-1.887573019819903071e-13
-4.759461234918374204e-15
-2.156009071971372285e-13
-3.360836185264852735e-13
2.314906971020941518e-13
1.685343484932161232e-13
-2.520661900451702483e-13
-1.643259442478760536e-14
-6.171353746221378374e-14
-8.691353330778856596e-14
1.460531292856464208e-15
-5.562007615056368317e-14
9.322187917108658041e-15
-1.177173662223241861e-13
-2.092502476830151883e-13
1.424263186380495055e-13
-2.492771362970136127e-13
3.593557537172764730e-15
-1.121889712558903867e-13
2.265356789329071541e-13
2.999035060612236103e-13
-1.820954116108795225e-13
-8.288447437016134100e-14
-9.703500758125401297e-14
-1.386182136450865815e-13
4.462158646804605782e-14
7.571217970902366830e-14
-2.716035745823593841e-13
-9.371542468721357187e-14
-7.703252362475243670e-14
8.524911964188376548e-14
-1.505162769919145230e-13
1.049717348079202233e-13
5.042794059996402455e-13
-1.306915200169508922e-13
5.224628100572928105e-14
9.411850374319795551e-14
8.135449949484359118e-14
-3.824456237234284149e-15
-9.398962017285366586e-14
1.839047375440195112e-13
-8.698076086772812714e-14
-5.710727771459688355e-14
-6.884255797297664845e-14
4.165538853021225849e-14
1.999493560108098542e-14
-1.643484543656460815e-13
-1.333054344102287653e-13
-2.627678591568068053e-13
-1.387435488286328637e-13
-2.370476480474035646e-14
2.335459061320574531e-13
-1.457250711869877632e-13
2.234722753541802010e-13
3.897411222254190997e-14
-6.407729947296907073e-15
2.495301745389380367e-13
-1.625372578335014861e-14
3.934639945909728974e-14
1.162460032685402210e-13
-8.293220473095222970e-14
-2.977153745169621016e-14
1.294115142517744302e-13
-2.122518608200037809e-14
2.326674639509578144e-14
2.007647095298933937e-13
-2.057175591367609060e-14
-5.666358826146809157e-14
-3.402946078085749727e-13
-1.254799482597899662e-13
-5.946249110181076808e-15
-2.386281443744943042e-13
-6.813983233175506788e-14
-6.150230898983737382e-14
-1.635288893358062699e-14
3.347961223762083727e-13
6.263682178478940779e-14
-9.581624952859242027e-14
-1.767909502149276680e-14
-1.829524112701702383e-13
1.698715929828148703e-13
-2.057934531636134147e-13
6.721300582465488827e-14
5.767536543301226368e-15
-1.588558637982265628e-14
1.792482372595334977e-13
1.779845769981736975e-14
2.396136359785634017e-14
-5.502134590956127118e-15
-3.636437950894598514e-14
-1.959837659759624477e-14
2.201096119246286216e-13
5.117978954633654673e-14
-3.129946362501499873e-14
7.481280955567876294e-15
-2.654950604143950244e-14
4.061418323368258199e-14
-1.721299364080936306e-13
9.539995607060034770e-14
5.839253038215598031e-15
-2.111710443178397951e-13
1.395154401464719147e-13
-1.535355737519512805e-13
-4.142282799883054586e-14
2.653876320621888615e-13
3.399635723760566179e-14
1.331037002961104883e-13
-3.480839120452605924e-14
1.234141524740981449e-13
5.351074542627432717e-14
6.307148244309813549e-14
1.380702794605819733e-13
-3.932259166473413134e-14
1.077646241468564542e-13
9.444515732219962052e-14
-5.803160387477183522e-14
1.778565075378298056e-13
1.489391250716338655e-13
1.230008865706548960e-13
1.964202383747383440e-14
5.457160258808791303e-14
5.716573353974671163e-14
1.395709810432805211e-14
1.398656529171580006e-13
5.188589499064197756e-14
-6.249212283473750591e-15
-1.372825682286295495e-13
-3.096320391779658409e-14
-1.481478909548174422e-13
1.637721108125601591e-13
2.507597743746773178e-14
-9.325186824978333771e-14
2.609005002122224807e-14
-1.528419673067586110e-13
3.440509218763454409e-14
1.550257461100576821e-14
-5.698108880432666241e-14
-1.017072553381252957e-14
-1.022267270860800975e-13
-1.157980970661241935e-13
-2.334215545079127153e-14
2.559339520435850914e-14
1.228648749274245247e-13
1.355899190903183148e-13
9.868236449359836458e-14
-1.919348083684493263e-13
-2.460211123870715391e-14
-2.793123837318452749e-14
-1.431466840048173953e-13
-5.431047145275971913e-14
5.933712443294821113e-14
6.268349183250401031e-14
8.278917934476995092e-14
-2.915696873406305182e-13
-6.919193223859246918e-14
1.495398280714434518e-13
-5.483777014977819325e-14
-8.896855737870365809e-14
4.127895052066487235e-14
1.339845048206694910e-13
-1.706481252417150219e-13
-2.615963883709864507e-13
7.608406355889735840e-14
-1.167590059272277345e-13
-1.566974287970731743e-13
1.940544858529850077e-13
-8.517352041800360005e-14
-1.514083079146390500e-13
-7.640004289711675436e-14
-2.139106587065255192e-14
1.477198446742344714e-13
-6.843631827340090403e-14
-1.853896304150370738e-13
-8.726332146673393470e-14
1.017190306839345215e-13
3.662769781768803837e-15
-1.147995519877348214e-13
-2.083213375429014413e-13
1.053480689126037832e-14
-1.326596179317763860e-14
-1.952063006013802406e-13
6.633294930174116328e-14
-2.059921921114652297e-14
9.545588554275266731e-14
-6.981817525546756153e-14
5.127358536697279542e-14
3.092105709408144614e-14
3.198427593020050150e-14
-7.302111695916396062e-14
-1.073417458246584237e-13
1.067777060534065239e-13
-1.440195381489204510e-13
-6.755478008374229064e-14
4.262911749916172645e-14
1.276290209353598041e-13
4.865680827229549670e-14
-1.031596336595972191e-13
-1.817670944779953126e-14
3.103999745290258117e-13
-2.941545650200062381e-14
1.790574124661835319e-13
-4.318345640853711708e-14
8.021781784248670371e-14
-3.562477128542627422e-14
6.036890527233575315e-15
6.089357458345051856e-14
4.859186607922979052e-14
1.002025262205371554e-14
6.274202279075496173e-14
-6.588440761559506782e-14
-2.537958392474421323e-14
-4.563403211076104107e-14
1.063377841238465041e-13
-2.114293229952835049e-14
-1.394793563657067255e-14
-1.174662674725453529e-13
-6.585085956258073142e-14
7.527325006398656474e-14
1.094000036447781357e-13
-3.314410385718102213e-14
-5.704300827947320213e-14
-1.128177593109253593e-13
7.640533467323720290e-14
-6.544566425536295823e-14
3.326449183356926975e-14
-9.311102210447938821e-14
-1.091325666969901798e-13
-3.332659403265247016e-14
9.638268248732137236e-14
-5.836694957840699798e-14
-7.877673154554277473e-14
1.458226026389280096e-13
-1.366828320525815544e-13
-1.288632247255751193e-13
7.658398376100412781e-14
-7.267310048937434792e-14
9.618268529607563101e-14
-4.077643198388471029e-14
1.876617374806915864e-13
2.708064990455727744e-14
-4.071298295352273589e-14
-6.868625449388460925e-14
4.117502177336448500e-14
5.973025412474768035e-14
1.992250712451821198e-14
5.078070780632177782e-14
9.681173093774640787e-14
1.131490911534578524e-13
6.951108670599059258e-14
-7.195240684739904927e-14
-2.179336109471658061e-14
5.190449741891022307e-14
-9.934268479980566767e-14
7.822383203701476545e-14
-1.091724249009006763e-14
-3.734498957030204331e-14
-3.059939415263384925e-14
-4.774331133242900578e-14
2.859128631983731466e-14
2.758792872105032376e-14
-2.983528764244408527e-14
-1.714154992412412878e-14
-4.515368107138112852e-14
-2.415736441718168333e-14
-6.943405756602903876e-14
-1.568594037426427457e-16
-1.726406877083420456e-15
-6.355725652238230107e-14
4.177541883210911048e-14
-4.651135378817706832e-14
-3.852412510529949340e-14
-6.860566880857554066e-15
-1.520477931127648448e-14
7.419431964032946210e-14
9.325326075698933453e-14
6.947598705084365760e-14
-4.553251465950265273e-14
1.353305406282077725e-13
-2.995126009128312946e-14
5.254376598974926982e-14
-6.900270864375168450e-14
-9.791443534527048307e-14
6.082215601079521734e-14
-5.623930102795571744e-14
-3.112461189415079554e-14
-5.646978611746406976e-14
9.775519833986574975e-14
5.648140496433775896e-14
3.036708997265433332e-14
-1.697644356857008425e-14
2.070479460439245098e-14
1.712880955382362462e-14
1.828021096118662224e-14
1.906079797765273608e-14
-2.733248769678601871e-14
7.211137597856359143e-15
9.196121686621576207e-14
-2.157628796826453655e-14
3.277526912012416666e-14
2.559259373660629171e-15
2.179188466977976992e-14
4.620173857224459552e-14
1.260608836231565859e-14
3.921484709797649204e-15
-3.807955247936292739e-14
5.907058569615836066e-14
-3.677369318383400127e-15
3.721099411941817965e-15
-3.947132428524183815e-14
6.942084321486532646e-16
-5.893019266385014088e-14
3.136267522032431129e-15
2.803889175599332538e-14
1.513447215167511338e-14
-5.747599576859653905e-14
-3.050236492617946894e-14
-2.570715532821577123e-14
4.669800540334986169e-14
-2.267180609272309204e-14
-9.347457076380441319e-14
-4.222512598131861316e-14
-3.043539066633241447e-14
9.592866972357508695e-14
-5.600631768054705897e-14
-1.578720675134029144e-14
-9.270707776914963723e-14
-1.669341798718396947e-14
-4.121988676432017617e-15
3.395574827920045152e-14
-7.052841342926901657e-14
2.101420740646765285e-14
7.240214162991968177e-14
-5.748913989084789453e-15
-9.589605596137902711e-15
-4.333511963530247497e-14
-2.550502573517014802e-14
-8.591783019015112290e-15
-5.189341835446178323e-14
7.529208361672357732e-14
1.427758308568507738e-14
-4.645624071528317975e-14
1.924221736949641742e-15
-4.814306336486504520e-14
5.965031177772912745e-15
-3.497372041748793612e-14
-7.012131649345585756e-14
3.151196557112474384e-16
1.285924394484628686e-14
4.656128338018786735e-14
-9.813812264258325678e-14
-4.927074685354816772e-14
-7.807481845941588551e-14
-4.860830179035882314e-15
2.732115086217950127e-14
-2.468291097952735083e-14
3.917769522026289268e-15
1.051413815014774934e-15
5.577765540600781563e-14
-5.409379929190963864e-14
2.371425324255978593e-14
-2.197719914172085667e-14
4.489997453626780888e-14
2.115245972504215813e-14
-7.703367048754656172e-15
3.682741814172072683e-14
-3.020509597670591961e-14
-2.261075824531909359e-14
5.459098861079620784e-14
2.876155543704868788e-14
-7.025703556831737296e-15
-9.438371412039239000e-14
1.489315079590786066e-14
-1.882899152747574019e-14
8.502629716249602776e-14
-2.109628721085944896e-14
2.725265646417909992e-14
-4.942478942704306209e-14
-2.650484107039763795e-14
1.254523701299336273e-14
5.821479592997532283e-14
1.107665418536411835e-14
1.983373319354509117e-14
1.306098707060047361e-14
-2.544952859918410114e-14
-2.558784434379789636e-14
4.912079441166800260e-14
-6.824346390268730601e-15
6.900330577319786448e-15
-1.606452839960564457e-13
5.594474157849432416e-14
-1.524723814428421520e-14
1.697908045386504344e-14
-1.036947139251951741e-14
-4.898149588568500856e-15
1.356159563849888537e-14
-6.869565488606358866e-14
9.077154792265535625e-14
2.821582172864556834e-14
-4.651453833634279253e-14
1.774403847498251704e-14
5.524350796070341247e-15
-3.735061185550241384e-14
-5.320203730882751672e-14
-7.823452640960495610e-16
-3.661395717765152201e-14
-5.029486666916891191e-15
7.357565414898592442e-14
7.668660897079714957e-14
8.464381805473537587e-15
2.345250519689393968e-14
-5.502001439765084720e-14
5.162376750808192292e-14
9.523925593563074606e-16
9.386477503800687553e-15
-2.268828437604828841e-14
5.270568543513070002e-14
-6.977106782375303648e-14
-1.030867450404256456e-14
6.957081384039549604e-14
-6.547115042976600060e-15
-1.988362346085997002e-15
-2.701239320181759285e-15
-5.328736449133304295e-15
1.118975914346236571e-14
-4.461964732985005852e-15
-4.258026916193303948e-14
2.085716780709830380e-14
3.662146073588581107e-14
7.043161481586902156e-15
-1.045618318722934346e-14
-3.980829888850333347e-14
7.417994526857173064e-14
-1.179605366690421298e-14
-3.232437370266199498e-14
-3.627991614146831347e-14
-4.744997713002560810e-14
-2.729019923061679469e-14
8.051680918898745193e-15
-1.333014639848892011e-14
-5.451825565493724780e-14
-1.471963965012415917e-15
2.014129793861793433e-14
8.929795072757596387e-16
-5.976104546365788993e-15
-7.803699216288816491e-14
6.510006860931811518e-14
1.943678021996114646e-14
-3.721247382368172911e-16
-3.138280933675670584e-14
-5.567654012598427877e-15
1.858102506710379640e-14
1.002346576663240802e-13
-6.729301302802994761e-14
-3.027055933803081729e-14
5.988220364995312155e-14
5.759291000300654819e-14
3.322408252126720054e-14
-7.551734952132853052e-14
-4.157101400256761631e-14
2.914665102724571998e-14
-2.757248325643840396e-14
-1.263499849094702898e-14
1.963338344552238341e-14
-3.799273166836287348e-14
-1.364102837588514395e-14
8.467033290671617289e-15
1.454482942386311677e-14
-5.011560979499925955e-14
5.074264753590644293e-14
3.706589177906820831e-14
-3.378366772494681242e-14
-6.513045016976125467e-14
-1.184773953020621416e-14
-1.863926453530793723e-14
-1.516089286702708025e-14
7.801254645163618486e-16
1.628662622489840737e-14
2.033292986618466602e-14
8.149961864488357700e-16
7.869714650030722768e-15
-5.756595333891986713e-14
3.880967663347717481e-15
-1.092715039741808114e-14
2.737215099076051900e-14
5.758508186133348671e-14
2.604879198699144370e-14
8.114220532355251758e-15
-2.864970142678842876e-14
-6.567228730794538272e-14
1.996295069714722946e-14
-1.193012434119029239e-14
2.074995023574708305e-14
-2.950973435111083369e-14
3.259635835134143797e-14
-1.236039532275542202e-14
-1.291877179796440789e-14
-4.351294313126176805e-14
5.142492409880312473e-15
-2.675952008147808453e-14
-9.056861293013125200e-15
7.839392626138260900e-15
4.380189061089026954e-14
-1.544095790698052872e-14
6.016511433822174814e-16
3.134847214263980072e-14
1.005338974780328655e-14
-4.587757226813490495e-14
-3.209780474420896991e-15
9.520707038622255005e-15
2.502738511341539291e-14
-4.289216157199916731e-15
3.622611652176828466e-14
-3.336745113909452857e-14
3.578585898983820843e-14
-6.870989415722784021e-14
3.454192834324447140e-16
-2.702201822353585203e-14
7.024405038879804295e-15
6.171705892748233382e-17
-1.149569791488992136e-14
4.148822638032358043e-14
-2.099348506180266478e-17
-1.039595005591322604e-14
-5.066409052834811496e-14
-1.772594411066644262e-14
1.521038943954180901e-14
2.659309509582727750e-14
2.437276319629992097e-16
-2.943570935975813656e-14
-3.542488465559445464e-14
-1.478203707496900725e-15
1.780349759255687837e-14
1.948078199584110699e-14
-3.275009860590033294e-14
1.396324238737232921e-14
-8.515927582192350909e-15
1.530707152061019119e-15
9.998036146307735108e-15
2.547086095976934705e-14
2.623771762206688926e-14
6.474661422395791000e-15
1.041619571680722266e-14
-2.314239794611185162e-14
1.562169934910409296e-14
-4.989824698996968325e-15
-4.047551836771470677e-14
2.581104891223416906e-14
2.744893080072092022e-14
4.311243513546254365e-15
-2.773036928622971852e-15
1.390766547144479862e-14
-4.242108626913400338e-15
5.646171490506472099e-15
9.359575649163160299e-15
-2.126131100680541761e-14
-2.342860732205693980e-15
4.911327502284698689e-15
1.295958045140308592e-14
2.453540995675587111e-14
5.733194887302488053e-16
2.323992361706861034e-14
3.965556785161576343e-14
1.973961094505809441e-14
-5.510293333328797620e-16
-2.032027790191325838e-14
-5.384718154174417618e-14
5.760220277333817673e-15
-5.052914270525462143e-15
4.985208722737686392e-15
-1.169767123323245498e-14
3.329855684297278943e-14
8.074000482182784201e-15
8.592112068722882634e-15
5.725077503950764499e-15
-1.298206337348714500e-14
-4.981609973834888050e-15
-3.021330480906797151e-14
-1.245980761339463695e-14
8.634860728767545966e-15
-2.271713657696445181e-14
8.480080536990398060e-15
1.382715184090570494e-14
-1.989231709623941201e-14
-9.164314788709769017e-15
9.316317950700089070e-15
-3.782212573795028289e-15
-3.097797287609861881e-14
-3.405947641398966094e-14
3.876114049654389633e-14
-3.567923727137030743e-14
3.015733351929891235e-14
-2.167354813032403020e-14
6.586923572627625763e-15
3.158700478191653268e-15
-2.529974255865647829e-15
1.484513596992970973e-15
-1.226124082317909868e-14
-1.188240284372688297e-16
3.550650541075830479e-15
2.896291973263408873e-14
6.313704572893254643e-15
-6.655898463435564403e-15
1.406980027091429287e-14
1.028186629995840795e-15
-3.752470508522432839e-14
-1.389224591541721436e-14
5.239887787783763559e-15
-1.635537083367343928e-14
-2.879402470852624294e-14
-4.324120686794080738e-15
3.614178167859960686e-14
-3.534687537532558561e-15
1.056619457200731159e-14
9.913244335939040441e-15
-1.259915361212942802e-14
2.002422887357187085e-14
1.703144188853627980e-14
8.284066808825865456e-16
5.767539744230037722e-15
-1.292801550966535002e-15
-9.754208991349318747e-15
1.146211689629623646e-14
6.751929638078857171e-15
-9.486306649234006524e-15
1.009152828886499209e-14
-5.469880820265014961e-15
-2.591430562232277691e-14
-2.348248935073605733e-14
-1.737865373734715880e-14
-8.751350701710531646e-15
-5.113062613004417605e-15
-2.170311017255590157e-15
9.925651580277797747e-15
-1.445060097503271957e-14
1.704446915319570472e-14
1.325406574957433421e-14
-2.760902376052567879e-14
1.262184978441828906e-14
1.054410358034033948e-14
-1.815715778600212688e-15
6.940595876055839801e-15
-2.824015655848139146e-15
-1.677791724016882096e-14
1.316513123452751727e-14
-8.100972767922872307e-15
-4.291867745287419110e-18
1.072824528575228971e-17
-4.697386141787283016e-18
1.126268126474984664e-17
-5.102066201889335433e-18
1.171244524792322432e-17
-5.498132375733773367e-18
1.205793368219833858e-17
-5.876919743879196545e-18
1.227989683619151729e-17
-6.229034797403827501e-18
1.236026873658662657e-17
-6.544629474223555524e-18
1.228311033125749476e-17
-6.813757710980308923e-18
1.203556492373582376e-17
-7.026768974665041737e-18
1.160882327367890886e-17
-7.174772401707492182e-18
1.099910585595170651e-17
-7.250186004290139185e-18
1.020853816440793489e-17
-7.247300901513664426e-18
9.245795946004314702e-18
-7.162811465297729811e-18
8.126521991149915010e-18
-6.996317036319260533e-18
6.873480862832349354e-18
-6.750753952263144326e-18
5.516305126512809952e-18
-6.432666005294447765e-18
4.090772461231474887e-18
-6.052266407929080836e-18
2.637684866362133807e-18
-5.623281071374697953e-18
1.201354774029048451e-18
-5.162529831947596324e-18
-1.723467334430979640e-19
-4.689198664049939611e-18
-1.438269371021831665e-18
-4.223818227627155696e-18
-2.554389156737978271e-18
-3.787007597892708104e-18
-3.484233849008255505e-18
-3.398041032133759362e-18
-4.199216833674230346e-18
-3.073313702362063005e-18
-4.680627805637665051e-18
-2.824841241012152248e-18
-4.921049223598479953e-18
-2.658968951874216191e-18
-4.925106762306520039e-18
-2.575445629769540138e-18
-4.709456118793214183e-18
-2.566983029829775298e-18
-4.301874591605961412e-18
-2.619431141330104176e-18
-3.739471437709422152e-18
-2.712683358841452434e-18
-3.066176003691563268e-18
-2.822307842098229236e-18
-2.329659119747515010e-18
-2.921781638073331141e-18
-1.577884999995594148e-18
-2.985178566028731100e-18
-8.556271009397561080e-19
-2.990107553778795108e-18
-2.013003583908163185e-19
-2.920545546839335501e-18
3.556231156907934697e-19
-2.769148975792193163e-18
7.963655157373945394e-19
-2.538731595612091677e-18
1.113543189125821615e-18
-2.242657730771745617e-18
1.310754595226884315e-18
-1.903902720126012915e-18
1.401146581503345566e-18
-1.552709733856271154e-18
1.405117063890699944e-18
-1.223071198023430257e-18
1.347417480185936030e-18
-9.484158972720214940e-19
1.254038718671419701e-18
-7.569575962910591088e-19
1.149263716927117770e-18
-6.673490910932449942e-19
1.053204131657521907e-18
-6.854004728952033255e-19
9.800997864304214933e-19
-8.024600071123678456e-19
9.375613474887065650e-19
-9.958164737166131107e-19
9.267523002881291085e-19
-1.231296284708948497e-18
9.433708017738962319e-19
-1.467904663675060435e-18
9.792270887091106104e-19
-1.663901963555968020e-18
1.024128954111332234e-18
-1.783403460463267017e-18
1.067736279828813119e-18
-1.802484227610452937e-18
1.101115484414415201e-18
-1.713713500040138436e-18
1.117840598378609300e-18
-1.528150249389914991e-18
1.114562543886043959e-18
-1.274249444263095751e-18
1.091052954222242340e-18
-9.936825203870462397e-19
1.049844480808304964e-18
-7.345932608681746771e-19
9.956401528893393133e-19
-5.433289603983489460e-19
9.346168473345021306e-19
-4.561165465316657303e-19
8.736923825092552470e-19
-4.922629536492650729e-19
8.198022949497152157e-19
-6.502298047701420803e-19
7.791848746408115908e-19
-9.074731221517152520e-19
7.566169773252700330e-19
-1.224246996937462446e-18
7.545820926737199949e-19
-1.550729735574843339e-18
7.724746658437299053e-19
-1.836109701487180609e-18
8.060239042152041852e-19
-2.037830578699216181e-18
8.471452972599708762e-19
-2.129080759025605925e-18
8.844646210220403550e-19
-2.102928156194570553e-18
9.047172271709616166e-19
-1.972259854042532277e-18
8.949983609417478243e-19
-1.765638115289649711e-18
8.455560484257456074e-19
-1.520095606905166259e-18
7.526240789429883457e-19
-1.272636850840492844e-18
6.206426959892470460e-19
-1.052551152662845604e-18
4.631370253223390570e-19
-8.763693549955843946e-19
3.017080563951984457e-19
-7.465434842748681722e-19
1.630321016769938220e-19
-6.539518962902389311e-19
7.424601798330983992e-20
-5.832831035760476122e-19
5.753103677527462251e-20
-5.195009325131285759e-19
1.250700710911723974e-19
-4.533300026496615016e-19
2.756464790701705671e-19
-3.841048567306249077e-19
4.938377211372731268e-19
-3.191731862993183106e-19
7.521575173726376487e-19
-2.701456384578544544e-19
1.015794071660096763e-18
-2.473977823269116099e-19
1.248909986191837731e-18
-2.548916011604412833e-19
1.421013063868594000e-18
-2.872826634823409098e-19
1.511878686637327566e-18
-3.305200535640052658e-19
1.513933823302572883e-18
-3.659784357049808093e-19
1.431759442562095800e-18
-3.768539128329168165e-19
1.279194764054409598e-18
-3.545729687756407995e-19
1.075173089584720490e-18
-3.027841375560487412e-19
8.396871116010611451e-19
-2.372132028139709891e-19
5.910584225147106613e-19
-1.810035849641249281e-19
3.450113788972104130e-19
-1.567640391027962313e-19
1.152234770184744897e-19
-1.779035538702284921e-19
-8.557895615258960215e-20
-2.423666414415276050e-19
-2.451053526310132990e-19
-3.312958017002320348e-19
-3.524084615602368778e-19
-4.136252749368981717e-19
-4.002881363968140138e-19
-4.556239117794936839e-19
-3.883199613623111350e-19
-4.325541324231332786e-19
-3.250566810917189292e-19
-3.385751270674620907e-19
-2.279971706634516570e-19
-1.912886238050506865e-19
-1.205464871143008245e-19
-2.888388507527717255e-20
-2.630935201364416343e-20
9.982525369148497197e-20
3.766788487467680160e-20
1.497766845820455526e-19
6.633062440855213559e-20
9.405810484276460678e-20
6.853288976249012496e-20
-6.637198130518983717e-20
6.428399953931951034e-20
-3.010380410162182773e-19
7.776562922211033575e-20
-5.572997707930508670e-19
1.282603720691018865e-19
-7.747721775663028613e-19
2.221993187914659800e-19
-9.025072104840888527e-19
3.493742414023162161e-19
-9.135728571145540607e-19
4.850168088251783293e-19
-8.124144258001070206e-19
5.974144063073519226e-19
-6.326893910673380712e-19
6.586343615731702154e-19
-4.263244081156555336e-19
6.545487755646643212e-19
-2.474053005910141973e-19
5.903862488052010417e-19
-1.362212673944096077e-19
4.895429881006747486e-19
-1.086302422377977065e-19
3.857593972490178000e-19
-1.539339361313763800e-19
3.112031804978058019e-19
-2.414422528951831287e-19
2.846822706300265539e-19
-3.329111318886544639e-19
3.043945412533726398e-19
-3.960877440231256961e-19
3.480909084647375462e-19
-4.144992288913020312e-19
3.808852368631725875e-19
-3.904175052390857410e-19
3.681667156577481781e-19
-3.407614512305748662e-19
2.890620874732584212e-19
-2.883879756611734049e-19
1.454525378774922434e-19
-2.527773884074624531e-19
-3.694811691134522378e-20
-2.438891021504177487e-19
-2.160350721493679425e-19
-2.610644698861359881e-19
-3.467082495930909848e-19
-2.963320838994746599e-19
-3.954059731108528928e-19
-3.396131149287051267e-19
-3.504776044071720030e-19
-3.828754747181733398e-19
-2.247544982746131605e-19
-4.213341884449647419e-19
-4.983449838174150041e-20
-4.517955343769693158e-19
1.351953885812151057e-19
-4.700320600306920795e-19
2.959437339873894619e-19
-4.695391465232729942e-19
4.112498425891716844e-19
-4.429782849273440895e-19
4.756028423161411161e-19
-3.858079969095918021e-19
4.959649309257031991e-19
-3.000809529419980662e-19
4.857601168520496154e-19
-1.960266275651170682e-19
4.592821161593969354e-19
-9.016265722100466234e-20
4.285715941245414479e-19
-6.361465976472803584e-22
4.027408946062675780e-19
5.799520323357494470e-20
3.881506745246522065e-19
7.820099759101612039e-20
3.878939035885198175e-19
6.002511032337616252e-20
4.004905502616831676e-19
9.389147174109177072e-21
4.191675218117804077e-19
-6.409755716140903726e-20
4.333865747890194371e-19
-1.483813707460735950e-19
4.330449973552847508e-19
-2.292328084740138640e-19
4.136276515507238462e-19
-2.908733004528936975e-19
3.791093206880516270e-19
-3.184931563047395509e-19
3.401511889919890143e-19
-3.028856495615607840e-19
3.080166890303059526e-19
-2.453691245111162735e-19
2.877172020170192167e-19
-1.599538513399431940e-19
2.749518945964432337e-19
-7.053246061075200881e-20
2.594207518364630577e-19
-3.403685836166610350e-21
2.329510903279915223e-19
2.191151984256975289e-20
1.971728706025581023e-19
-5.519529315093737045e-22
1.650359221826053920e-19
-6.186894161971612529e-20
1.541253792339032398e-19
-1.425874817233970206e-19
1.753432680513615677e-19
-2.202573480245262269e-19
2.242572623782302472e-19
-2.765909195069275899e-19
2.814256143661470147e-19
-3.018182691873014439e-19
3.225103745897674445e-19
-2.956700827275113920e-19
3.323917790163317051e-19
-2.656729952706097745e-19
3.142783969234171010e-19
-2.237592834431325099e-19
2.874940235009008230e-19
-1.820599696317494186e-19
2.748392364378950120e-19
-1.487738010689233084e-19
2.874726472980385371e-19
-1.254638518428637272e-19
3.171724580909642602e-19
-1.074619457092783282e-19
3.410863043960744821e-19
-8.807337719310320143e-20
3.358560089732483911e-19
-6.477523171634313680e-20
2.919216312284379400e-19
-4.339208571768114706e-20
2.189391309112038744e-19
-3.660667171660105332e-20
1.394488024361992147e-19
-5.653564413849789519e-20
7.584964858957673011e-20
-1.054378946122724318e-19
3.968066510065494078e-20
-1.708146089179706677e-19
2.950374311473020979e-20
-2.291338731164254677e-19
3.683554759158782388e-20
-2.569634965235215414e-19
5.405344218125956281e-20
-2.431053991494728528e-19
7.796568261033763901e-20
-1.943274578247371910e-19
1.074281300204341630e-19
-1.313753959242824332e-19
1.388439086008117097e-19
-7.814386203056001264e-20
1.649605016884711007e-19
-5.074763430560618633e-20
1.788720688879560785e-19
-5.231753952670594242e-20
1.798554468767783881e-19
-7.491674966570840997e-20
1.754482622241266308e-19
-1.056576521506450756e-19
1.770665884190055628e-19
-1.327764894344655823e-19
1.919768103631573742e-19
-1.491384382225970019e-19
2.177401293010558090e-19
-1.531603415086765043e-19
2.434273856711853297e-19
-1.482238991455367571e-19
2.565906613045961412e-19
-1.410020183546418774e-19
2.507323225453591595e-19
-1.383429690532166137e-19
2.281745007067030879e-19
-1.430752897742483298e-19
1.972693989137501949e-19
-1.509335083405660152e-19
1.671342239460434466e-19
-1.515285515876263761e-19
1.440151579111236102e-19
-1.342592287539913093e-19
1.307868496496835802e-19
-9.629003263873876579e-20
1.280640881519801699e-19
-4.719767955807051156e-20
1.348346219103818898e-19
-6.043543638750965119e-21
1.482652958599501599e-19
8.685770697378096307e-21
1.639876938267200430e-19
-9.476868092536377711e-21
1.778603183217109334e-19
-4.982999132468431713e-20
1.883182128892572636e-19
-8.978212711007174907e-20
1.971300145995819615e-19
-1.076790971379988905e-19
2.073799399111386677e-19
-9.495848998201328881e-20
2.200054848213495073e-19
-5.985690705604391935e-20
2.317503317862363966e-19
-2.081691110157157655e-20
2.364354091541259891e-19
5.249372878297384870e-21
2.288975427478129314e-19
1.167534762629900097e-20
2.089231729425161538e-19
2.660675078838414698e-21
1.824696330943674299e-19
-1.273565204372600395e-20
1.592358881540089320e-19
-2.726610094594259322e-20
1.478373049066496864e-19
-3.792031914229721260e-20
1.511748306564767678e-19
-4.407731069569787928e-20
1.646368093747148886e-19
-4.506110386958913269e-20
1.785329200381346988e-19
-4.012240734024744161e-20
1.838032910999508036e-19
-3.031978409799898940e-20
1.776058912874268893e-19
-1.942726696011787940e-20
1.648490024375479764e-19
-1.215798650403119700e-20
1.542832778242466661e-19
-1.104766801810236777e-20
1.519368531887125295e-19
-1.488602204613388165e-20
1.570272907996853579e-19
-2.011104048008961857e-20
1.636116345949344221e-19
-2.377353625003797640e-20
1.663415425025042592e-19
-2.544393895971671319e-20
1.650508525578052078e-19
-2.685042688097006996e-20
1.641044078080252512e-19
-3.026107537567323174e-20
1.675449707059674477e-19
-3.716244634650249748e-20
1.750399515610912751e-19
-4.761722415607356881e-20
1.824083524984604893e-19
-5.992003564606061800e-20
1.855687054516654967e-19
-7.076160732127712012e-20
1.834979492201565398e-19
-7.660072281288929428e-20
1.775156148227507353e-19
-7.598137625149920179e-20
1.685869113743839628e-19
-7.104838920398048310e-20
1.563449226503632558e-19
-6.654563927161880717e-20
1.410763703550236148e-19
-6.664956949056271944e-20
1.259910547779003024e-19
-7.220253019123827887e-20
1.163355344579696009e-19
-8.076033736421162368e-20
1.153458293750364742e-19
-8.914111474680243408e-20
1.208565277579537113e-19
-9.567445724164309365e-20
1.262680145751636168e-19
-9.997119092805456705e-20
1.255107196861121089e-19
-1.011293165790302470e-19
1.177704572792040621e-19
-9.720234578587042768e-20
1.078622320166580286e-19
-8.713309139295743881e-20
1.020614994745391569e-19
-7.310622621202462610e-20
1.031255961894607634e-19
-6.034035953179454818e-20
1.085930080026990888e-19
-5.391789060333398096e-20
1.133275753804106565e-19
-5.538728198606157946e-20
1.138232676154842545e-19
-6.213095527933668821e-20
1.107105744290250288e-19
-6.982924716487690549e-20
1.075994347459466920e-19
-7.565268002277573053e-20
1.074976408004197079e-19
-7.952695038374272152e-20
1.101670631907101200e-19
-8.283964059993488415e-20
1.128022219029978236e-19
-8.622692769714256566e-20
1.130264822366239435e-19
-8.857474478513225482e-20
1.109951519384165238e-19
-8.792102106739084366e-20
1.087299689108182841e-19
-8.320609950378891003e-20
