6.528913281807958821e-11
-6.082671736930433242e-11
-1.591134791448540131e-10
3.923226032275941821e-12
2.913848299261025171e-11
1.640282801753652790e-10
1.009334963925752393e-11
2.090062031034593270e-10
3.140605254934552132e-11
9.268088903875731449e-11
1.574766657382106064e-10
4.591902122528278698e-11
4.289179852862296406e-11
1.320331474315882791e-10
5.337780867611419610e-11
1.361874612285981849e-11
1.735912907592369017e-11
6.546502489708621921e-11
8.073837508545530154e-11
8.624308510100552024e-11
2.146535632539686739e-11
-2.345789870050051949e-11
-3.246767363993102203e-12
1.685065404447463365e-11
3.979089305556880853e-11
7.527534153145083172e-12
1.595571979649063463e-11
3.517959024530440191e-11
-3.268674776429774313e-11
5.146460596994457225e-11
3.622051479022156059e-11
7.056242977743893329e-12
3.100443640168420259e-11
1.635893576535082441e-11
1.542483432247482953e-12
-6.622101938221128761e-12
1.885677802828271112e-12
-1.685723128931287334e-11
-2.614543805148867368e-12
9.308677309806292735e-12
-6.514798013069698566e-12
2.424693313836889927e-11
-4.078070142281905159e-12
1.407305289665021191e-11
1.013972259700225851e-11
1.499876728297252180e-11
2.268125623301313131e-11
6.893476083301972350e-12
1.954504744748649735e-11
-1.734627314260061331e-11
-5.107865485145724569e-13
1.313620596254119860e-11
6.634057584619265895e-12
-1.727301896719709063e-12
-1.492467894603294839e-11
1.252623176976080223e-11
1.026809007209901192e-11
2.964545796093604745e-12
-1.238301388810317934e-13
7.251157366750241865e-12
2.157592533915120948e-12
1.288462286488837337e-13
6.973857156885086199e-12
-7.953479857389745449e-14
9.234248327499961954e-12
-1.741342669162139242e-11
-1.974519402188598741e-12
6.437006115576038150e-13
1.881326815419438935e-11
-7.253030259096807702e-12
9.636907232646583996e-13
1.229579817266049163e-11
1.068057209458789256e-11
1.513006527562527753e-11
1.790655611240426936e-12
-7.075451314432712002e-12
-1.713517336740721375e-11
4.394418558915498995e-12
7.372409426038712826e-12
-2.259673591352770463e-12
-4.396618206396326832e-12
-4.177111088045175417e-12
-4.559065484187807976e-13
-1.505841074138056787e-12
5.037628732268635450e-12
-1.762403797674554995e-12
2.261112208693785674e-12
-3.880703885802057945e-13
6.415012865065696340e-12
-4.590883491213821550e-12
-3.080686243886392233e-12
2.576437813751555998e-12
-4.342593602193433412e-12
-6.162546529288748352e-12
6.367445002678965612e-12
3.780581428086429017e-12
4.192173992032310568e-12
4.779727592263212213e-12
6.107690465359600196e-12
-6.827485848388947061e-12
2.899814411429938947e-12
9.232364971192053953e-12
6.866769348526666788e-12
-3.525639686678133186e-12
2.440854536656313579e-12
1.848085585108073449e-13
-1.477002530940840675e-11
6.896928839250831883e-12
4.449485696588103124e-12
1.167390743994393664e-12
-4.359386254471884120e-12
6.251772520189208808e-12
1.251763892300391155e-12
1.669955625792465668e-12
-2.126282101960828112e-12
3.126767182096842513e-12
-3.067933690208791882e-12
-1.371397483367531631e-12
4.139568780038042475e-12
-1.233982454531163937e-13
-8.207797755258395169e-13
-1.448920453600841866e-13
-1.099495919094854725e-12
-8.631888709725832874e-12
1.249880874762390977e-12
-2.450728677550374070e-13
-7.317533852012494910e-12
-2.579722718941440605e-12
2.677604560172978600e-12
7.580906888080784467e-13
4.033509969575000406e-12
-2.107102551279445284e-12
-2.060733489026422717e-12
-3.177304746459474438e-12
4.286060841557083508e-12
-6.303804204751761707e-13
4.808934115702585382e-12
2.704244218387591502e-12
-1.397204833928115682e-12
-3.379961843041653619e-12
-7.036680995976827391e-13
3.531109681689363671e-12
-2.648748835263912531e-13
4.131587069261608677e-12
1.805569585696847960e-12
-1.261446365118671624e-12
-2.772145003688742066e-12
-1.721683427873208777e-12
-1.972996868681823217e-12
2.962447607914276684e-12
-2.254239312863843957e-13
9.415994840178661354e-13
-5.568396441416297687e-14
1.586817584332501795e-12
-2.051445836156055393e-12
-2.697477297480464389e-12
-5.152409613965376338e-12
-1.457719918884890950e-12
1.220254123834726108e-13
-3.915585976790398487e-12
8.497110599293827947e-13
9.030265405198353372e-13
2.015836722064847086e-12
2.732712434316015991e-12
1.545145958207161051e-12
-4.992282900543791955e-12
-2.873847740067067511e-13
3.435623819724017934e-12
-1.761175031471573871e-12
-1.808803745422663068e-12
-9.944217916077839096e-13
2.098308155377720392e-12
2.566959137569720770e-12
-9.414812743217650828e-13
-1.747726066478209253e-13
1.622505786918191643e-12
2.274349479081332162e-12
-1.292409881300566338e-12
3.262444875772013530e-12
2.875549598044939207e-12
5.220223015348271097e-12
6.675305943232136458e-14
-1.574300049304666338e-12
-1.890105055319628288e-12
-7.374290773845438948e-13
1.653026336468342179e-12
-6.425254498360887780e-13
-5.511477123092205877e-13
-1.136546704906433266e-12
9.148229423730785970e-14
-1.716195827308965336e-12
-3.803885442922812780e-12
-9.336972375104858376e-14
-2.898444056192118800e-12
-2.185496045155054992e-12
-2.557019293831758544e-12
1.558923514909794010e-12
1.459593130502331552e-12
3.502367403418236097e-12
-7.242720484864064718e-13
-2.318895852964033070e-12
-6.749771628326956325e-13
4.073464981368151765e-13
-1.381279208248363239e-12
1.402611083265038735e-14
-2.416450536245705986e-12
1.622571074593132189e-12
-5.885083155648534284e-13
-7.878040444521953056e-13
-1.474935716707187788e-13
2.475700438672011018e-12
1.039082076436536093e-12
5.557733235790305964e-13
-1.088775005724512792e-12
9.818632181268475031e-13
-8.639781460126189352e-13
6.018762008569523328e-13
1.547723360550665800e-12
6.268987689347077098e-14
7.763742934063129254e-13
-2.422192476145103123e-14
-9.412657191691556398e-13
-6.648367717682918601e-13
-2.067162609979183787e-12
9.722818533371170057e-14
1.871840705766388161e-12
2.036473736775602376e-13
-3.197584931228408699e-13
1.100347932892956461e-12
5.206640339031360023e-13
3.603354240100383732e-13
-1.226606028083892183e-12
-9.465133441820569563e-13
-1.737985888264257581e-13
1.780598223453506975e-12
-1.741770712281312678e-12
7.773658760742637532e-13
1.782823873836504316e-12
2.183569202847554413e-12
1.158591371804408231e-12
1.788648834299887205e-12
8.436381638182835355e-13
-1.542992401871105612e-12
-1.951160176968980298e-12
-7.286838141669067243e-13
-1.340545749502617215e-12
1.271707097191606894e-12
-5.457238012869082438e-13
6.698663573118665239e-13
-2.802759762154406756e-13
-3.044006117022504329e-13
4.985937054981644319e-13
4.587164319420100391e-13
-1.718185458665293652e-12
-8.423913341019127337e-13
-5.628616026890557266e-13
-7.498531252341896213e-13
-6.487513499741548560e-13
-4.801856349064575869e-13
-7.200571389724953155e-13
-1.376255711925378654e-12
-2.797335562592709394e-13
-1.189714015053969902e-12
8.238583231129326614e-13
5.530092054070285677e-13
-2.893003637421511820e-13
-2.891551177559632256e-13
-6.655491980993467008e-14
2.440278059924686123e-13
3.947692723690746940e-13
-5.321438534091099794e-13
5.715521286753046618e-14
-1.074827490465201712e-12
6.996162913176504508e-13
-1.979691035247374552e-12
-4.534304550291617695e-13
8.418993007375333759e-13
1.225237384889061996e-12
-1.029622699124693220e-12
-3.968263677031460969e-13
7.261179417475679629e-13
-1.925277999124508342e-13
4.596712469549491590e-13
-3.017643321838844324e-13
5.864242074522182328e-14
-1.622114755561639682e-13
-8.684039377633451118e-13
-3.390985014688358385e-14
5.185805255652311300e-13
-9.004141916631762853e-13
5.130676122638053908e-13
-7.408769911579335250e-14
-1.030988098941073608e-13
2.309861874317662617e-13
-6.838750768297480461e-13
4.922243034414902196e-14
5.053985012453268642e-13
-1.990994013922060470e-13
1.819813271883685465e-12
-4.531783359854853030e-13
-4.465199410398200869e-13
-5.930680221767884307e-13
-5.605339810067815477e-13
5.014080541967120119e-13
3.907789048984916415e-13
-3.767615725577370387e-14
2.843226736991836381e-13
6.972264401397471092e-14
6.788267647810627169e-13
-2.537710575713500861e-13
-6.440981568119935944e-13
-7.187076456187017023e-13
3.180760925182545189e-13
2.914801179177380164e-13
-4.268280279741905653e-14
3.625734406155221010e-14
-3.205949198960084658e-13
7.398344245001025236e-13
-2.207931606191145708e-13
-3.438844334798827165e-13
-4.243158495901500111e-13
-3.952958356493831187e-13
4.121090498344835700e-14
8.830456135599466826e-13
7.756829462039311159e-13
3.941480300132977013e-13
1.752779264723165388e-13
-2.570963219785363477e-13
1.856631254168423570e-13
-1.711754994459596976e-13
-9.932947484472131785e-14
-2.111119528931703778e-13
1.499258713212998062e-13
6.430691020486543435e-13
4.624360701711451124e-13
-3.234131345040005171e-13
2.207037416101422183e-13
4.826109248631937266e-13
1.142876208546580491e-13
5.349535958388079657e-13
-2.061712305484622083e-13
-1.197365456312647096e-13
-6.134179513209819710e-14
2.806944192687462623e-13
1.177196966413937785e-13
2.647609921862226683e-13
-1.235901805678408854e-13
-8.880153553087856756e-14
-5.041109588307359659e-13
-9.544299257922335297e-14
-4.462023935673591120e-13
1.259387594965803860e-13
4.142093199701152027e-13
-8.538691952942009925e-14
2.590596974916041126e-13
3.833945232235842790e-13
2.211281347752173810e-13
2.410175809734282789e-13
-1.382622303558323074e-13
-1.458748059517324098e-13
2.829880398442914546e-14
-1.577234122721643582e-13
3.676748199643931695e-13
-1.626248125216114002e-13
1.311896939955077201e-13
2.715239731174631544e-13
-1.283847435704337669e-13
-8.039367679824034104e-14
2.507117742582259511e-13
-3.249326436688634180e-13
-1.662801199796266666e-13
2.925049339324135767e-13
-4.515209147135443062e-13
-1.176181960748238272e-13
-1.117554799606866069e-13
1.708017848438035866e-13
3.533372422004279891e-13
3.953075104956006044e-13
5.183437977589431546e-14
-1.640135299552678587e-13
-1.808180185892232795e-13
3.904590844040081367e-15
-2.071468485487981805e-13
-3.271342616274569596e-13
2.402345713794290379e-13
1.766170178171612049e-13
-2.438665251055766131e-13
-8.129760906831923192e-15
-5.319105941158826284e-14
-7.872630658457114142e-14
9.108319835387671978e-15
-4.754062631144971281e-14
1.740907355548219167e-14
-1.104455548646499825e-13
-2.014525425661611289e-13
1.496450293911012108e-13
-2.418413325280863555e-13
1.056420831577247000e-14
-1.052836016400851927e-13
2.343055393661245985e-13
3.067298731191464593e-13
-1.750485008070118891e-13
-7.542552232309619558e-14
-9.049055275867351090e-14
-1.317044143924276897e-13
5.098396872274835300e-14
8.206865979096479653e-14
-2.650321024375735158e-13
-8.653845875599845206e-14
-7.037844919169497389e-14
9.141989730954786086e-14
-1.441573873962907364e-13
1.113401851917276765e-13
5.102584397621060233e-13
-1.237633265644557909e-13
5.877213955139307138e-14
1.003066366481889350e-13
8.747191361017939920e-14
2.173822112895789566e-15
-8.831222128069738664e-14
1.901443676171677281e-13
-8.106429620697513352e-14
-5.177200771705698216e-14
-6.275349969573069292e-14
4.776484975271361440e-14
2.533768196513612506e-14
-1.584936200226104638e-13
-1.276921288450882143e-13
-2.569139808559726252e-13
-1.330471258036165219e-13
-1.829755707311881642e-14
2.393211129436643801e-13
-1.407775684508902404e-13
2.289772385479566735e-13
4.420643168339102317e-14
-1.259435864279947453e-15
2.547015239235810811e-13
-1.060713488238884118e-14
4.450615611380541186e-14
1.216473900481382811e-13
-7.796602156170124919e-14
-2.489488656278216643e-14
1.343247326250833176e-13
-1.618522581557977222e-14
2.822319300202490619e-14
2.053759545910000633e-13
-1.602482951140443491e-14
-5.166349255342370210e-14
-3.355829395821317408e-13
-1.210032154878706077e-13
-1.412356293717716671e-15
-2.339534057026923683e-13
-6.353737664838852485e-14
-5.687095547589904653e-14
-1.137866214577430622e-14
3.391110466281626757e-13
6.685513408477993917e-14
-9.155680231941826068e-14
-1.336685964053773463e-14
-1.787352993599483183e-13
1.742903581445101102e-13
-2.013774326861353413e-13
7.128115311145897859e-14
9.591296059381134077e-15
-1.171805422667758726e-14
1.833297879111965523e-13
2.179377088159324085e-14
2.812944926333165987e-14
-1.378269000222702329e-15
-3.285174630272618149e-14
-1.544307107352638427e-14
2.240945173485403521e-13
5.506590404759290429e-14
-2.760848614599279307e-14
1.105350204449278677e-14
-2.276728438894963668e-14
4.468254785363390894e-14
-1.687796039827327151e-13
9.903482126368518109e-14
9.456251657981217651e-15
-2.075853314976889531e-13
1.431042783542142134e-13
-1.500403246422719719e-13
-3.799048322076920466e-14
2.686761307970304242e-13
3.761854162328416897e-14
1.367007985312508246e-13
-3.158987767764261629e-14
1.268154406857163164e-13
5.680830144214457467e-14
6.647000472681207787e-14
1.413536310948290904e-13
-3.612994685618103589e-14
1.109293713441795144e-13
9.765555441633996250e-14
-5.490247684929179110e-14
1.809925716571884506e-13
1.519530010537558169e-13
1.260953023868997093e-13
2.250670450250550451e-14
5.758681392270255221e-14
6.031354194727562028e-14
1.714618835594018391e-14
1.430633027487635189e-13
5.510142634594966976e-14
-3.379978370465457169e-15
-1.344037288870357158e-13
-2.826191033260895480e-14
-1.452819978135245600e-13
1.666651740079199703e-13
2.792583729029499995e-14
-9.042168444059701078e-14
2.894649614048440044e-14
-1.501590139010110847e-13
3.725962625199098379e-14
1.841962363080065779e-14
-5.429834939409907447e-14
-7.320720096350674574e-15
-9.958275569731759151e-14
-1.133061985270021267e-13
-2.068882166886135865e-14
2.825922676496930746e-14
1.254542437411421010e-13
1.381057111898947235e-13
1.012111145068523518e-13
-1.893134603987645541e-13
-2.202179109251289259e-14
-2.507713658524857569e-14
-1.406224797885690896e-13
-5.182504683652141416e-14
6.174994094837338927e-14
6.521478902559156579e-14
8.554312993658265034e-14
-2.890765231224235307e-13
-6.677763451213228980e-14
1.519388846605472954e-13
-5.233577824330813290e-14
-8.657195975565840417e-14
4.356825905951833282e-14
1.362509424131103704e-13
-1.683157516197560848e-13
-2.593782020907547586e-13
7.818002120964161935e-14
-1.145729914934252851e-13
-1.546031202405634347e-13
1.961871862352807658e-13
-8.286827598738211221e-14
-1.491087604494475093e-13
-7.416285214912908071e-14
-1.921845739101138356e-14
1.497994135195727983e-13
-6.631738579949613776e-14
-1.831782342906794264e-13
-8.523952922427969447e-14
1.037360626755738754e-13
5.855428576346628196e-15
-1.127067687028270358e-13
-2.062499002833819829e-13
1.250222803276740293e-14
-1.133392663624028791e-14
-1.932893933629471823e-13
6.835794539928622211e-14
-1.862350867853736650e-14
9.734147776372452535e-14
-6.776683944743171249e-14
5.323840509836625224e-14
3.290041926305630037e-14
3.396666971400287690e-14
-7.119853264318210200e-14
-1.054767978128815918e-13
1.086761089758234554e-13
-1.421430500926193454e-13
-6.564899328769676562e-14
4.439286390760098977e-14
1.295195521805837083e-13
5.053258770562379393e-14
-1.014321068705360065e-13
-1.662029206084958796e-14
3.122097333801534898e-13
-2.758134957166071557e-14
1.807838548150640003e-13
-4.134196772440970994e-14
8.200764539901668502e-14
-3.377946489395812769e-14
7.758973126352166920e-15
6.250469436446466796e-14
5.026348889246414904e-14
1.165000611264429179e-14
6.443270020960430847e-14
-6.419989872057273790e-14
-2.368586851007117608e-14
-4.392723036890129386e-14
1.079735267984051904e-13
-1.953437556602887354e-14
-1.237391538489463161e-14
-1.159225412508958760e-13
-6.428594264879609711e-14
7.685354496382740278e-14
1.108597249129833152e-13
-3.157374612558883246e-14
-5.555224696141917333e-14
-1.112546398644896789e-13
7.784867225743497784e-14
-6.396256362664910219e-14
3.472744976981099281e-14
-9.168548350661314796e-14
-1.076020981904094689e-13
-3.189605900949657070e-14
9.785525680929402574e-14
-5.690174260643727959e-14
-7.725394516170136655e-14
1.473282128863192887e-13
-1.351922681589028125e-13
-1.274645788128126563e-13
7.803359887194958487e-14
-7.136671412986378545e-14
9.762116296167396000e-14
-3.948541695081235391e-14
1.891392339322388313e-13
2.843988659989400053e-14
-3.934413193948620883e-14
-6.731684496849544879e-14
4.250148900519780971e-14
6.104808602662567735e-14
2.129320316648652317e-14
5.209983723535129738e-14
9.816344975229739063e-14
1.145347836566068433e-13
7.078403431988793932e-14
-7.061500137496939654e-14
-2.051689541945512844e-14
5.310231688771605835e-14
-9.819353788580406905e-14
7.940249698439424210e-14
-9.639769468727094977e-15
-3.610065087355704644e-14
-2.940437656856090214e-14
-4.655827462357142958e-14
2.977792748310168230e-14
2.880017363999483896e-14
-2.863071527642112502e-14
-1.604529824625305678e-14
-4.398229642791930427e-14
-2.299352830270354370e-14
-6.822874986706796435e-14
9.826426622280550361e-16
-6.129763705947555816e-16
-6.247049017136731953e-14
4.290031658129687031e-14
-4.531980262560699973e-14
-3.739578888207952371e-14
-5.793865309743740576e-15
-1.412129442342284177e-14
7.528746302818380031e-14
9.434149288005091746e-14
7.056180921392836205e-14
-4.447505461524754921e-14
1.364151460742356647e-13
-2.886809936226964982e-14
5.362901369235843560e-14
-6.795662796960789942e-14
-9.682891506023442948e-14
6.181064359676883978e-14
-5.522615367854331469e-14
-3.013849771056366849e-14
-5.545764277745933413e-14
9.880039309073940518e-14
5.749449829867566431e-14
3.132225451334955279e-14
-1.599312124734959263e-14
2.168842019522246969e-14
1.807979504569247961e-14
1.930702719872614168e-14
2.005337686689643487e-14
-2.632241817697342016e-14
8.172684090913397746e-15
9.290645193103019403e-14
-2.062660740915441348e-14
3.374486826450839128e-14
3.512684240509947045e-15
2.272586846956189714e-14
4.712060822089601329e-14
1.350691482487255472e-14
4.826420984406678644e-15
-3.715092496353968407e-14
5.996437829907931873e-14
-2.801000905513906781e-15
4.627112324417988619e-15
-3.856798048231184594e-14
1.543412302824434970e-15
-5.806199320799487338e-14
4.037313738811145833e-15
2.894534875214129538e-14
1.601126631003518657e-14
-5.659684335278642263e-14
-2.967260825920800446e-14
-2.489912385147104089e-14
4.752572312848487482e-14
-2.183049219728328282e-14
-9.259788111544395042e-14
-4.131170326787358495e-14
-2.962594327614825150e-14
9.674279665599356906e-14
-5.522962576305098547e-14
-1.497278901323452166e-14
-9.187500039240989564e-14
-1.584636323839356523e-14
-3.348114299227096076e-15
3.474285101579306783e-14
-6.974646433253359734e-14
2.188118898460658902e-14
7.318606231692232292e-14
-4.958240015136948501e-15
-8.798554449462329118e-15
-4.254641591279196410e-14
-2.467788806897717745e-14
-7.836151288849056579e-15
-5.119939187644237098e-14
7.602882637313081890e-14
1.510158048717771863e-14
-4.572011318921989855e-14
2.590837011437663359e-15
-4.745572506225055411e-14
6.708388090772550891e-15
-3.420982620999265873e-14
-6.934260819278865173e-14
1.008186486167245692e-15
1.352687952094097410e-14
4.727000425832977890e-14
-9.742039164667045819e-14
-4.858868178001679188e-14
-7.738461976002568101e-14
-4.156972620097910755e-15
2.805751649839935847e-14
-2.401830932843232641e-14
4.564647189506905376e-15
1.716643812781099469e-15
5.650696470484125615e-14
-5.338345329006936013e-14
2.435141435912186787e-14
-2.125722642926405741e-14
4.555641711557017856e-14
2.179232050177674174e-14
-7.015909572828993381e-15
3.745726724264645661e-14
-2.954545496808607868e-14
-2.193627274535008748e-14
5.525207303662345164e-14
2.937656763388801579e-14
-6.373804163496812521e-15
-9.379040577391909082e-14
1.553675191252739233e-14
-1.822247324837101946e-14
8.564728240060317251e-14
-2.046700776130218143e-14
2.785951122182639950e-14
-4.880495902842744950e-14
-2.589947472748428185e-14
1.318085184858332578e-14
5.882016807794895237e-14
1.166986603546905548e-14
2.041382710397171623e-14
1.367964332683396765e-14
-2.484826600929482234e-14
-2.499455794442011939e-14
4.971019080181556093e-14
-6.222110064077847274e-15
7.442027389731899739e-15
-1.600700568232015058e-13
5.650342157031707784e-14
-1.468401719478888863e-14
1.758000498534767071e-14
-9.825691791450944166e-15
-4.312050987286650741e-15
1.413535173474167814e-14
-6.810683219440540670e-14
9.132423125398657750e-14
2.876292125019656970e-14
-4.597328043544506169e-14
1.831423797764300386e-14
6.088130432099227212e-15
-3.683799232970577781e-14
-5.267070359105651103e-14
-2.617312293092679585e-16
-3.608971631929800344e-14
-4.509715597248551224e-15
7.408685817918927558e-14
7.723013597514583615e-14
8.974179393407363518e-15
2.397302654069320560e-14
-5.450502548364441642e-14
5.215426738251251155e-14
1.442261078532893344e-15
9.872208043914013741e-15
-2.216694163776715144e-14
5.321380369978550038e-14
-6.926030989371795109e-14
-9.792848195068611270e-15
7.007054961656621817e-14
-6.074484302362371053e-15
-1.502160179184411802e-15
-2.201051681050495533e-15
-4.829708217317233616e-15
1.166987102173290994e-14
-3.968169135415283307e-15
-4.209037925951544845e-14
2.129758558105290274e-14
3.710504346768626792e-14
7.523755907007416470e-15
-9.990086887783077173e-15
-3.933978643550936203e-14
7.463400302207348788e-14
-1.131642429540068317e-14
-3.186754668297783703e-14
-3.581062355314439075e-14
-4.697580255505015396e-14
-2.683567989644861829e-14
8.496290538773954507e-15
-1.288112326266464193e-14
-5.407155875883031531e-14
-1.026985925779847276e-15
2.058336576023744299e-14
1.315337358446908471e-15
-5.555536684726194416e-15
-7.761931448232033520e-14
6.552446793163554524e-14
1.988438143335991442e-14
5.876317648208363006e-17
-3.093879459970670264e-14
-5.144418589127206207e-15
1.899503973019239012e-14
1.006321597158762820e-13
-6.688344098687331059e-14
-2.984884543407268207e-14
6.030477721349485165e-14
5.801683927703494598e-14
3.360600934888481148e-14
-7.512575918764201819e-14
-4.117516605801392946e-14
2.955101373669149987e-14
-2.712388074276887727e-14
-1.222022204778578422e-14
2.003655737387448284e-14
-3.759976947195534410e-14
-1.324095311132334667e-14
8.873719958843334437e-15
1.494806886536792330e-14
-4.972276308920842663e-14
5.113656524255158978e-14
3.745332696440796668e-14
-3.342163664201263650e-14
-6.475537685527580478e-14
-1.147227972953338125e-14
-1.826506602507661568e-14
-1.477867723515794600e-14
1.147387663148739408e-15
1.665356539776416525e-14
2.072264529856990804e-14
1.151841032457365035e-15
8.227825577724762875e-15
-5.721862582149520639e-14
4.242213291378271110e-15
-1.056880769831287213e-14
2.773082571313497761e-14
5.794252199211573669e-14
2.640943501544520742e-14
8.468263810117954600e-15
-2.828298811398682141e-14
-6.531805928405363625e-14
2.030189503149596162e-14
-1.158414922618757768e-14
2.110549771980352700e-14
-2.917044558548033241e-14
3.293075553632591928e-14
-1.202874869389479237e-14
-1.259669671689984247e-14
-4.315248630899519937e-14
5.479218090710129695e-15
-2.643606085357078808e-14
-8.726039646072669546e-15
8.171856939073910415e-15
4.413564521477841616e-14
-1.511313002499760374e-14
9.055407505262408084e-16
3.166739278843120486e-14
1.036886210770551034e-14
-4.555246522372855432e-14
-2.888331255507085617e-15
9.840292820362975302e-15
2.533855807882666727e-14
-3.958402612383187560e-15
3.654539789893037223e-14
-3.305284521096525566e-14
3.611996274637720719e-14
-6.839266809631612867e-14
6.750697305667213146e-16
-2.672596793228431268e-14
7.348296202441260041e-15
3.727079439351668267e-16
-1.119436977611728317e-14
4.179607067962953499e-14
2.768728635361204101e-16
-1.007574981898002939e-14
-5.036189969667283223e-14
-1.742032328330268139e-14
1.550848436662101047e-14
2.689212260290904683e-14
5.445994849804961126e-16
-2.913859697680717025e-14
-3.514504452688594438e-14
-1.193344209007422286e-15
1.808210883932085949e-14
1.978163633329948566e-14
-3.246255634086883104e-14
1.424752877245697437e-14
-8.248287835170096716e-15
1.797168299672039641e-15
1.028691952223129821e-14
2.573760623080564750e-14
2.653007809503659775e-14
6.751246994274532698e-15
1.069712406094213956e-14
-2.286801312184338733e-14
1.590614330506413237e-14
-4.728644431802781706e-15
-4.020707576490857904e-14
2.607824731353196001e-14
2.771777866561753528e-14
4.591962917730088284e-15
-2.493116685337559869e-15
1.418718866921046574e-14
-3.981351236070985641e-15
5.899712839996843822e-15
9.634541488382822808e-15
-2.098912543863015287e-14
-2.074219816910295749e-15
5.185343328144056569e-15
1.321665630478571338e-14
2.478643312559255618e-14
8.144468717578616717e-16
2.348865588267489332e-14
3.990694370693725079e-14
1.999730163663063293e-14
-2.881115316714093793e-16
-2.007662241197038717e-14
-5.359992415237228412e-14
5.999200775248095175e-15
-4.790681677677284725e-15
5.247891124871293359e-15
-1.144189126769880281e-14
3.353227896214847533e-14
8.337901313648156498e-15
8.839830252527673503e-15
5.968157067586996042e-15
-1.275245092420860429e-14
-4.731445971445623832e-15
-2.997892991122188304e-14
-1.221569676188938879e-14
8.863215458407931681e-15
-2.247257322146204172e-14
8.710868783663739544e-15
1.405287769076375315e-14
-1.964334961404180779e-14
-8.931545875959604824e-15
9.544010626323501260e-15
-3.547816550653234773e-15
-3.074399849047980542e-14
-3.382586396079891992e-14
3.899904197485004148e-14
-3.545456861383795269e-14
3.038892321157412480e-14
-2.145011663658693391e-14
6.801082069520080778e-15
3.386054163503114648e-15
-2.312261861621180047e-15
1.693269144186468217e-15
-1.203925953237529884e-14
9.745794771104487973e-17
3.773654238983485001e-15
2.917675090799307601e-14
6.521871797733534069e-15
-6.438825312927901231e-15
1.428271920849190427e-14
1.234422503979805824e-15
-3.731640776272850783e-14
-1.368488296692643963e-14
5.446407362963862209e-15
-1.614346871888040584e-14
-2.857281388050359286e-14
-4.125203289518279187e-15
3.635088433203242867e-14
-3.318563650121006296e-15
1.077949575415632993e-14
1.012697841325030870e-14
-1.239496196360732938e-14
2.023017635652297168e-14
1.723122650167652150e-14
1.036792394514069170e-15
5.966049512929361679e-15
-1.090467898643998523e-15
-9.553454931796732237e-15
1.165249525586806489e-14
6.944230006318782590e-15
-9.290566958580067302e-15
1.028324840731827080e-14
-5.283262223657677616e-15
-2.571749194804880162e-14
-2.328223917062665098e-14
-1.719010010791824635e-14
-8.551777085722681813e-15
-4.924200550746301588e-15
-1.975268793559273419e-15
1.011427631788509765e-14
-1.425986261254463027e-14
1.723866399743321546e-14
1.343463118318941999e-14
-2.742220034151785013e-14
1.280111999448811214e-14
1.072432894528336659e-14
-1.625454201081111633e-15
7.121384805771063894e-15
-2.652164271969407529e-15
-1.659102344297104947e-14
1.334141745422405849e-14
-7.931916809298063184e-15
-4.263250816771237789e-18
1.075590617870232030e-17
-4.667003397475205305e-18
1.129207993501253461e-17
-5.069962700756505912e-18
1.174354223422587622e-17
-5.464381779141711325e-18
1.209066220833291574e-17
-5.841626405238057520e-18
1.231416065563847133e-17
-6.192335218675742372e-18
1.239594052211054619e-17
-6.506692972061589478e-18
1.232003076873812964e-17
-6.774786105933335527e-18
1.207354268805914097e-17
-6.986995130238668254e-18
1.164763604381248620e-17
-7.134457499593958504e-18
1.103850248938676377e-17
-7.209615475652767936e-18
1.024824213756250008e-17
-7.206778955363147209e-18
9.285510136889889787e-18
-7.122654237525976163e-18
8.165934797498313695e-18
-6.956844495417561381e-18
6.912273567186885431e-18
-6.712280768783444391e-18
5.554160367805727178e-18
-6.395491661748456671e-18
4.127383587189664729e-18
-6.016664949387127155e-18
2.672765816451785969e-18
-5.589491006106251751e-18
1.234650059829643129e-18
-5.130744729335713949e-18
-1.410524240076705167e-19
-4.659559027210845789e-18
-1.409142487336102474e-18
-4.196405263028616020e-18
-2.527540117821689792e-18
-3.761839471822135235e-18
-3.459711961838000222e-18
-3.375072076732063497e-18
-4.177007780387504345e-18
-3.052436898609361910e-18
-4.660654108233268780e-18
-2.805894152781258079e-18
-4.903173962842459478e-18
-2.641743031004708945e-18
-4.909140593841233717e-18
-2.559698507821280760e-18
-4.695167383316235414e-18
-2.552453162246323076e-18
-4.289002099490790551e-18
-2.605853937432968190e-18
-3.727739255004794268e-18
-2.699807672467142337e-18
-3.055309298179521802e-18
-2.809911528555079329e-18
-2.319399955155497934e-18
-2.909684884762672045e-18
-1.568006898708408091e-18
-2.973253792958513029e-18
-8.459471775597416309e-19
-2.978284839551341188e-18
-1.916879169769506332e-19
-2.908812881685479414e-18
3.652423640650639765e-19
-2.757547154064132979e-18
8.060100873321493238e-19
-2.527344076174197928e-18
1.123181370399061565e-18
-2.231596298779544982e-18
1.320314464384966671e-18
-1.893290331502159275e-18
1.410529558020916766e-18
-1.542662375208943329e-18
1.414213604420322897e-18
-1.213680781758478183e-18
1.356123254420339773e-18
-9.397361812218730670e-19
1.262269458302206807e-18
-7.489949172505209302e-19
1.156966995324606320e-18
-6.600592146030335070e-19
1.060366654679733378e-18
-6.786920867590069560e-19
9.867493034709981542e-19
-7.962045354398074395e-19
9.437629515874601596e-19
-9.898630736505250640e-19
9.325996311206295730e-19
-1.225490102227519641e-18
9.489733965886470139e-19
-1.462105829798985736e-18
9.846957000921478388e-19
-1.658002633144572872e-18
1.029560979220811404e-18
-1.777340424300968047e-18
1.073203473105103254e-18
-1.796245171381216211e-18
1.106655807843891174e-18
-1.707335874505925563e-18
1.123455421609507289e-18
-1.521712891163768068e-18
1.120219551988762202e-18
-1.267858257404811190e-18
1.096694183539671115e-18
-9.874524680336212661e-19
1.055398026339999372e-18
-7.286295526767071037e-19
1.001033454778258877e-18
-5.377105172301084676e-19
9.397892109858726735e-19
-4.508844221101066625e-19
8.786045581832264737e-19
-4.874154757928284533e-19
8.244415212059603693e-19
-6.457250028844524567e-19
7.835646991392904196e-19
-9.032377084150928025e-19
7.607722211863130914e-19
-1.220189962558295756e-18
7.585602812905380696e-19
-1.546757813628439729e-18
7.763259208233689648e-19
-1.832141746403331313e-18
8.097915394832771927e-19
-2.033808310047463608e-18
8.508591004111775200e-19
-2.124974201446372134e-18
8.881380775198643733e-19
-2.098735323201613902e-18
9.083489553813538683e-19
-1.968001498567581789e-18
8.985770095248687703e-19
-1.761349359803242532e-18
8.490670941995938090e-19
-1.515816729709808386e-18
7.560565684805570218e-19
-1.268405382296075522e-18
6.239941195548640961e-19
-1.048396794077035499e-18
4.664151410767939178e-19
-8.723122432008833174e-19
3.049294000351683248e-19
-7.425952812258668872e-19
1.662178694989127519e-19
-6.501184348291385190e-19
7.741673059236608339e-20
-5.795670895310860918e-19
6.070165049869297028e-20
-5.159034988466681300e-19
1.282469268396490968e-19
-4.498506097307349805e-19
2.788267771793753026e-19
-3.807399085512668173e-19
4.970113303357619020e-19
-3.159144329464694453e-19
7.553101596025640332e-19
-2.669796342793435127e-19
1.018910541074562823e-18
-2.443072908633578286e-19
1.251976209320235968e-18
-2.518590359974093721e-19
1.424016432664825627e-18
-2.842946874782646232e-19
1.514806946795919000e-18
-3.275716979193420003e-19
1.516773537296772103e-18
-3.630749464862768614e-19
1.434495361337733677e-18
-3.740091428303815458e-19
1.281811161049112338e-18
-3.518043141958361008e-19
1.077657291247542747e-18
-3.001053791468902762e-19
8.420343975216761846e-19
-2.346276610187366996e-19
5.932765983090853131e-19
-1.785002480089792828e-19
3.471230405462363796e-19
-1.543185383504228962e-19
1.172644844388796286e-19
-1.754842473672622015e-19
-8.356509408268574364e-20
-2.399441677787977179e-19
-2.430760040394819115e-19
-3.288529737882136503e-19
-3.503309255848487721e-19
-4.111637321531207175e-19
-3.981464157842978913e-19
-4.531648281243727050e-19
-3.861170362583122344e-19
-4.301322498023398143e-19
-3.228115219098898985e-19
-3.362277733096734273e-19
-2.257375307442956263e-19
-1.890433022088944609e-19
-1.182999804049503273e-19
-2.674869692281632332e-20
-2.409586059836019068e-20
1.018649950473476422e-19
3.984004857118088120e-20
1.517544532131924237e-19
6.846390921418703865e-20
9.601620870098365460e-20
7.063596703728611153e-20
-6.439476573863654613e-20
6.636573884723022115e-20
-2.990169536707809940e-19
7.983014423248837206e-20
-5.552292758130368329e-19
1.303048985501371184e-19
-7.726646131703629795e-19
2.242152063652036019e-19
-9.003860500601132356e-19
3.513499120211807735e-19
-9.114635842797212988e-19
4.869408512754151892e-19
-8.103365511205224553e-19
5.992773369602904594e-19
-6.306522207758564501e-19
6.604287340542934470e-19
-4.243273412371298714e-19
6.562685778657869513e-19
-2.454415556016463851e-19
5.920271238008081235e-19
-1.342827841746430982e-19
4.911043383750382308e-19
-1.067114451004222529e-19
3.872480729953885817e-19
-1.520329746622874408e-19
3.126369376910609178e-19
-2.395597248888944093e-19
2.860904650935668661e-19
-3.310474506520085753e-19
3.058142076415515325e-19
-3.942407719979720472e-19
3.495583413311420765e-19
-4.126634883737915540e-19
3.824255714597938323e-19
-3.885854514905885827e-19
3.697855752778505153e-19
-3.389263579586374585e-19
2.907431569405996156e-19
-2.865473076193750117e-19
1.471627733603851244e-19
-2.509353322340131504e-19
-3.524718975525689051e-20
-2.420572050633963616e-19
-2.143743701744260014e-19
-2.592599458314004238e-19
-3.451018417882095890e-19
-2.945740818403604924e-19
-3.938493916165496838e-19
-3.379179186827969132e-19
-3.489542890929895105e-19
-3.812520320423507033e-19
-2.232471778048302109e-19
-4.197813597475095155e-19
-4.833600497320313395e-20
-4.503019401296818305e-19
1.366770810442057637e-19
-4.685785501387937487e-19
2.973886561209085785e-19
-4.681030439231406247e-19
4.126358188830464619e-19
-4.415380283828162745e-19
4.769172064015261089e-19
-3.843468725594366187e-19
4.972125498053684262e-19
-2.985892292783317361e-19
4.869638942630509658e-19
-1.945022108502308149e-19
4.604757342945762973e-19
-8.861084935926728644e-20
4.297878526922077867e-19
9.310448898374285952e-22
4.040008572931319058e-19
5.956029760388525147e-20
3.894581430870153601e-19
7.974336681792634500e-20
3.892369983581623058e-19
6.152483117321261612e-20
4.018488179533690579e-19
1.083199551924025703e-20
4.205206899290723136e-19
-6.271544440578686143e-20
4.347208888006516129e-19
-1.470512347596048575e-19
4.343548973283605350e-19
-2.279349760557818490e-19
4.149132187898273664e-19
-2.895828740575522634e-19
3.803719807796163386e-19
-3.171878419678127981e-19
3.413905849069202782e-19
-3.015527363740982710e-19
3.092303863198114733e-19
-2.440088693544213695e-19
2.889028635361730345e-19
-1.585780576190440869e-19
2.761100410915014215e-19
-6.915910573911244184e-20
2.605560520136850917e-19
-2.050032022676940253e-21
2.340712581880871100e-19
2.323452738653851077e-20
1.982858686465872593e-19
7.381676082403452934e-22
1.661472128725842547e-19
-6.060646117852139476e-20
1.552368078636135958e-19
-1.413436694136513777e-19
1.764540037803146537e-19
-2.190239230340189083e-19
2.253659030992558455e-19
-2.753634780928389965e-19
2.825319226330189001e-19
-3.005971308472242015e-19
3.236154859757218252e-19
-2.944588532565227263e-19
3.334967794302373569e-19
-2.644759407448255166e-19
3.153821902642067005e-19
-2.225790683106223536e-19
2.885918212010309659e-19
-1.808969502495655581e-19
2.759226794416985216e-19
-1.476270054029489292e-19
2.885318099420505950e-19
-1.243326114024889280e-19
3.181991835495644508e-19
-1.063466688898180749e-19
3.420777504681950848e-19
-8.697456947620775312e-20
3.368170303708969285e-19
-6.369124109096723463e-20
2.928647470720136822e-19
-4.231726293435010344e-20
2.198814633436220257e-19
-3.553174291180056812e-20
1.404065608663522301e-19
-5.545082384554441482e-20
7.683208935286704785e-20
-1.043373616870026610e-19
4.068620858247377274e-20
-1.696997475017008429e-19
3.052039935753637065e-20
-2.280130842349654718e-19
3.784592428508065338e-20
-2.558482889627377438e-19
5.504219543626886908e-20
-2.420047435460066153e-19
7.892574646515705443e-20
-1.932435795274361304e-19
1.083625675987448674e-19
-1.303034379450721058e-19
1.397626377724445257e-19
-7.707556921211438246e-20
1.658739997087844668e-19
-4.967683476796509080e-20
1.797856955361670681e-19
-5.124420648636214808e-20
1.807673742089749492e-19
-7.384736121491523808e-20
1.763516656515181343e-19
-1.046017989263180300e-19
1.779542700584750811e-19
-1.317418475427899581e-19
1.928453571497739951e-19
-1.481270276840093371e-19
2.185915397535259636e-19
-1.521680112141053248e-19
2.442679389636140980e-19
-1.472429739034470310e-19
2.574282663644003462e-19
-1.400253405398665679e-19
2.515739294003672723e-19
-1.373670882213589069e-19
2.290245737800137024e-19
-1.421013348926763453e-19
1.981295919365203638e-19
-1.499656768033073934e-19
1.680038228690967382e-19
-1.505713358369111211e-19
1.448917677408222264e-19
-1.333149209819504790e-19
1.316670085324059723e-19
-9.535766335721690877e-20
1.289437099757236841e-19
-4.627370833565655667e-20
1.357093196301431079e-19
-5.123761362236797742e-21
1.491307817982849167e-19
9.604211963608367715e-21
1.648404884726599067e-19
-8.559341396795588161e-21
1.786987255554250389e-19
-4.891492368986290269e-20
1.891430537967100030e-19
-8.887141837391707739e-20
1.979444498864108406e-19
-1.067732770163251400e-19
2.081881880098039514e-19
-9.405597610837096717e-20
2.208110634672404439e-19
-5.895467306037808008e-20
2.325549008774746299e-19
-1.991212765668150327e-20
2.372389056803547997e-19
6.157645298875661632e-21
2.296993234191294587e-19
1.258526890442940804e-20
2.097231435211357851e-19
3.567969000205609947e-21
1.832685311497606405e-19
-1.183621531387494041e-20
1.600348028259967298e-19
-2.637863284781771420e-20
1.486371855422736697e-19
-3.704600115237893531e-20
1.519764454862673846e-19
-4.321376332130088732e-20
1.654407745780153645e-19
-4.420350930926212693e-20
1.793391187747807426e-19
-3.926605291874709560e-20
1.846097434886065953e-19
-2.946261214394408543e-20
1.784081873068546965e-19
-1.857070046748728192e-20
1.656414999661729615e-19
-1.130534220015872105e-20
1.550619500675897381e-19
-1.020125161062171406e-20
1.527019851500241898e-19
-1.404507995352109463e-20
1.577838519360251227e-19
-1.927214369342868716e-20
1.643667021386191362e-19
-2.293308256500058102e-20
1.671003836826784862e-19
-2.460078457498741569e-20
1.658142623887366873e-19
-2.600660678779922442e-20
1.648688758107243644e-19
-2.942017241190769811e-20
1.683052104109283621e-19
-3.632698812129718529e-20
1.757919356101828290e-19
-4.678701901167015229e-20
1.831511122367881282e-19
-5.909240178136667959e-20
1.863043070800738892e-19
-6.993303642159263556e-20
1.842301417982724968e-19
-7.576875827896141396e-20
1.782480325288266006e-19
-7.514565808560583332e-20
1.693216159597370803e-19
-7.021046817669708279e-20
1.570818572208809046e-19
-6.570780168808928485e-20
1.418139055378766790e-19
-6.581338458226678997e-20
1.267271804457846982e-19
-7.136801331009545096e-20
1.170688402714973341e-19
-7.992624583304128573e-20
1.160757320875212498e-19
-8.830602547238628008e-20
1.215829938625900896e-19
-9.483762506989372484e-20
1.269914448307745363e-19
-9.913245023787025964e-20
1.262322468755004410e-19
-1.002882739434035814e-19
1.184921661334084812e-19
-9.635783347958661601e-20
1.085866859229451082e-19
-8.628354877242442746e-20
1.027907197028746995e-19
-7.225065412360904327e-20
1.038604158249332742e-19
-5.947886890395479197e-20
1.093334765939479410e-19
-5.305134347679369063e-20
1.140740321212366833e-19
-5.451648205774702774e-20
1.145771632047444546e-19
-6.125602621408664261e-20
1.114747478218315595e-19
-6.894906886133176681e-20
1.083782725580508509e-19
-7.476392110783995006e-20
1.082970263444704360e-19
-7.862339175930707646e-20
1.109927505283147248e-19
-8.191390577857314173e-20
1.136553755889589759e-19
-8.527596502661601968e-20
1.138977230136654633e-19
-8.760698383897088461e-20
1.118615375567366076e-19
-8.695993470218053822e-20
1.095591777822052253e-19
-8.228564366052457402e-20
