9.557055019527208421e-19 5.858365902915027121e-10 -4.576868804697511203e-10 2.242571544555228498e-09 2.686453554096824835e-09 1.907277929926214389e-09 6.236442305283980053e-09 1.327179541829164733e-09 2.206490025048144347e-10 1.244791934872163203e-10 4.776930866637695595e-09 2.471979023658452507e-09 1.777212933691561199e-11
1.083508725786656977e-18 6.404271570431396006e-10 1.388015799397583835e-09 1.635563801009658162e-09 1.849761546511876249e-09 3.081776140409965861e-09 1.441096908871254828e-10 6.397846130581823658e-09 4.248271556027238227e-09 1.061172637873796074e-09 1.014395888919846696e-09 5.768161125055175853e-10 -1.943277720021074195e-11
1.518982179434744939e-18 1.297448199913213396e-09 8.946682396246379392e-10 9.231481308539466318e-10 2.476314921382357046e-09 5.101559584530942707e-09 1.250932133410590030e-08 8.825625818250581086e-09 6.176372029569719453e-10 3.751698389173318429e-09 3.564367254094269118e-09 5.559811147946671790e-10 8.087252833810728343e-12
9.465925603931852746e-19 2.787822272880194891e-09 1.211917375488369583e-09 -2.245446526051207504e-10 1.665868267842326570e-09 7.157731310106323002e-09 8.529539578681680988e-09 1.163757330884848934e-08 1.215466914482348047e-08 2.037720630156610503e-09 7.444674173021211699e-10 1.125641655914632301e-09 2.462353096147887819e-11
-2.325707143430038754e-18 2.245519389065315157e-09 -1.215988337084382629e-09 3.721215723898994460e-09 6.412235173296595949e-09 6.113629235386547823e-09 8.328736516322743496e-09 5.206842581599047345e-09 3.438415503380802157e-09 7.672044903986298577e-10 1.992466780420478212e-09 1.015916288058010249e-09 1.052493843015620256e-11
1.819561690504104337e-19 3.454676585575154700e-09 2.313542652932027990e-09 8.167392887752698249e-10 2.716278938021949234e-09 6.459392934410095225e-09 8.610104350718661150e-09 3.762935750447025489e-09 5.995751921439405493e-09 -2.756321189501649507e-10 1.661024949842624178e-09 -6.429996314770222150e-11 1.351795442598859705e-11
-6.571429362310804345e-19 1.178062213751846708e-09 1.209956469818272368e-09 1.846499281763959638e-09 2.775231176931280721e-09 3.278919165373353747e-09 5.799760552859648172e-09 7.181918499807800333e-09 7.877068443639845799e-09 7.563571114551868569e-09 1.120822099366553343e-10 -2.273393446451845632e-10 1.877773641311199598e-12
3.440309117589860582e-18 1.151083781437698019e-09 6.389994202382151611e-10 1.016213701310022573e-09 3.347678786483399152e-09 4.231171499904016487e-09 1.493853327590397763e-09 3.974842331735489999e-09 1.586607941118659093e-09 1.002249379983639253e-09 2.434942427566830588e-09 -9.097031384537958452e-10 -1.862506743448216811e-11
1.929949447268218522e-18 6.570343638555253746e-11 1.546243094846695579e-09 7.960826999500315471e-09 6.059460930371284865e-09 5.839119570780058555e-09 4.215979214308899771e-09 4.330657410257535918e-09 -2.792849057569497561e-09 4.683975019853617916e-09 -1.096033759262860673e-09 3.131526583998238708e-10 7.008575932983013948e-12
-1.913050101610143570e-20 8.771774231983420724e-10 -3.394192200213681865e-10 1.842931806290307706e-09 3.936747983113655244e-09 8.678686657207472531e-09 1.059409545308066074e-08 1.773408599640604033e-09 -4.165567936211208334e-10 7.124478530959166851e-09 2.700534948982950320e-09 1.808673452274253875e-09 2.051857917438914845e-11
-3.202145236197970146e-18 -1.439488186657470690e-10 5.255159372482549305e-10 4.241473399903336587e-09 4.929782460832182685e-09 6.288753177522000483e-09 6.817005212234169938e-09 1.885251460680311561e-09 4.313655006567645143e-09 1.462078093084855687e-09 2.633885493004031154e-09 8.648282201375487951e-10 2.277357339887968222e-12
1.408200016234938993e-18 2.206041515083339885e-09 -5.851339183976816841e-10 1.974457509914508088e-09 2.549798586682182026e-09 6.300629801875727087e-09 2.080107660189738776e-09 2.475868484582866285e-09 -2.330965868037038198e-11 -1.381405088955987365e-09 4.218229309625950114e-10 -2.367847718536877477e-10 -1.730441960696401708e-11
1.186636977396082649e-17 -2.221403679717861624e-10 8.634919426999611958e-10 2.774363464493291026e-09 2.416554171331236829e-09 3.329068374152383747e-09 9.147975156317832624e-10 4.271180009015012323e-09 8.353051003287437776e-10 5.283192117920339485e-10 3.409145441062782241e-09 2.009311603079263019e-09 1.044424644741977529e-11
2.307454103395766840e-19 7.703471438758409011e-10 -1.040258059987912410e-10 6.037204545098926126e-10 9.750445417460636416e-10 6.475823784763338545e-09 7.189417985245546284e-09 5.903098711340819094e-09 2.496842407744821530e-09 4.906103269884881825e-09 1.026634804611058023e-09 3.598468280319593196e-10 5.096821241598939634e-12
-9.098585900740817943e-18 9.733509297588689529e-10 4.150108392048777708e-10 3.482803823558301934e-09 5.973931603263068657e-09 5.003720204062957961e-09 1.623471503517732422e-09 4.984137884470640498e-09 7.194504758657261730e-09 5.241809686933996931e-09 2.594638306875344846e-09 -5.030712163214185837e-10 -2.849919288202487205e-13
3.709415956437985669e-18 -7.308874946654313730e-11 1.234895204654328447e-09 3.809573252291781962e-09 4.544599519344327568e-09 7.318264941614019626e-09 1.266086949230193109e-08 6.477986177262912525e-09 2.325737071094804406e-09 2.685760985875859552e-09 1.929305011665059701e-09 5.842335343068714376e-10 -2.014302537959087926e-12
4.644765977389487662e-19 2.281079740324055269e-09 4.092496755958472169e-09 1.766138709319513154e-09 3.753781121315171950e-09 6.187147908550439675e-09 1.676979269173414325e-09 5.631457677849226095e-09 5.853588506579469075e-11 4.135739083082556863e-09 2.259223155378526196e-09 6.438070129869577646e-10 1.858438081880911220e-12
6.619634912938149098e-20 4.859550906705932456e-10 6.394233090146678423e-10 4.600769048066044937e-10 2.863868240230808179e-09 3.205360943007255062e-09 6.354979402973787637e-09 3.446684791816747915e-09 -6.507744573043559362e-10 4.464094362512944428e-10 -2.326238878406793062e-09 1.112245081440476450e-10 6.845909859641471991e-12
9.506281040736956310e-19 -4.213779570502094236e-10 4.275095419807463497e-10 2.115357274517942696e-09 2.438429015833585556e-09 2.920608530345672756e-09 4.225556906716761457e-09 6.107060448709612245e-09 4.505919770318841416e-09 7.058757217727964562e-09 2.486723904335801880e-09 1.272009232488930957e-09 -8.529242152236291414e-12
1.966312649036509580e-19 1.266112485411244309e-09 1.561256695060929198e-09 1.844357184994215320e-09 3.359550576751264009e-09 6.465495511764333350e-09 8.392122371730666754e-09 2.905141036075283013e-09 2.544523774568212322e-09 -5.004066135256707559e-10 -1.534331370088790360e-10 1.564762060524534621e-09 4.254736107991464876e-12
-5.201287139818503119e-20 1.395312359212695470e-09 1.458657603209777656e-09 2.110331604732119322e-09 3.553725452972985647e-09 3.981118697279285505e-09 3.173853047523958805e-09 2.656465276404229431e-09 -8.510904722344773914e-10 3.985492663679848009e-10 2.294164728073185379e-09 -4.720433202188614626e-12 2.442205066448390758e-11
-6.464982244298407346e-19 1.971504520203563024e-11 3.630516628125099677e-09 4.787904559190844093e-09 2.709825851748646021e-09 5.345892666675621230e-09 7.130237027456932244e-09 5.486080532687793352e-09 9.569339855590981916e-10 1.602767917743241678e-09 -7.199480897539193013e-10 1.441769761767479458e-09 6.523759116695340064e-12
6.358474544519028372e-19 2.252461487115926966e-09 1.717506803326785035e-10 1.257388001812731437e-10 1.151091957927001888e-09 6.109034475949323886e-09 1.448161139406819066e-09 7.891260032786070688e-09 7.455186296988620274e-09 3.325940205905027177e-09 2.954437804471652061e-09 4.820162178964598198e-10 2.819708308998477565e-12
1.153530952649271806e-18 1.562888941081690232e-09 3.014211760322639791e-09 4.393648252024504575e-09 2.380804946810142799e-09 3.193717950402962874e-09 7.174357713079810929e-09 9.620669101430925838e-09 4.859283782604627637e-09 5.107787768326286668e-10 -7.667718841340207407e-10 3.062464192493865631e-10 -4.005566667891790584e-12
2.704752294773080893e-18 5.424585052111349205e-10 3.546144489311074627e-09 5.213683491171510019e-09 3.079920365207404498e-09 6.064739687430404116e-10 9.801058970339020623e-09 3.781832026947535730e-09 2.913658153761913074e-09 4.587801358962093965e-09 1.698032565243123404e-09 -5.168823891978248243e-10 -2.049097045810181540e-11
-2.994634902131410168e-18 -8.338731014958575914e-10 4.123726020551935684e-09 3.120621538665057628e-09 5.173505642497600175e-09 3.781713102472187995e-09 5.816598855169187718e-09 1.181389517715570384e-08 7.593734875262008943e-09 2.950247360614733797e-09 3.029927269897929778e-09 8.720540579822658739e-10 -2.337861729089962795e-11
-1.107438094631325394e-18 9.956917843051965047e-10 5.548253004574474089e-10 1.121415143969931240e-09 2.525768160445110570e-09 6.295825794272541538e-09 3.738011854357963596e-09 6.702237187068064214e-10 1.330665562531664421e-09 2.354206092513524089e-10 -1.101120333897461882e-09 1.042729422068942367e-09 2.304063428281711587e-11
1.100438838777328996e-18 -8.903190798800811646e-10 2.513577126513641500e-09 4.264151831851338662e-09 3.265122868650989351e-09 4.269885318663502637e-09 5.610198802902661094e-09 8.041863688571209147e-09 7.488161997944996260e-10 6.198717607091592411e-10 3.551378032706576640e-09 8.082803658742265069e-10 -8.173674319411062021e-12
-2.462129945535683946e-18 -6.497666727916462393e-10 4.387010973452379435e-10 2.562097221068486667e-09 3.596518876008319474e-09 8.517692143423199284e-10 2.107528022919184002e-09 3.817519603697081828e-09 1.830059751557127498e-10 3.512900366139184465e-09 4.059447577453062971e-09 4.398002506608374330e-10 9.584230296399925815e-12
1.085028881317152885e-19 1.919047703051821242e-09 1.736278283026810369e-10 3.464807906905015795e-09 1.188743695290461568e-09 7.179060655683958781e-09 8.355307542568679494e-09 3.640649762761201265e-09 2.584966027737091422e-09 -1.644165487314813626e-09 -1.121412399302343642e-10 6.134844189262478874e-10 -3.148357087052025214e-12
-2.604692384044620249e-19 1.636510397254059279e-09 1.590865532007481578e-09 2.474473928589251704e-09 3.018855209579871057e-10 3.790372581998379363e-09 5.117533914988143167e-09 7.770034709851544645e-09 1.977802955683680871e-09 6.407432822629888635e-09 -5.811941839081012905e-10 2.458470581092073095e-10 8.996359562003647606e-12
-2.836653247566721747e-18 1.947439484730768561e-09 -9.360140590165778413e-10 2.235484786024504892e-09 4.938279281026293873e-09 4.567987658262402050e-09 3.394634256327443652e-09 8.944656015046628312e-09 9.289507858834618414e-09 3.763134664917959409e-09 -7.069133460630339261e-11 2.602580457075135473e-10 -3.333899512716002266e-12
-8.897444445772300041e-18 -3.258309692623512765e-10 -2.485748898263005690e-10 -2.317963595892963924e-09 -3.644694097626805814e-10 5.743958224641446505e-09 6.911909010308547368e-09 5.553805214533833432e-09 1.181612576151781805e-09 1.744758987903672999e-09 1.975659464135265155e-09 1.338015919684784546e-10 -3.773910024266842636e-11
3.504716022088768069e-18 9.287887154807616309e-10 -8.408718935359686673e-10 3.959363220890678861e-09 4.021875366086266922e-09 2.302032212222587035e-09 8.242549131285401747e-09 5.154951031098589435e-09 4.083338480838985241e-09 4.983188687463420656e-09 3.545420961966260512e-09 1.016101679380465786e-09 6.303242326582189149e-12
-1.388644680980804287e-18 1.964851997391069980e-09 1.111435019513406439e-09 1.783594728519639751e-10 1.634027873320511444e-09 1.001381991255355233e-09 4.576934858635453881e-09 6.290040506553354201e-09 4.137846079023963735e-09 -4.709939000701566685e-09 9.551443265023891271e-10 2.101091077721279884e-10 1.432511518485641346e-11
1.937717020837935573e-18 1.165075326741502254e-09 2.458359354877858096e-10 1.227827506507595023e-09 4.428028476159198079e-09 6.721691566918389440e-09 8.361361971636702212e-09 5.125917385394041806e-09 8.442538664932582954e-09 3.875707108554889205e-09 -7.961617602227162619e-10 1.160984357263521140e-09 -2.164721673813716218e-11
8.341798457894648887e-19 -1.600316736252856177e-10 7.033078778628471492e-10 3.437079193936299206e-09 7.173222175098755480e-09 3.042824963183173611e-09 6.520545251430719632e-09 5.175943737416332716e-09 5.071821681719816446e-09 4.631681321676922124e-09 2.386270516051438572e-09 -2.883487393924559649e-10 1.800414742336555079e-11
-1.097338178568455460e-18 -3.238203273388015734e-11 4.080987500229028545e-09 2.376178093667225763e-09 2.373116133588348062e-09 8.938995677216241557e-09 6.780317684063930094e-09 5.548959508583150375e-09 9.748651974231381754e-09 2.047106298248295783e-09 -4.811776303424379632e-10 -8.097285231431302784e-10 1.331803325705093915e-13
5.026379512621825977e-19 -2.426704167313826884e-10 1.593597228863893871e-10 3.030095171528561014e-09 4.195124794212877101e-09 5.223587368984639749e-09 5.081479887470074134e-09 7.592419687666188684e-09 1.555250503952592741e-09 3.442943986832126446e-09 3.016356268816065327e-09 -5.332101369157421756e-10 7.758340370852432451e-12
9.615980252002232128e-19 1.492165459964304538e-09 2.962807421055898650e-09 4.433599123493594299e-09 4.895424707493009670e-09 7.510014273087050451e-09 5.966076332434678879e-09 1.039118687447428847e-08 -2.382200418961014015e-10 3.134772335294946221e-09 8.121834117687770261e-10 -6.292315048412137804e-10 -4.129953183677746629e-12
-1.401702763400477291e-18 1.076893630437346137e-09 8.001353047551647360e-10 2.348898937109499508e-09 4.622792770128776359e-09 3.498043659617290639e-09 3.044887874262414590e-09 5.498460519379536884e-10 1.564599904646715550e-09 4.380094236009505141e-09 5.931334355015931594e-09 9.070048042087988202e-10 -1.439377721473836456e-12
-1.696051575461057933e-19 -1.400204141385132361e-09 -2.275426947193469838e-10 3.455169858885790164e-09 5.074835865818869421e-09 5.667125536553048263e-09 4.025888116454442859e-09 2.720968410347413493e-09 3.847936006216146723e-09 3.544272718660740741e-09 1.800712910139388842e-09 -1.065217612445334769e-09 -2.043951341886314580e-11
1.304327002307827385e-18 7.685677094808688903e-10 1.980335273831705769e-09 3.667469461068122118e-10 2.687036191700546899e-09 6.157300740761327331e-09 4.861276484259081447e-09 2.236317105792831746e-09 -1.199773096855802574e-09 3.653806658303645949e-09 3.454166435775451028e-09 9.215972279304156586e-11 1.020903560986310793e-11
7.201961855189393106e-19 4.328528444563185635e-11 -6.210105675403858567e-10 1.556050853435123796e-09 4.102005314753671299e-09 3.101319343549820530e-09 5.733303462310734572e-09 8.734293291170773252e-09 4.537581043343558790e-09 -2.043912346009571694e-09 -4.151755264187537973e-10 3.123920028005126704e-10 4.276645150673397604e-13
8.501084501736331605e-19 2.254440871668388420e-09 1.635464200853087858e-09 5.685345940773960355e-10 5.198073536957743932e-09 7.966401422083363800e-09 4.683252677702302652e-09 4.081981433781299794e-09 -6.236803673132413682e-09 -2.672506723594128068e-09 6.159027562352933106e-10 1.503962829364219714e-09 8.447752176298957369e-12
-2.531233947702492601e-19 2.013560833814696009e-09 2.368740359507894312e-09 1.294858483895818300e-09 3.894641948938294148e-09 4.376871944042956046e-09 3.429224071154146919e-09 6.023841201542606357e-09 1.000982847326993633e-08 2.285419242310963628e-09 2.538191844771247078e-09 -2.747090217039471908e-10 9.578206241836401957e-12
3.666420778701827620e-18 1.113422646453731011e-09 5.482575838847877672e-11 1.468121114780136010e-09 3.393245204589156434e-09 5.823672214103524042e-09 9.880914492608790647e-09 3.421102216203469775e-09 2.265301294887872880e-09 2.586422594919694750e-09 7.396118923149664140e-10 1.542316599343741329e-12 -4.612173769728751444e-12
1.988296308443912588e-18 4.176235818071066134e-10 1.902761696021946032e-09 3.007793941576266469e-09 7.939453025620823919e-09 7.931999733820888434e-09 8.239092333996072491e-09 7.184759378912356799e-09 4.007280548451160562e-09 7.600568297871878754e-09 -1.731588522481587423e-10 -1.947317219803702881e-10 4.593178816523592034e-12
1.447986011712145136e-20 -6.258638350016919670e-10 4.719544939122900385e-10 4.174152212223950584e-09 5.449232726227511886e-09 2.787532245010245212e-09 4.321004214348549492e-09 1.654750955231401825e-09 5.986321916072887596e-09 4.650840772746911260e-10 3.883250192797328402e-09 -2.762519063563880827e-10 1.814353942706945940e-12
6.376880994589056701e-20 -2.574191202003223459e-10 1.270390829933251664e-09 1.846057272391536699e-09 6.356490680731816994e-09 6.323145633109626901e-09 6.916857171413411417e-09 3.911802000018099014e-09 -6.596421155000302884e-10 3.604763271524477074e-09 1.127767590966410559e-09 1.067438090508384748e-09 -1.032349805816279870e-11
-2.759602075618114931e-18 3.047066698293880520e-09 1.744168666715244752e-09 3.773033575747560808e-09 4.842378756023079644e-09 5.814746077977923819e-09 5.335511171959003526e-09 6.678196749201725374e-09 6.795963150520522366e-09 -4.049352168672440288e-09 -3.007751749125079712e-09 -3.297483857811599702e-10 -1.358540866070726253e-11
3.820333684717769270e-18 4.356751935090564088e-10 -6.572365067419247444e-10 6.795506866583612086e-10 4.734303698583429646e-09 2.088996551904443835e-09 5.108676203051457503e-09 4.476821221710058512e-09 3.948494610967581639e-09 -1.021805693125767926e-09 -9.326845629892255670e-10 8.799145213502441244e-10 -1.282772477110702320e-11
3.698534873426722199e-18 1.454912638477165319e-09 9.358676614071960536e-10 7.616530578976105974e-10 1.532134119238916611e-09 5.821315830997826886e-09 5.565777399255471465e-09 -1.159152749494299303e-10 1.976579202205460761e-09 -1.822759254286977871e-10 -2.788579455386333932e-09 5.081604980272121705e-10 1.645644823421747188e-11
3.782197957814829553e-19 1.100830192400753207e-09 7.058508799834432448e-10 2.704819238288860786e-09 3.987416304561650368e-09 4.301521729060203197e-09 4.098569434690032582e-09 1.501730920205185157e-09 2.719042355467689570e-09 1.007666446575591255e-08 4.742173228595094619e-09 1.214774112886863069e-09 -5.686516467785920257e-12
-9.729116906704104220e-19 -7.076901723703854481e-12 2.162684610336160548e-10 5.160842301947021908e-09 2.995939681225820578e-09 6.546475995623509685e-09 6.413287993199850001e-09 4.142053058695413922e-09 3.377486343216565760e-09 1.443089683518525076e-09 -3.305330000349229658e-10 5.986879259150127053e-10 8.398595278370448256e-12
-1.275300431219474556e-19 6.260397870516657047e-10 3.218957367778751518e-09 4.093242843094032331e-09 3.013599553202319599e-09 1.052699637553556204e-08 4.524433199331305999e-09 2.320852838832531076e-09 -2.114663834957192202e-09 2.103107883961982813e-09 4.389539392386708573e-09 -2.715890904877150150e-10 -9.120369957730098359e-12
-4.427026682789565538e-19 2.572260413763892886e-10 2.675158348382722093e-09 5.593356433172273039e-09 2.848743145938429040e-09 6.624344344684005547e-09 5.446716539275394621e-09 6.542580732252564294e-09 6.251771530890637570e-09 -6.324404163535588852e-10 1.620853932875075468e-09 1.256919198782982598e-09 9.488952211275945498e-12
3.975093706051533708e-18 -1.002870788784329334e-09 4.590822491787597896e-09 1.661096960421386778e-09 7.125393227864100602e-09 6.085778175017244944e-09 7.354636411053960535e-09 6.013270842228776408e-09 3.222093180249918649e-09 4.394653570433610454e-09 5.167754395782560733e-09 -7.085136814618977219e-10 5.225069806187163918e-12
1.006526370227219179e-18 1.780567338574750924e-10 1.981992156228672867e-09 4.538669242994092650e-09 3.491780443007988539e-09 5.451113809496470369e-09 3.777564755528330305e-09 8.055664347116124973e-09 2.834252200067941397e-09 4.930360624324097191e-09 1.055304348128089040e-09 -2.056037924270464712e-11 -7.438775182076622609e-12
-3.477311392734565369e-19 1.116884100378870887e-09 1.181671280828938401e-09 2.760151047659603868e-09 5.019103927319285994e-09 8.389262041864284805e-09 6.022708878597215577e-09 7.102423130255290323e-09 7.732720759411475702e-09 9.762484874064688976e-09 -1.044931796869500421e-09 4.706919942129921894e-10 1.315825805018109015e-11
8.923326794826442547e-19 1.392885509415415115e-09 2.958978887658683856e-10 5.294901253484256764e-10 6.444551740113904774e-09 6.353182308859684302e-09 7.191790745675934306e-09 9.975283536732704782e-09 2.257112476677365777e-09 4.686196393219355156e-09 -2.323834907923355195e-09 -1.736202228602661078e-10 4.365532954575043037e-12
1.450467918318123768e-18 1.837430185250660571e-09 3.516392355846775218e-09 4.047780651363568317e-10 3.873197578270686904e-09 4.283482029075567271e-09 7.342948788539983566e-09 3.210690026399338352e-09 7.676189885505254269e-09 3.649474684893406918e-09 2.536269166491853604e-09 2.118806348862098887e-10 -1.701383146347699002e-11
-2.052388465813488104e-19 4.083527929352195926e-09 5.443278225789721839e-09 2.693167783494491243e-09 3.683725211751710064e-09 4.226006066855055214e-09 6.957843456974372402e-09 3.992148488464905612e-09 1.162356258611823628e-09 2.922600343789517546e-09 4.137870731841668878e-09 2.096327179468954016e-10 2.334417976665974495e-11
5.768503713488947600e-20 8.213151820051526483e-10 2.956578698980562491e-09 4.503263894317528534e-09 4.431298830496662142e-09 2.048671204597110526e-09 9.367927023595922344e-09 2.739620804519313212e-09 1.386198853447465119e-09 5.814588501560835858e-09 5.323494369746776042e-10 4.172246373062058641e-10 -1.160460112268202494e-11
-2.199424842342455938e-19 5.730619136193904086e-10 3.256985120684308338e-10 2.057600200006032700e-09 5.286338167744228097e-09 4.881363848074863034e-09 7.549015222060788003e-09 4.178250542567796145e-09 -4.300347014613829989e-10 -3.428983137501871340e-10 -4.461780569429425422e-10 7.425586881852292471e-10 5.322879013174198112e-12
2.010339983378164283e-18 -1.863303222061886839e-10 -9.831095440962800235e-10 9.825584545881769756e-10 6.655050156304389438e-10 2.658757078665325313e-09 5.779233016007255761e-09 8.753265922171272107e-09 5.995073142005683429e-09 9.989490517097858994e-10 -1.686214136458880896e-09 -6.178956432541291731e-10 1.985855347916290358e-12
9.849856212638791070e-19 3.214004999472408703e-09 -1.541705089853107447e-10 -6.788220421303682052e-11 1.363697764678408128e-09 5.991492051350556179e-09 6.430823218392899947e-09 3.407298745822579941e-09 4.823914864638400272e-09 2.770433911682097172e-09 2.127282032244465531e-09 5.750466232447004621e-10 -6.680576116480173360e-12
2.904470867900515677e-20 3.243087694430460490e-11 5.383703405080561704e-09 2.164655215096647093e-09 7.879334671456240140e-10 7.127619074969768985e-09 2.362424089832723418e-09 5.712179472149739773e-09 1.617310258280054304e-09 6.892912782560946947e-09 1.453898335235378835e-09 -2.972203054570867689e-10 9.521274974996886687e-12
-2.688138775509909244e-18 3.856905824145893092e-10 2.133209113989827448e-10 4.155081764622302706e-09 6.141625162299336247e-09 4.917105402085993967e-09 7.068174164628237580e-09 5.337827938579316767e-09 4.212691815542212112e-09 4.227067841651947365e-09 5.227351185405966133e-09 -1.559805785810266583e-09 -1.993175046792143264e-12
6.378325390565693915e-19 6.737256613917208195e-11 -1.595165311488030277e-09 4.088135709198305676e-09 6.352603200527689067e-09 5.075599833467916250e-09 6.673178232399943450e-09 -1.140079620202580274e-09 1.814707927738035649e-09 1.572669125948431268e-09 5.545083876391810831e-09 4.041104474914533025e-10 -1.557478503504471557e-11
-1.430701478698732959e-19 3.776300312045439722e-10 1.868945750552680450e-09 3.327535881991680742e-10 6.680630506937804788e-10 5.333887121827505911e-09 8.800313867797213743e-09 6.770698517818809326e-09 2.272270623940380648e-09 4.110762986103596290e-10 1.142001234549799514e-09 -3.681213338059611242e-12 -1.740179532952313118e-11
-1.379115929768685271e-19 -4.530436072330151128e-10 2.988037354715526236e-09 1.329759211009610296e-09 5.691331238306959989e-09 6.839662258373263373e-09 8.798186293749376875e-09 2.858947444811373899e-09 9.130558250518211918e-09 6.014924301368080088e-09 5.168838410245425583e-09 -2.312065976035266807e-10 -1.138267835641330454e-11
1.122780139878209446e-19 4.157842035353202351e-10 2.383616738741245389e-09 4.528729687932316887e-09 4.301095545233622969e-09 7.795239627945446586e-09 8.159900622760195193e-09 4.227649710015555676e-09 1.406595005491792233e-09 -1.456688083963334358e-09 4.520281056151899743e-09 7.520494382325926438e-10 7.721320960576415528e-12
4.067461768712188888e-18 1.539095780110931288e-10 -3.636822516956828626e-11 7.677767238408795884e-11 3.690237901405204933e-09 4.293891206865396752e-09 4.326329744745113695e-09 3.776259615442646667e-09 2.305266972948849034e-09 -8.868173359411237727e-10 5.219949635124227514e-10 5.624098975152704087e-10 -6.969565729888039768e-13
5.131387618202692164e-20 8.817126338612626376e-10 8.309974292041556281e-10 3.622370110658880426e-09 4.178131089005340978e-09 3.456615946131251825e-09 4.318045867851791684e-09 7.169828309382275955e-09 7.982346398449366744e-09 4.142289637513721542e-09 5.181012074706980697e-09 2.176128749678998528e-09 2.297831485162244614e-11
-3.205150772934083715e-19 2.766630651665060899e-10 -1.078739622717172483e-10 1.191721012665710755e-09 1.262468045827555700e-09 7.943277574867455006e-09 1.022551326227793570e-08 8.504642975579950209e-09 4.582489442466683968e-09 5.546412870571762381e-09 2.207528596835955259e-09 6.671700354657259841e-10 8.245411688190246948e-12
-2.717425174354642020e-18 -8.527435263340643610e-10 1.106392213840894953e-09 4.091433169025810018e-09 2.502384319227192873e-09 2.333498526710250306e-09 7.403483976285849971e-09 8.736248598584073035e-09 4.413092116968056776e-09 3.735169511615497101e-09 5.760106177970111617e-10 -5.180157116935017091e-10 -1.377500983104302510e-11
-1.422655245913474246e-19 1.743047518436145371e-10 2.283548147772946345e-09 1.859630469610180531e-09 6.884491968287440996e-10 3.954816980912735476e-09 8.894676654155404575e-09 9.520913009196494872e-09 2.220933621794051452e-09 -1.050496933196110924e-09 -6.292720236581862435e-10 4.972350340149014352e-11 -1.070135617207166367e-11
3.602628305523549298e-21 -1.071245954886997378e-10 1.073245564573930830e-09 1.892973833881417876e-09 2.883674101075107626e-09 2.851140727248185464e-09 -3.777156651959546286e-10 2.356191214618058909e-09 2.452823837463709102e-09 -3.576741770688173864e-10 6.384716881535370478e-09 2.217250354116737782e-09 2.680352122546654196e-12
-9.036900567237000830e-20 -2.728897184937136371e-10 -6.095794270956130724e-10 1.672956523259300257e-09 8.053141632892524239e-09 3.387395870450091836e-09 5.626135031249862213e-09 9.752515890704241140e-10 2.828053476971415254e-09 5.471872744113155235e-10 -1.546828691578812213e-09 -4.398531637815664957e-10 7.266074565461949359e-12
-6.302718264803076459e-20 2.264913213919467759e-09 -1.767964053291880652e-09 6.757008351815798454e-10 3.656492925170545366e-09 7.269362482326788437e-09 5.134046384505630538e-09 5.534267055712806318e-09 1.438906066669833736e-09 3.619741407948571016e-09 2.832963746354998917e-09 1.906881376019926888e-09 2.624172092144265678e-11
-9.476470338419656300e-20 1.685915579945191698e-10 9.007571315403385496e-10 2.005606832744994941e-09 3.580764005695810170e-09 4.845363946131709639e-09 7.603306977735416955e-09 1.144558360723439094e-08 9.067029246660664873e-09 6.022781254994048504e-09 2.693400890445573409e-10 -1.056858859150270854e-10 4.508606070146326175e-12
-5.999945662662653906e-20 -1.248376870672926627e-09 7.441067523942504250e-10 4.819256635635960614e-09 4.100046384130530241e-09 5.268982436127585653e-09 5.249480902047142800e-09 5.250118408449439407e-09 2.612099746621224895e-09 4.300387738425471773e-09 1.129469113364454152e-09 1.749176527560463844e-09 9.363429419093341029e-12
7.028847936609872023e-20 2.668395694652455476e-09 1.748539859618153824e-09 3.462573473990544699e-10 3.383307471467754732e-09 4.711436137055313313e-09 4.919821033320221825e-09 2.060329083083613616e-09 3.530222756080465183e-09 2.587240285587734758e-09 1.002866917106773269e-09 -3.716927660717650964e-10 -2.167512310473773069e-12
-2.138672790963849144e-18 -6.843006902579782743e-10 4.280065259170691946e-09 3.074302814052849506e-09 3.722415521214342036e-09 1.189243792421817793e-09 8.029955607464709968e-09 5.795603941535546552e-09 2.914098925894507910e-09 3.174245596602294130e-09 -7.550529174195458419e-10 -2.058297713258199602e-10 6.716115035754047733e-12
-6.379035437000425757e-18 4.677608146376421145e-10 1.710301331166526401e-09 8.397437881446728317e-10 2.342998069614367737e-09 5.836863139421321786e-09 5.438270806368260799e-09 3.366137626783768036e-09 3.759141196877216458e-09 9.130722788326939170e-11 -4.945792085198715069e-10 3.933190714363560021e-10 1.092767065162771615e-11
-5.687661598687605832e-20 4.672130896938555907e-10 1.478289651856534054e-09 -1.138973478341370745e-10 7.993214240428255200e-09 3.548964782881493496e-09 3.195075595870794036e-10 3.172581034642547110e-09 -5.023312534001684526e-10 8.303044319043390968e-09 4.691278643836401743e-09 -1.689521046984967920e-11 1.381224510890428005e-11
-4.002485131875702910e-19 5.609157595134872040e-10 2.130197995534537148e-09 1.629785309468487868e-09 4.395371217225578682e-09 1.866344080326503456e-09 -8.653064273700488315e-10 1.712436724479259740e-09 3.310493809461276732e-09 -2.251677733411943314e-10 9.532300366429493134e-10 2.420912783813261415e-10 -8.590466404934903584e-12
-3.054494668466167629e-18 -7.261208736192992183e-11 -1.323201756428291370e-10 2.101379689235259633e-09 4.130305295063602960e-09 4.605840282950600287e-09 4.376404159153549622e-09 5.814127760585886249e-09 2.563634603652430455e-09 1.972487637854978719e-09 -1.851313168661139055e-09 3.382310656575513877e-11 3.344488379328258795e-12
-3.693122452430204652e-19 1.972010396482700050e-09 1.729770261306641414e-09 -2.031085091986109568e-09 6.054582999587694014e-09 9.475139217614741838e-09 3.607022973551439281e-10 7.679635528709860363e-09 2.863648920054501564e-09 1.490678233809620264e-09 -2.067025505572639540e-09 -9.542909340704566959e-12 7.838587857157543349e-12
-2.455648235764564018e-19 -7.611801254070851412e-10 1.535333808295289455e-09 2.694807575107829792e-09 2.978327675018194743e-09 9.965194805730731557e-09 5.824448349440775835e-09 1.071649798757798322e-09 6.381757113434998026e-09 7.400333025332452115e-09 -6.098852880674803288e-10 2.067111798498993784e-10 -7.201251150030692211e-12
2.387040375339290521e-18 -7.322121462593836602e-10 1.350836063371921206e-09 4.455810576195663022e-09 4.812450199574688466e-09 6.258804401741477089e-09 6.490075467274765245e-09 4.160350405066915246e-09 -2.610219087506081046e-09 -4.247125994295596606e-09 -9.310559406643895001e-10 -3.192030999944710210e-10 1.231200816795371165e-13
1.516572826134939558e-18 3.261704851355779539e-09 1.983648232985461140e-09 1.123778557061022338e-09 1.530846659627589798e-09 8.730727410898266386e-09 6.572885529284932736e-09 6.701187232171725023e-09 8.720694990589759615e-09 5.984870924341570972e-09 2.879490607969747616e-09 -1.230920397310627481e-10 2.915588737108260285e-12
-4.127769003447463345e-18 1.416021096247163013e-09 4.748230101765322833e-09 1.128076855894796886e-09 2.709267776645598701e-09 8.782841002029751243e-09 9.010979048366797586e-09 5.879136087073170896e-09 5.732657355983389367e-09 9.684582316767817053e-10 -6.266801197404107350e-10 4.729118970355390152e-10 -1.924044237565121138e-11
3.332177160163516159e-20 3.538389057787003041e-10 1.096258135465290296e-09 3.865230984268764525e-09 4.934844311559002872e-09 1.623499873529100186e-09 6.918218722968658787e-09 2.379728251829579039e-09 2.613170965688223825e-09 5.580975185343452267e-09 4.291851544601205864e-09 1.179578615972700250e-10 -1.420276121373602175e-11
-1.708293117868077150e-18 -6.653767539634147394e-10 1.809967311968192430e-09 7.290600570698051398e-10 1.878026340215745049e-09 6.081243275475073185e-09 3.490684493508043334e-09 4.386053660204802408e-09 5.039063216216031311e-09 -1.908078642900969177e-09 -1.021767523678990613e-09 6.780677995533852710e-10 7.910824691373032386e-12
3.153605202889413995e-18 5.198530972344544615e-10 1.243674517271168776e-09 2.610394009011760700e-09 4.046604058170379011e-09 1.752222777766094274e-09 8.095583912382969745e-09 1.172680385051105582e-09 7.476534274075496364e-09 5.604875374867364028e-09 5.788961760756951962e-09 1.711431588915303384e-09 1.057654492713020223e-11
-1.204060087763905428e-18 3.195374578156518746e-10 9.328853651034776088e-10 1.607642523549885613e-09 4.376060373793173677e-09 3.621719284943892132e-09 4.064951085261834803e-09 6.124622958170060429e-09 4.118698370624607216e-09 4.500039551663322863e-09 1.005978380181940128e-09 -3.100350478690396610e-10 -4.892489422336778481e-12
-6.096161188708669440e-21 1.456411077671924766e-09 1.803815734634903578e-09 2.814416024405765298e-09 3.209720444333145368e-09 5.500652472243051259e-09 2.415190668252073168e-09 5.579518601590597749e-09 4.274194247546992391e-09 4.063597510204163665e-10 1.275426288900914930e-11 2.599700390967763998e-09 3.031971603224293411e-11
5.397309746679305644e-19 3.539850734591683486e-10 5.075769857897963184e-09 3.632906659821076600e-11 3.707782608586738386e-09 5.972357497890660767e-09 1.922219597442562566e-09 -1.421011078988543906e-09 5.552457713632605027e-09 6.361053617731226456e-09 1.573118236275239678e-09 9.509782807538849116e-10 -8.372501762223108082e-12
-7.832388353147631666e-19 -4.714896826666108380e-12 8.256265940713272233e-10 2.264893436955881919e-09 5.027921438762104721e-09 5.754366969844353352e-09 6.853003172224296184e-09 4.318908500988071653e-09 6.005704887264222257e-09 4.374061684690670898e-09 -2.216497292114940790e-10 -6.579426086273012691e-10 -3.079958999577296129e-12
6.941817166754264696e-20 5.026949137898507113e-10 1.506402812917717065e-09 1.799456699884265067e-10 4.292864934388636767e-09 7.857904624456399806e-09 8.952328160182169069e-09 5.015102277699549095e-09 4.119165876340653683e-09 4.065301974237075834e-09 1.556771398931622075e-10 1.147271533638334590e-09 2.037660876008068254e-11
1.232426501699323777e-19 2.388841109325800627e-09 1.107907512221118317e-09 3.473961301574132012e-09 2.859452720968631189e-09 3.608418136868796115e-09 1.023625457997119449e-08 8.666128315750661212e-09 4.446746610108707423e-09 -9.192726238427766806e-10 1.934088324160892034e-09 -1.631361876189581020e-10 -1.146911109660079903e-11
-1.311477400267472949e-19 -2.388485011745383034e-10 5.417696500851994725e-10 3.938930683515959621e-09 5.547209470794268991e-09 5.938709634071109866e-09 6.229827514273900421e-09 2.044209508741956728e-09 5.044955803779493916e-09 3.321252350433048290e-09 3.827377426514891209e-09 8.168718639484005597e-10 -1.271533576666196995e-11
3.657271667979213616e-18 1.523602858857455655e-09 7.138399023242962064e-10 1.411032215967646923e-09 2.634038673630558786e-09 -1.489657350022145678e-09 5.758446642868464283e-09 2.937287928209986509e-09 2.349917424184241608e-09 1.694427427400095687e-09 -8.874089832638474313e-10 1.445582397993361604e-09 2.214867357284812520e-11
-2.256385149701696983e-18 1.843946233837687479e-10 1.428254038019824647e-09 2.337907042799908655e-09 6.679363128630926818e-09 2.315821990952060840e-09 7.905575455619594706e-09 9.413742099220899726e-09 2.521847203592963494e-09 8.534553302327183193e-10 -4.281060555791977968e-10 -1.242061979740036035e-09 -3.253152641860092470e-12
1.412645455821823493e-19 1.196162309061673440e-10 3.677983238791642163e-10 1.089505229264205623e-09 2.582917795235599867e-09 3.772982662107380949e-09 9.172560480949090162e-09 5.915375014795790325e-09 3.309428096333525689e-09 -9.875604056852094271e-10 -3.194506800187858381e-10 8.868926590360227238e-10 5.677148775832634428e-12
2.067223781779490391e-18 5.149896943258693933e-10 1.464707141575204879e-09 2.080135777564195081e-09 2.176195865220466461e-09 1.964323232077992068e-09 8.599220468279789647e-09 2.140791646685994881e-09 4.273701158499773578e-09 2.923862632269683723e-09 1.150874707316481020e-10 4.701844547464183918e-10 -1.025372519228509022e-11
1.517180927086690990e-18 -2.831029018632676829e-10 -1.425392829115833435e-09 4.862491910505512671e-09 6.678787896684781705e-09 4.807459676622907850e-09 5.867184621368085909e-09 6.388836629369800576e-09 4.241609867926114520e-09 3.215392819020886728e-09 -1.788803802445059903e-09 1.373279086857556484e-09 2.150133138144144326e-13
8.270375613457583750e-19 1.091723721068067246e-09 -6.752066068175924577e-10 2.725418878208049955e-10 9.906588638498367699e-10 4.587516166126723880e-09 6.287438373291968663e-09 5.948417268879122354e-09 6.623936590885848489e-09 4.278848517424055336e-09 1.338266292911647826e-09 1.374859637375550506e-09 1.270887189750847427e-11
-2.933618085860691340e-20 3.862082262992903861e-10 1.633124038366789625e-09 2.611866215578381425e-09 1.695180736429850757e-09 3.305211450235462391e-09 6.464597042801818971e-09 5.731330497341776987e-09 3.058044703778176986e-09 1.099607116225628924e-09 5.303407660012801767e-09 2.379199822153595164e-10 -1.393867678264200209e-11
2.529158375364485030e-18 2.213072395764477952e-09 3.547178708613024070e-09 1.851680367711996251e-09 4.642703038317591150e-09 6.761657065398211417e-09 9.613338064758494466e-09 4.800514555045451222e-09 1.284238535354579336e-09 8.244099760904870308e-10 -8.411633594921223686e-10 1.847460090969129961e-10 -8.787692901451450496e-12
2.988372308845410934e-20 5.488297860400736685e-10 1.094443406182274533e-09 3.617847817939521715e-09 3.202577709846410605e-09 1.045071926308634454e-09 7.720921686835135974e-09 2.413194445494369733e-09 5.903676616025899529e-09 1.422893007051048180e-09 2.120000841476772722e-09 1.001344096564007998e-09 1.475079135947230729e-11
-5.121603615306361184e-19 -2.473072567842180820e-11 2.686953645785650474e-09 4.115494025186765143e-10 2.877213242155936037e-09 4.960888059974568602e-09 3.617071234834016306e-09 1.961057188024430421e-09 -2.001192091144896341e-10 1.564817676226917570e-09 -5.952519192833298476e-10 -7.773336627222302111e-10 -1.252841206421201659e-11
2.482780732204826542e-18 4.545670809153811055e-10 2.845965670409355339e-09 3.521148981226398233e-09 2.979253595383427179e-09 3.891073563826613638e-09 5.344506243420887298e-09 4.127323301927995042e-09 1.274573637256864523e-09 3.113666910371640823e-09 5.194659694598570608e-10 4.609322773070527207e-10 1.031266687900417145e-11
-5.174250355746449687e-19 -2.708317238413398019e-10 1.344265965437812499e-09 -4.302614174690384519e-10 4.403725072391563417e-09 8.216758587599001764e-09 9.794796067159444608e-09 6.239728761006386167e-09 3.151168720385037037e-10 3.663961032920876557e-09 -7.089194702561268452e-10 1.813218633860862788e-09 2.213775565783925437e-11
-2.891873537574629970e-19 1.733537810222086990e-09 2.494164796434638021e-09 2.194727660971403944e-09 8.166569042327354255e-09 4.777766712634579102e-09 2.811354692138682320e-09 4.482277155911730669e-09 4.979669758735296467e-09 2.228821581639962667e-09 2.315893159544958398e-09 -3.109803711179281246e-10 -9.026905013751831130e-12
4.185692800202867050e-19 5.150076297069482644e-10 -1.610249599544416809e-10 3.931614808537191011e-09 4.809110270678533273e-09 2.463145222044046761e-09 6.513347189183926092e-09 4.348536808829840543e-09 2.873018909037826794e-09 1.388472074847824310e-09 -1.342639265701234466e-09 5.959603990771095251e-10 1.937886316419024452e-12
-7.680807743787922316e-20 -8.493988606465832742e-10 1.057111887083419296e-09 4.136174325027145101e-09 3.554611509036431674e-09 3.897238546657292037e-09 8.248787038481990457e-09 8.151463143962287181e-09 8.119755488662378701e-09 7.118759950632545343e-09 2.232858827350019002e-09 9.518697561568805218e-10 3.704118547928718081e-12
-2.020936308629290900e-18 7.487621680343075927e-10 2.500433933145119101e-09 3.521377266480299481e-09 5.132179201803876713e-09 7.954258713528589575e-09 5.415841748371658076e-09 4.879906439278778554e-09 1.392425723227132538e-09 -2.327248686617284960e-09 -2.277991486667399925e-10 3.615652078788743900e-10 7.591798463742034656e-12
-1.404304386472608709e-20 1.391323265983428285e-09 1.768458803005834699e-09 -5.482020239826137069e-10 5.239454110218534132e-09 6.548540012726121003e-09 4.770132473247130157e-09 4.145286373239283971e-09 2.681289364607268621e-09 -1.584608378225788153e-09 -1.549608470143020558e-09 1.070850157973395265e-09 1.685623345454244853e-11
6.541931706469801034e-18 -6.419062835601288831e-10 7.332571220723160477e-10 1.906745796936034670e-10 4.720131601462330427e-09 -4.449824709533674693e-10 8.524126038970776128e-09 6.179817298881382393e-09 3.131015492547908377e-09 3.748083859134254548e-09 1.179430062766295650e-09 2.700947690919238590e-10 -7.494276800255308025e-12
3.268672979445897252e-19 2.102832865788157239e-09 -3.545610357143871151e-10 3.016611529092900071e-09 5.773531010940980986e-09 5.820401047544379320e-09 5.348903588465515932e-09 2.340781980332807834e-09 6.548485916375613867e-09 5.215152897685192774e-09 1.952024286751045412e-09 1.114746009155231989e-09 -6.177312770159619002e-12
2.824569302147017183e-22 2.389067323217462049e-09 2.202866835274082499e-09 3.192360697329856166e-09 2.209486351073681741e-09 7.022836912693515353e-09 3.705122966444886416e-09 2.805220312577500055e-09 3.628792818025210913e-09 5.316063300962364011e-09 4.746549903440906617e-09 4.962937503081591120e-10 8.974322504166132215e-12
-8.849380015664284862e-20 -1.528018272503005685e-10 -3.378933038377708600e-10 1.607423531190116899e-11 1.364130075168029485e-09 8.207070964427820485e-09 5.881242477624021023e-09 7.257944633204665207e-09 1.265929941732384605e-10 4.380199724705061046e-09 5.654878497417759010e-09 1.203449928778697309e-09 -8.010695491157969985e-12
3.058071242898801436e-19 -1.177195406406101919e-09 4.087007492047375227e-10 3.249695423260489471e-09 2.858045890411260307e-09 5.691921497061390818e-09 4.328839053369543616e-09 5.541062746097573566e-09 7.284549135183819394e-09 2.645745929092737296e-09 -3.428620653634457382e-09 1.101366239433287699e-09 1.002674006340034064e-11
-1.604365972297588874e-18 2.546284935407671086e-10 -1.839806182436335146e-10 1.945767218792686485e-09 4.561389114742664101e-09 1.776386090332583536e-09 8.635820112680772360e-09 5.551734673116185551e-09 4.186381702381430129e-09 3.968714028530224129e-09 3.450850371978566109e-09 -2.787386846454962861e-10 -1.037918855762871106e-11
2.400941860353351213e-20 2.105372656644634489e-09 3.313024321797064784e-09 1.351929555778345613e-09 1.640045897852318673e-09 5.037759760375926652e-09 8.446767899141452630e-09 2.720602654062625005e-10 -4.211227903112969742e-10 -2.397111463456253522e-09 1.533781687190944821e-09 -5.635593725099955599e-11 -9.711751686999692910e-12
5.925335145616090477e-18 1.138901586816983481e-09 3.077209127598780727e-09 4.352198947293741729e-09 -7.227688220373791358e-10 2.102619550896635851e-09 5.217921950195049923e-09 9.023998100696176375e-09 6.972325385264871577e-09 3.463389865349607977e-10 1.834269929671024287e-09 -3.778060042035780981e-10 -1.708258795666377372e-11
7.627351664087373642e-19 -4.773405979654510689e-10 -1.260215975987843672e-10 3.460736296187471869e-09 2.905664180102670570e-09 4.431536240606358940e-09 5.710971065736266294e-09 3.229622422165302300e-09 1.569266186994176703e-09 -3.618970448106566314e-09 -2.821843109570418376e-10 -5.762275206129911885e-10 -1.352007566513280139e-11
2.363436866649357255e-18 1.022814986986050605e-09 4.829345099113924506e-10 1.295916260073096394e-09 1.404927117318638436e-09 3.948907813241433509e-09 5.623056368963831771e-09 3.851639937786590298e-09 1.213195214681769963e-09 7.899399463601032271e-10 -3.771334279837987250e-09 -8.099817092675225679e-10 1.039292396377576289e-11
4.928662880225456847e-19 -2.921422314369925777e-10 1.452089075732653733e-09 2.260867759873339437e-09 1.694962169178552014e-09 1.876147308847961769e-09 5.196809586002333707e-09 4.781551893104335880e-09 2.039750829899036287e-09 1.201852540402825672e-09 4.784259864617304784e-09 4.720867603147447682e-11 9.651318723701735371e-13
-2.657343305498650551e-18 -5.883384101784783898e-10 4.464868431995330394e-09 4.529460028637928131e-09 4.860980883525008354e-09 3.409696942119986506e-09 6.981356373903962997e-09 8.012501903020584399e-09 -1.391362050965385146e-10 2.265459706135622181e-09 3.110549053032987877e-09 9.196620434479655838e-10 3.817437288631473610e-12
-4.542432395453907550e-18 -5.008695973476667949e-10 3.966068712519966939e-10 3.563675344089952937e-09 3.581195678472952405e-09 1.571791355271342068e-09 6.601307950800781551e-09 8.286794507788693634e-09 3.082274782572040092e-09 4.624698980073434996e-09 4.502213576934215771e-10 3.498307893929824247e-10 -6.674602267999672616e-12
-3.823905642559323621e-19 2.401934660705835064e-11 2.977042575484712002e-09 1.577773690147082142e-09 4.567393704458195195e-09 4.336548754755112578e-09 5.237191854759658411e-09 2.346752712200882209e-09 4.710212738825677965e-09 7.323571479487103299e-10 8.354666260226236116e-10 7.658199096873628074e-10 -3.769208835813440514e-12
3.093331114890460498e-18 1.201767080524939671e-09 1.390782249561413250e-09 2.478917868897005711e-09 3.544336876352782363e-09 3.530801788744530247e-09 6.557135854129481539e-09 2.229843649331226284e-09 4.786496749137399681e-09 -1.786436380440143931e-10 1.113000097490325764e-09 3.656017857713407506e-10 5.602642093142623089e-12
4.176043273488869958e-19 1.057636799254739109e-09 2.284345940863863833e-10 2.275318979479410120e-09 2.597053465218830496e-09 8.254208995348111047e-10 1.027234631652530060e-08 3.362525344525605109e-09 -1.906466336929494984e-09 -3.079826244177628021e-09 1.480095521574842425e-10 1.152675129439028042e-09 3.122783275087125000e-12
-1.570407261175304041e-19 2.270092369592892629e-12 8.925368765879525162e-10 5.496804830534250823e-09 1.014760867826328859e-09 5.945184268677293672e-09 3.921472560387385983e-09 2.098851557650553495e-09 8.328133363049613439e-09 -1.310684223644744564e-09 -6.677883373857927385e-10 1.222037514998994194e-09 5.762981054628002772e-12
4.128686267761506523e-19 -4.938318851727125831e-10 -3.469615861223437553e-11 5.396289526063448250e-09 3.489113857573570715e-09 7.338622288525721064e-09 6.123876863180745433e-09 1.142929922420172850e-09 2.501319892239996339e-09 7.508214048821901988e-10 2.645116541134070777e-09 1.346916936881959591e-09 2.363639757870024782e-11
1.951721006048370267e-19 1.498750906754267291e-09 4.151401971366015000e-09 2.936664782490092677e-09 2.550075616402280783e-09 5.264825303643390686e-09 7.939715988116032548e-09 1.268590342435058966e-09 3.432037814463692855e-09 5.348128636705613374e-09 2.145466709872665121e-09 6.191188994399086548e-10 8.791932849727153697e-12
2.405212736038208483e-19 -1.156258519564706253e-09 7.203788337996229253e-10 1.852202843054614954e-09 1.757107489011297826e-09 8.441521975826788355e-09 5.014440532520508236e-09 3.279639016142305319e-09 4.592250877343171073e-09 1.243049786015030990e-09 5.940435056507655788e-11 4.956943355062314826e-10 -6.045202462516186101e-12
-1.865171173116057018e-18 2.203459348232756858e-10 7.841393990623736718e-10 3.716595239738513795e-09 5.820651229250631911e-09 6.643506481021504343e-09 6.932626230725242424e-09 7.188558049627267079e-09 2.552045353764376812e-09 9.075386140217022618e-09 2.233433323465427799e-09 5.736859773201576285e-10 9.302560808261247156e-14
6.151785982087701137e-19 1.240890059985061016e-10 3.196049680044317610e-09 4.049852532743212493e-09 2.674933301808166157e-09 6.159773191881668867e-09 5.718915209315857009e-09 5.205000209681236047e-09 3.020119755013153779e-10 6.247430021479083194e-09 9.571911436320561761e-10 1.353675282025276547e-09 2.923525105761327671e-12
-1.032512609146942428e-19 -1.910509013851334307e-10 5.876905515503455728e-10 2.288815867838353533e-10 2.824044081245228676e-09 4.946810287474460065e-09 4.685919180139685115e-09 3.387104395222496543e-09 6.075779177480711791e-09 3.484116811921748409e-09 3.311094886963089984e-09 2.768525819571058198e-09 2.108787715800054175e-11
9.797360370251098370e-20 -2.755914147793585908e-10 -1.994672587091970154e-10 3.189050234967482369e-10 2.001909328646884182e-09 1.934493413242312769e-09 9.505238641188766785e-09 1.099646973677420060e-08 8.683236525819135889e-09 -2.989233280021426211e-12 -1.920262042356441662e-09 3.347781852216207488e-10 1.078617713721736712e-11
1.388705331162263262e-18 2.000236231260608022e-09 2.691860236827262405e-09 1.593786063346689792e-09 9.226186000876343400e-10 4.307217366936850527e-09 7.683436020975803197e-09 2.657371148429220672e-09 5.208071662263471943e-09 -2.276866363147525768e-09 7.268676091823154174e-10 7.580249327253342715e-10 5.831157521452760495e-12
5.457222243444462843e-20 1.863412885294654772e-09 1.947409602050705928e-09 4.820429561575777179e-09 1.926738221919303286e-09 5.686092380355376241e-09 7.801774106713302001e-09 5.773630434625095298e-09 6.345287937354179307e-09 -2.402784105075677588e-11 2.954882633094722933e-09 7.733048956429270580e-10 9.624041170480734798e-12
-2.676341826538678655e-20 1.375802393761353553e-10 1.453632000421149177e-09 4.252616382835163770e-10 2.920694826362282572e-09 3.181621287723572255e-09 5.522436991117388907e-09 5.397391735370329263e-09 2.397379700351440665e-09 3.047692560815752779e-09 -1.384484482069698600e-09 -6.422984840451746840e-10 1.207257664865417182e-11
-6.903720597206270999e-19 -2.835349420259506966e-10 1.505557127065935106e-09 3.439364879019449996e-09 -4.580261185592432820e-10 3.883872333982012301e-09 1.273948610075751693e-09 9.442843809496242302e-09 1.752217127438957636e-09 6.383979427635863068e-09 2.615988579320405430e-09 1.387872811615188632e-09 1.382682767174270071e-11
3.499367268641472425e-19 -8.254391962203477541e-10 7.068036501040845550e-10 1.487722365731706802e-09 1.370284965884848789e-09 2.742215651964400437e-09 5.337443910579547523e-09 5.518541945343961686e-09 3.997820896925880480e-09 8.089248573149581997e-09 6.927672203030265128e-09 1.084503417803687266e-09 -1.257577607172965957e-11
-9.769526691531433469e-19 6.402679736378243807e-10 8.645426648303044932e-10 6.694412641490414254e-10 4.596719813353762027e-09 7.659963959683478870e-09 6.186573030690158272e-09 1.404181364868802398e-08 3.549518526001386407e-09 9.244230558454940403e-09 2.570925660374671908e-09 -7.294208470692935703e-11 8.789998996178590900e-12
5.520386909651699572e-19 -2.235453057647935299e-10 -1.972024392299055138e-10 3.944028179572019063e-09 5.119394117517410734e-09 6.572481427798419916e-09 3.388435663723082900e-09 6.970803186408403600e-09 1.917325128383807839e-09 2.937749046497923896e-09 3.325219072660999513e-09 3.117278425035575205e-10 8.533790206122209934e-12
8.175666118322967981e-20 -1.249469078073683931e-10 3.779299587238218058e-10 2.333420881083202715e-09 9.692567680270391037e-10 5.586920241046474683e-09 6.162004697171250620e-09 6.544318985878071997e-09 1.854247776449014255e-09 1.494952795932003870e-09 1.575301394882829493e-09 7.113407462139640176e-10 9.745321662102301083e-12
1.739181071404920847e-19 -4.194560940584651763e-10 6.126226152963338006e-10 2.094621114201784413e-09 4.195920467650533209e-09 2.892794990816097627e-09 7.455677546192072074e-09 1.264484021511070258e-08 7.794877868894019087e-09 6.867051475821321522e-09 3.406632900910878413e-09 -4.518578994058397141e-10 -1.336989411614996641e-11
-8.973535675925784133e-19 2.749567117747534708e-09 2.914602204338761275e-10 2.664779998831152409e-09 4.082822417543254759e-09 1.623932771744344341e-09 5.589648340536662038e-09 3.816378683711256165e-09 7.549149441710542629e-09 6.654686495031748124e-10 2.003114993322638752e-09 -2.202094200459740095e-10 -1.517609268787986144e-11
-1.246761098928409000e-19 -5.503889395194871964e-10 1.889235808065508612e-10 5.057298926585915719e-10 4.065737113750170765e-09 3.061748120384845780e-09 4.691478977399824354e-09 8.324890231939679987e-09 7.038156839601897418e-09 3.920528354406448402e-09 -1.316304681878260671e-12 -5.385201183884180069e-10 5.974774122153961060e-12
-1.603058250158332368e-18 6.944944258105678395e-10 4.256149183156391968e-10 1.431495696291726715e-09 2.933244159906933101e-09 5.995266934860272044e-09 8.717519904911409569e-09 1.651740658331506983e-09 3.460083077878692815e-09 6.722579350817423151e-09 4.762574783983604035e-09 -7.127821919330695258e-10 -7.484253016331428163e-12
-2.739823772353442520e-21 -9.480041425186544025e-10 1.055248534797583775e-09 1.453741964072171724e-09 4.205716965749303475e-09 6.003352399622644439e-10 9.043256268097815242e-09 4.830383969132326958e-09 7.231292093159966591e-09 5.426544161163615318e-09 7.151194294604420309e-10 2.094875921499030321e-11 -1.228021437872291571e-11
5.972515476880757481e-19 -2.997039839574385029e-11 1.514977900788127169e-09 3.608699449694156987e-09 2.835154010982291404e-09 4.064335558775508946e-09 6.747421706633516581e-09 6.696025643153890888e-09 1.338428766276409870e-09 -2.983927333655545168e-10 2.535287674953881292e-09 -8.919225477473405302e-10 -4.228916831613287493e-12
-2.654066389945629331e-18 1.099118887133713136e-09 2.798418982956071724e-09 2.507366053056042947e-09 5.782180044055156747e-09 3.040527118585792919e-09 6.695609053633475532e-09 7.131790128392339943e-09 2.263638727500836920e-09 1.371600787451153270e-09 -4.723678840152543034e-09 -5.800074931314281064e-10 2.650412548041102186e-13
-1.754706664768186805e-19 1.260973894809393310e-09 1.231999066088331827e-09 4.724150203763313338e-09 5.350411837184567392e-09 9.454233319129707807e-09 7.315845180359324524e-09 7.389564858758494966e-09 3.594906603555242641e-09 2.601045808119965268e-09 1.829466488201613777e-09 1.148082711064326785e-09 1.546969725352377390e-11
2.760708698024465248e-19 9.652475953887406786e-11 1.226494052861788927e-09 2.799747595914359776e-10 1.577431827547782837e-09 3.472630475750317313e-09 6.047258573653550577e-09 3.006513738555094043e-09 -2.802479153817494116e-09 -4.556923068077924089e-09 -3.130053238767140438e-11 1.480395361799359147e-09 4.424250551469503897e-12
6.632467489880783342e-19 1.293184519691078180e-09 4.769216571325751961e-10 7.718151002161207022e-10 7.367600985748155517e-10 3.610584382595869599e-09 2.514595001597577799e-09 4.614272592481726494e-09 7.389433166734935778e-09 2.816293775092536245e-09 4.516817093247008763e-09 1.152832287162255274e-09 1.808049159928399112e-11
1.355983444220096745e-18 2.494465697883736824e-09 9.921952855921182760e-11 1.559002478857331283e-10 5.191908731450969550e-09 2.592862540760396347e-09 5.053922372776444824e-09 8.444168171029665043e-09 6.039198544419133117e-09 4.415247622812846052e-09 -2.450004697862290535e-09 7.442598279129335033e-10 -1.243855506980900852e-11
-3.549099982969541872e-19 1.899036379272476550e-09 2.901856213499288338e-09 3.593121544473661515e-09 1.461644113638323357e-09 2.285535753617685409e-09 5.855298652359117679e-09 5.193338501566331956e-09 2.271191822827849410e-09 1.748447403006207915e-09 -9.360186714741633510e-10 7.347491275209589598e-10 -1.428004280699218095e-12
1.593251256224883244e-18 -5.121826425000675373e-10 1.283694002558163963e-09 4.440300723522623873e-09 6.051210838708336228e-09 6.273202678561753519e-09 6.513531258983974647e-09 7.835450642783849286e-09 3.985081866332329876e-09 7.047056121810056827e-09 -1.487796433187721788e-10 9.991153691000742414e-10 4.911993046839667712e-12
-5.959480882258478329e-19 1.326122018117244354e-09 1.589959728971857713e-09 2.452110656396259621e-09 5.696386346051689183e-09 5.650361640516779209e-09 8.158357652498462661e-09 4.501758456149229546e-09 4.471672111359360305e-09 1.029765051981156634e-08 2.261738981509196915e-09 8.158684880604264764e-10 -6.944762243704506953e-12
-1.497173106345829324e-18 4.189748381517870378e-10 6.607623761838967804e-11 4.063363935833663403e-09 2.109692513248755366e-09 6.084166974897870449e-09 6.652171641415879326e-09 6.073392890908228290e-09 9.744412028733303178e-09 5.724399270655365332e-09 2.425231414317429176e-10 -3.476275567608645384e-10 -4.442287649054683924e-12
8.749394929721969512e-20 1.397690782163589657e-09 -2.626239975866520716e-11 1.367667082048233317e-10 1.873471310133700499e-09 7.759799667066300562e-09 5.443648311105947131e-09 6.082682580745498021e-09 8.811618909971633207e-09 5.370126154039233109e-10 -7.308815502440505830e-10 5.017572657204719861e-10 -1.304708183417587498e-11
2.735929546488623222e-18 7.656900373866128541e-10 9.329591985050069129e-10 2.470051524468760453e-09 4.279641670903374404e-09 -1.358940917845521269e-09 -5.686362996929046193e-10 3.840272103855697970e-09 2.111267272091127404e-09 8.413798629324710156e-10 1.535608834047400107e-09 8.389589080823112760e-10 1.609863840518448741e-11
-3.068069887784145538e-19 2.257274439708180948e-09 -1.160368293430184647e-09 1.755776532900137786e-09 3.804949887319593090e-09 6.262944317855486799e-09 1.164463709487411387e-09 7.454498206723390295e-09 1.225420773177688987e-09 4.036578454280359770e-10 9.896612280522888610e-10 -9.906303897405270911e-10 4.015802350878923483e-12
1.866727875642306661e-19 4.868038541321075457e-10 7.254437149985517458e-10 1.455676176106373615e-09 -1.060838384905750391e-10 5.209858838558081753e-09 6.764687508252744745e-09 5.380122786203417641e-09 3.412352512832493812e-09 2.723388597511691835e-09 2.506017292247473010e-09 -1.380193930466136023e-09 -4.224551159142446502e-12
5.000351392354371801e-18 8.179966920934860878e-10 -3.211336973391879065e-10 2.250389729535013610e-09 5.756490189348467531e-09 6.264451864081292419e-09 6.256127238846937620e-09 6.177688168856184896e-09 1.209808687243407517e-08 4.954815356946203931e-09 6.204714575832939425e-10 -5.677234559871430381e-10 1.904218926982574056e-11
7.960176133809763314e-20 7.626725200064080346e-10 4.184468524236937953e-09 3.357599225728152853e-09 3.468186084095981781e-09 7.931674364397193449e-09 8.263150000830422280e-09 1.871338662433545199e-09 1.587989060383941841e-09 3.563612964927070934e-09 1.902686568491699427e-09 -5.241665519914212948e-10 -2.432446371071409369e-11
2.305727220102942230e-18 1.558618826309105941e-09 1.727550587538845308e-09 1.765157281846132105e-09 3.800900671519763908e-09 4.920623999140956334e-09 9.300598762581146766e-10 4.645015588631395507e-09 8.064690433652515097e-09 2.079401382637165138e-09 2.207975319299616143e-09 1.365585142793215736e-09 4.207398273471289286e-12
1.538577468112169572e-18 -8.484626240224336028e-10 2.874560024301924554e-09 2.879378169783132531e-10 6.645455634074891975e-09 6.306122853896276091e-09 6.358910595229966735e-09 5.826935826619203210e-09 2.544432873748173975e-10 4.689015609267331899e-09 -7.410568778975092125e-10 -7.275915290496390201e-10 1.369070904426575679e-11
1.860599055620295241e-18 3.116949193905477309e-10 1.930339479509645198e-09 5.009221106964566835e-09 3.411407318867371742e-09 4.379122296938085063e-09 3.543685345202527353e-09 4.174687875191452121e-09 5.104441706799520514e-09 2.749287018097755996e-09 3.988691832671819734e-09 2.841975098790841165e-10 6.374629850985370206e-12
9.200799958205718980e-18 1.191407731464516393e-09 5.715511079163988715e-10 3.237237500596710630e-09 3.782751997899311357e-09 6.668181424383801794e-09 6.111889740663443679e-09 4.719553022406245772e-09 2.619576916497951891e-09 -1.291946467994477715e-09 -2.119524740527637170e-09 1.607378975967671625e-09 -7.070081400846461535e-12
8.206726254799051218e-19 2.210046229520518804e-10 8.547966202771532988e-10 3.429557162609740417e-09 5.367966448163817578e-09 3.903174643913369833e-09 2.757273027544460985e-09 8.929676085065917975e-09 3.300112214032876697e-09 3.393902954067089644e-09 4.371597924060069542e-09 -4.689493358864618076e-10 1.662643878077951870e-12
-8.788639748802887619e-19 1.150671879746138288e-09 -6.076388472538053733e-10 5.890000255315779639e-09 -5.075126083684499167e-10 4.450561963065156253e-09 6.436669119077622555e-09 3.858935194640563671e-09 8.537358351885874051e-10 3.019750026766987291e-09 7.395385155398891167e-10 1.109019189939789805e-09 5.049671876868795785e-12
2.412163811821903760e-18 1.188164693075791663e-09 1.030592941282505408e-09 1.042005636383296307e-09 9.344841460238293832e-10 6.095700381963787561e-09 6.665640606360661915e-09 2.822040885275257604e-09 4.011071423556456843e-09 -1.263512043105972316e-09 1.469895726726436308e-09 6.073813753219682138e-10 1.648165740580671216e-11
-2.211891661061850487e-18 2.567263194552308293e-09 1.758027761061205856e-09 1.458848537907233146e-09 3.866802699466126836e-09 1.719648760627069089e-09 5.232584298984358138e-09 1.954076333942342723e-09 2.862021246309085358e-09 4.140381054437742974e-09 -5.123898650940504813e-10 4.493719513803763843e-10 -1.288753480818327080e-11
-3.184917031346218124e-19 7.713099892158813285e-10 -7.044673887550395185e-11 1.697350805277956368e-09 2.922338024651173648e-09 6.336270517420502938e-09 7.343466091169897081e-09 8.039330641545188839e-09 6.503558447314561191e-09 2.438714209937915635e-10 1.375851724486946490e-09 -2.588802728067116574e-10 -2.012581952555792009e-12
-1.843638976948877475e-19 1.168590451997201877e-09 6.679931052629167348e-10 -5.029420957923125180e-10 3.105970816134517283e-09 5.066398783591431839e-09 3.700260351483059883e-09 7.161586265934741480e-09 -4.515717798269343168e-10 5.946098432441021783e-09 1.242108961638386852e-10 -7.331028221402840619e-12 1.969079963339269794e-11
1.883402604614298471e-18 -5.880782371422965559e-10 -7.524652548336156649e-10 9.998128066954124087e-10 5.441182204131647942e-09 5.772332359591300222e-09 1.573420668210692383e-08 3.154903636562678278e-09 7.624818807910054164e-09 3.414161026643169514e-09 2.601043653425746453e-09 2.847032184574414183e-10 -4.828848198910077400e-12
2.188174029869269865e-18 -1.682466128294890840e-09 1.986250434551921862e-09 1.674588848805318292e-09 1.857235559899753113e-09 5.231390576644711173e-09 5.335971499416105399e-09 4.645420469084886052e-09 9.168487140247034724e-09 3.081387417739008016e-09 3.666895293314900798e-09 3.237360813322007659e-10 9.027542236759205035e-13
1.097194443176312146e-18 2.671656544089109506e-10 1.804731926615998424e-10 1.171288704302996643e-09 4.275242395090295689e-09 3.294420568177263410e-09 6.352839016533614788e-09 5.479465282664897552e-09 7.737077253516714406e-09 -8.214284794093048207e-10 5.728662781695434152e-11 5.442588403974238291e-10 -6.828783779483665127e-12
-3.707099531051501514e-18 2.213997759969230489e-09 -3.475797415949605923e-10 4.804638874083541907e-09 4.753360831667552263e-09 7.405430827050646490e-09 6.065056604889133619e-09 7.120819413884313476e-09 6.258477809055167470e-09 3.535407456839259492e-09 2.473903524309187344e-09 3.325553233798321943e-10 7.339841741269479972e-12
4.868484940846171039e-19 4.718741971162838170e-10 5.297907599735561338e-10 -1.336654732150987343e-10 2.104795919396228497e-09 4.793645310434603878e-09 4.859680312969991834e-10 3.329174581733723130e-09 4.660024360848030720e-09 4.046293374068699614e-09 -1.138733771608450735e-09 -6.817831002450803317e-10 1.368635431160830274e-11
2.252429143887074852e-18 -4.119048314363170396e-10 4.407163661372925820e-10 6.751233179890457052e-10 2.809286276024511554e-09 2.922128868755199317e-09 8.533473164156872417e-09 3.702690487340458481e-09 9.659554672513769750e-10 9.151340968989825878e-09 3.010982035873223497e-09 1.861010183057066132e-09 2.515242573606757850e-11
1.972593661530661160e-19 1.739883975291057787e-09 2.407665171489385440e-09 3.407527263036323927e-09 3.916002605998005863e-09 3.340234078153992330e-09 4.886979580329786781e-09 4.481899904404908372e-09 4.675368512395446746e-09 5.345102732585444036e-09 1.282712933976496500e-09 3.046475804635585308e-10 1.123927868441046324e-11
1.283856163559018577e-18 2.370631757648005911e-09 1.006459471677376464e-09 3.278542492170911798e-09 5.219936494045854678e-10 3.916921557626568265e-09 8.559820855241794097e-09 6.143603507444650784e-09 3.602995813930705004e-09 9.540128525949689538e-10 1.064238214531003531e-09 -1.515755028787477437e-09 -1.769929211875246823e-11
1.118389180607168121e-18 2.698786526626895595e-09 9.326508800353502578e-10 1.856769237557034470e-09 3.383711684322537167e-10 2.721427984640162163e-09 3.535889228570857267e-09 6.133954476209728153e-09 7.318074734560378982e-09 -2.266201277351188807e-09 2.988168126329600168e-11 1.432065967388078198e-09 4.923884758981207339e-12
6.221255434957770034e-18 -2.179075569321679018e-09 2.687498790545831941e-09 4.303480548637044455e-09 4.589602354705996640e-09 7.131269167934044195e-09 5.880074128792628500e-09 7.510402214921898103e-09 1.571826957344804044e-09 2.476437183172793134e-09 7.062519075252056505e-11 -1.301010239806078540e-09 -1.060446279272491282e-11
3.343788379060036323e-19 2.761365904372230616e-10 3.151644431471560691e-09 1.989580966828423732e-09 5.569685112262192314e-10 4.166517329972313125e-09 4.453659313849277671e-09 5.348997039138752453e-09 5.350956304802560547e-09 2.701307853799738711e-09 5.208352520458797968e-09 -1.933547685078726588e-10 8.874154718510873924e-12
-2.136649856805918516e-18 2.281291858296692755e-11 2.165993294565559964e-09 2.737735116304734679e-09 3.727986016837560842e-09 4.903944454603884729e-09 8.431779480095630530e-09 7.439143177314523521e-09 3.629575737337127184e-09 3.205128952475076336e-09 -2.601025731715778833e-09 5.099656063509573868e-10 1.468681466602991487e-11
2.300013358707285859e-18 -2.180393279529049409e-10 1.527920861862092683e-09 2.212719220069485266e-09 4.152360220852698377e-09 1.479654994293381761e-09 4.767865778048577968e-10 5.818326777148479128e-09 7.218302755869285917e-09 4.676390215670986626e-09 4.435456310863590008e-09 1.161672578414965089e-09 -2.510234834867257487e-11
-1.084644018251808786e-18 -1.084794370387488504e-10 1.396119021686487381e-09 2.954007797666252114e-09 4.558935299545708817e-09 5.079460932449708992e-09 6.388101513791520271e-09 6.252844980802133112e-09 5.744499080591374375e-09 5.693458535336619591e-09 2.836542588985295441e-09 -3.849197681839747609e-10 1.091769405520739884e-11
-1.707270265413855829e-19 5.447658619512664204e-11 1.730653327119862119e-09 1.207905041042063110e-10 4.767819742880844938e-09 6.301856559363121770e-09 4.840624576511167152e-09 4.855684617747849234e-09 3.818857115203693075e-09 1.922082673845205892e-09 2.328706454469269279e-09 -9.170149123296736218e-10 -1.628102122413375604e-11
3.854276074360761957e-18 -3.460771755436532904e-11 1.463400692354784169e-09 2.546565583503938712e-09 1.732301356496043449e-09 4.336312295448920305e-09 7.642337161337597851e-09 2.179609518671386600e-10 1.332124628371336479e-09 4.060084846159443636e-09 3.202850551161151195e-09 1.578572718852037482e-09 1.669392624188073033e-11
2.051419733623106734e-18 4.604305681164238504e-12 2.557076702984319798e-09 3.190225803784672620e-09 7.172381923923170688e-10 2.283112894001794999e-09 4.210284330044908274e-10 5.641680751144514530e-09 5.786873720103007273e-10 7.086953936107499373e-09 3.774716935654677953e-09 4.274623399362699956e-10 -9.471148495152650151e-12
1.081121330828578261e-18 1.890585664636655753e-09 1.489553689938257365e-09 -3.472671242576869239e-10 3.411616571057646030e-09 3.446637035623209172e-09 4.046454548036211625e-09 5.852532437273982828e-09 5.506710406404923616e-09 3.276315884297013407e-09 9.215877821343943536e-10 1.893770976738073627e-09 3.738423842984206585e-12
-1.281112721803226880e-19 1.491733873802850008e-09 1.585588110912813616e-09 -4.535906037730720921e-10 1.348716905726352298e-09 2.938995736000516320e-09 3.919482288840181381e-09 6.871956353441933676e-09 3.765380015649364329e-09 3.180603896653678841e-09 4.168042477254596125e-09 6.158578500582200924e-10 8.321435434568321986e-12
-6.774474942434507398e-19 2.744347037779399304e-10 1.839532018449838570e-09 4.003444773722154281e-09 5.733389876270603757e-09 2.155739656132021128e-09 2.074703066765313634e-09 3.740795734762655280e-09 4.443282642923623303e-09 5.739440869440250738e-09 1.821054252491808952e-09 -8.393207266885918990e-10 -1.509190192741013758e-11
1.917592926284592706e-18 3.029699080767137772e-10 -4.292031282656052886e-10 3.922164923903930937e-10 5.342479187297006043e-09 2.320306275130542207e-09 9.136953374029123857e-09 9.204935246635388673e-09 8.250444430097911697e-09 9.789391806201508708e-09 -1.285564881340637963e-09 1.047869448536592025e-09 1.274646950942059402e-11
2.877707381064783697e-20 3.432811964192259191e-09 2.019579872129040638e-10 1.387235781809343726e-09 5.021919511429882660e-09 8.246536768353268094e-09 9.396447666957475350e-09 5.403815483316994448e-09 1.804052797093925190e-10 7.247833465542131083e-09 3.918862166505222088e-09 1.035033737768664793e-09 4.887483971090961281e-12
-3.217015783236671996e-19 1.213600338330419574e-09 2.621258272236526856e-09 -1.131179497178674558e-09 2.171860855086936856e-09 4.989460741918098502e-09 7.254028611510335674e-09 1.207222843323428822e-09 8.593915618038971452e-09 2.483891034501435860e-09 -1.170601483620187225e-09 6.388317551477742825e-10 -4.873886570684099111e-12
1.630091737889532067e-18 1.213726172819219096e-09 5.630282970190741765e-10 4.316170825388289178e-09 3.706525220777963600e-09 1.294172250451796520e-09 4.806485705045152698e-09 2.141054759576705492e-09 3.353833838265453057e-09 1.277275567311769790e-09 9.150136048602762269e-10 2.280439164184406224e-11 6.045027915768275164e-12
2.723199396563906502e-18 -1.815422016436482644e-11 7.969201157958834792e-10 8.241555599090476108e-10 2.570439180919964360e-09 6.007134086778774582e-09 5.461453822054281186e-09 7.892189156731068453e-09 2.083765015230527745e-09 -3.152383843378979831e-09 -2.066181141069282838e-09 3.648043995522266391e-10 5.093812788323585603e-12
8.357798539833185791e-19 2.266311568666938853e-10 1.569674011443993991e-09 1.754738357266652613e-09 1.723232464909367861e-09 5.250790065067887541e-09 3.361487739559188011e-09 5.229976581099339405e-09 -1.597482791600236491e-09 4.416364563119728104e-09 4.377736358061056114e-09 8.378382607549125074e-10 8.621509810670958644e-12
-1.021400175275822792e-18 2.438217910154925427e-09 8.250032335395941018e-10 3.909230367952952095e-09 9.776657859711835924e-10 6.725678861315807957e-09 3.689507016458596164e-09 5.070162731199782627e-09 8.872366465367839680e-09 -1.008398203852387008e-10 1.478503672871933888e-09 9.109668276844608532e-10 -8.168206529248799081e-12
-6.235174504526137671e-19 -1.715583483376102543e-10 1.243348450664433835e-09 7.449897611653212884e-10 2.460243471739835995e-09 5.630422654721088367e-09 5.745884233759935038e-09 2.223034463022838842e-09 2.062834835769986585e-09 -8.102048028575776622e-10 3.174431285273384333e-10 1.850713233269211577e-09 1.502988850116122489e-11
-1.411030271087080250e-18 4.160826825922299470e-10 2.270932658048838507e-09 7.683787454960643295e-10 3.225693879561922842e-09 8.222564400088803157e-09 4.217637984895786766e-09 -1.089648644915164659e-10 8.631097511883133509e-10 -5.154625429855781810e-10 7.684669460310172225e-10 1.236216227968340455e-09 1.619821869220233202e-11
1.105436831935029906e-18 7.182418995068737746e-10 2.454765473863593216e-09 1.396906064841010338e-09 4.011015159212667178e-09 3.233326042983048394e-09 4.070492026937106755e-09 4.353654365808397885e-09 5.888027710074000320e-09 6.484904346523019038e-09 -9.045358117749444191e-10 -4.094839880557176121e-10 -4.214151906708036584e-12
3.066144307894131544e-19 5.641934603006063262e-10 2.472220312645739573e-09 1.559870006477177518e-10 1.042485983167732065e-09 4.038048023112333641e-09 5.979767211106313227e-09 8.343556195551939768e-09 1.371758618485173475e-09 1.919600259299175144e-09 6.167996611575151025e-10 -2.442663387191117591e-10 -9.822055107720794232e-13
-2.666515781402892765e-20 -1.388845962126862312e-09 9.142930351038811972e-10 9.092768791902052198e-10 2.149667505543439912e-09 4.107927448992326420e-09 4.989342589832372074e-09 3.932447609622626458e-09 9.612723104868519589e-09 7.923841075297732639e-09 2.327343334253769782e-10 3.535075354089279776e-09 2.175772033746242195e-11
-2.773307275400553118e-18 2.508514035625613281e-10 2.200319713665817828e-09 4.591378024480489745e-09 4.476353521453891233e-09 2.934220933084005636e-09 5.053672626717968511e-09 1.158625219925192562e-08 4.940002729677858091e-09 -7.857365892296532111e-11 -2.132396727812775962e-09 -1.824345990858087323e-09 -1.030720139684684844e-11
1.684860870530736632e-19 -3.720024233665030154e-10 2.228929118280324887e-09 3.464829901772575143e-09 7.039279507320679902e-09 3.875679238217792971e-09 3.296739664881984062e-09 5.778874880907641448e-09 4.115282905238658869e-09 2.887709736329397435e-09 1.333762792088273057e-09 2.058576914999238888e-10 -1.357438882240422243e-12
-1.460831030510864370e-18 -5.480884665366086562e-10 6.328769209880717093e-10 2.428176398354924161e-09 5.085723758083672629e-09 3.371174943337831903e-09 5.637586697989920042e-09 1.104764030961942749e-08 -1.469245204529598836e-09 -5.267914248961789452e-10 5.173736005905704094e-10 1.053378464124667160e-09 -1.330665930508544438e-11
-4.191101916186836577e-18 -1.667184173103822101e-10 -3.836796531650739597e-10 1.436384594721597944e-09 4.679266546014384746e-09 6.407703417370437133e-09 6.943736588035359771e-09 4.894887561260428584e-09 4.263174563423252967e-09 3.548777988127309066e-10 6.373944985563759561e-10 -1.546026646419860672e-10 -7.194805905261390704e-12
1.643901874495194908e-18 1.095637903916201804e-10 6.295656534885999957e-10 1.843662541003904404e-09 1.636719041661534508e-09 7.898142320878956514e-09 9.723891510793413360e-09 8.206427554839409220e-09 1.905301383866234296e-09 6.551577453788133014e-09 2.835765582442747147e-10 3.053274249258790599e-10 -7.637774115698561652e-12
-1.413371532108135265e-18 -7.039426957743992122e-10 8.119485113014871689e-10 2.184696073985368787e-09 7.332221936044017505e-09 5.549947475232758978e-09 2.211815718643288427e-09 -1.432433252153112450e-09 3.109630397115963106e-09 5.090917847151749321e-09 -2.653335006571912556e-10 3.179976054505441034e-10 1.607523335894128349e-11
1.923291471462075365e-18 -5.754717182035540534e-10 1.397287798848343691e-09 3.192145886962137507e-09 4.777780918555031255e-09 8.867464606198615357e-09 1.085722719692906270e-08 4.811856900464183373e-09 4.532409327512757832e-09 3.250407820559443709e-09 1.822457325631400720e-09 6.356930821662110482e-10 -9.909870949266301503e-12
7.843289423606973035e-19 1.095896270518768224e-09 1.078079876234178936e-09 3.200026791734167334e-09 3.891014196438427754e-09 3.474875886118944244e-09 5.231349381860227312e-09 3.661951287557086993e-09 -1.710926163395082651e-09 6.157253408091842912e-09 2.930303128875185109e-09 9.237567887396408169e-10 -8.581854454094613275e-13
1.875026238335064425e-18 1.695344214946604116e-10 2.498520580869736439e-09 2.267966406227707243e-09 1.532580488018562262e-09 8.065559487522032838e-09 6.689947178096870712e-09 3.395124957937625658e-09 7.121414047773268842e-09 5.286750019895081915e-09 -6.252626286787280093e-09 -1.746870004621375764e-09 -2.627826443123936043e-12
9.348408087466628256e-19 3.193471521860073789e-10 1.758162977099686495e-09 2.118695631340428302e-09 2.583699154697931984e-09 4.950174181711711402e-09 2.955086517737686858e-09 8.856952222103581994e-09 7.393911303133393826e-09 1.079608067783853522e-09 1.826514857548644745e-09 2.212085793372794228e-09 1.865766955676641228e-11
2.548731518022250177e-18 1.406906870510161543e-09 1.986255741842103277e-09 4.847076305941872675e-10 5.438741936053942059e-09 3.845443928723493473e-09 4.876845124872727783e-09 3.445990202478863499e-09 5.531514403777739871e-09 9.327132913659970393e-09 3.345237138709808760e-09 6.559189238244071022e-10 -4.694907710669263640e-12
3.505967192545438988e-18 3.069625428462161628e-09 2.395543435718648602e-09 3.457765332503894970e-09 -1.663658926328306211e-10 5.548353996529706644e-09 3.585983055450725463e-09 4.111835836866935781e-09 5.759097966429997612e-09 7.937184828212306250e-09 5.853397628719221106e-10 1.567161907254803051e-09 -1.202004470654131604e-11
1.498686338978272675e-18 -7.420469667821463465e-11 2.738689006297249667e-10 -1.035882669850304967e-09 4.459589180774104538e-09 4.905448072405061687e-09 3.572117449471695335e-09 2.049994655783491854e-09 1.881979255322099415e-09 6.769559331417270637e-09 5.407001800267160103e-09 2.282342335358520250e-10 -1.129147891078138773e-11
-2.645809306534973753e-19 1.006209118700793725e-09 5.724032892267113238e-10 1.336865206764153733e-09 2.373883859448505353e-09 6.176977606438107971e-09 8.582768234724736442e-09 7.145410205994574281e-09 3.146894999079730982e-09 7.996106160743100044e-09 3.199223108716997003e-09 1.332211166492287605e-09 3.797618459257817575e-12
-8.784732866423750257e-19 1.391206427651763711e-09 3.106936754442744288e-09 2.306493127436570641e-09 2.465634145178775291e-09 3.216853790543257733e-09 5.376347616219536545e-09 2.345026564065507611e-09 5.137299035111079164e-09 -2.004612037890034060e-09 1.787942081927593294e-10 -4.619727345325623465e-10 2.812581299853026767e-13
-5.106730059971146332e-19 3.412551381242593728e-09 4.523058165679779805e-09 4.292125868784886312e-09 3.322762813496262614e-09 3.829162626064056239e-09 7.050435218309201998e-09 5.587859649728135581e-09 6.295613731752399713e-09 3.456721614340498709e-09 1.713935896127350180e-09 -2.311453344551258681e-10 1.423691098000790887e-12
1.523258634000230192e-18 2.634370167843966974e-09 7.274009948673146229e-10 3.659625128519315400e-09 6.552952146285870192e-09 3.962261787846805270e-09 1.883283437828367329e-09 5.228430083346107552e-09 2.677229495506848088e-09 5.821521410667327389e-09 -1.897978459629864824e-11 2.034995596726353675e-09 2.695544774292145010e-12
-7.702931672761377451e-19 -2.505953733065680603e-11 1.036031235734745877e-09 1.221949849151122500e-09 1.297733118294315596e-09 7.461193937384297463e-09 6.422970808218904251e-09 9.257705226057442882e-09 6.854386238357353871e-09 2.564165762688920960e-09 2.540110643225734508e-09 1.195980981920425743e-10 3.763948720110353648e-12
1.582946561900926167e-18 -1.050981497123471858e-09 2.090364203827523825e-09 1.482747173127034587e-09 3.758492707816535374e-09 5.828507141858196566e-09 1.170334540328237664e-09 5.726965887095893585e-09 2.233683183547175650e-09 8.099656706641915705e-09 1.805233162707608845e-09 -4.112340944158531454e-10 1.403611143648168622e-11
-5.023455401654072233e-19 6.116444497494432093e-10 2.360675543163257513e-09 -6.992575063267033765e-10 2.964218171577247976e-09 5.125567458543540051e-09 6.000815963386315465e-09 4.824035358114769595e-09 6.592496655714978341e-09 2.571911423808585814e-09 2.571520440493221871e-09 1.299917496868101337e-10 1.190334542731865708e-11
-4.461004603871052684e-19 -6.826090651431232925e-10 2.614934196232327017e-09 9.679606235665297349e-10 4.180002909845485946e-09 7.623827124219936465e-09 7.445849773249277836e-09 3.968679082612321187e-09 4.350801683891452526e-09 6.628823260471846065e-09 1.668725582420702335e-09 6.863690150867475269e-11 -3.583133537363325290e-12
3.916103138484653230e-18 1.010311952041390348e-09 3.551630010588352384e-09 -6.599918934240533018e-10 7.804149896449615648e-10 4.994914018358240655e-09 7.737505904784544213e-09 3.713157936252931746e-09 3.866045255147302628e-09 2.763789964935910745e-10 -1.869555451955666418e-09 7.965669024499219694e-11 3.620612297230013632e-12
1.388558915980880696e-19 1.834384328995425214e-09 -1.728342172868287909e-10 2.679788972218168430e-09 3.772926636167007213e-09 2.966789010860954587e-09 5.005981125538425573e-09 4.530117800995211795e-09 8.390969534473758576e-09 8.731274742427154508e-09 3.819233107535593056e-09 -1.578387891830486201e-10 -6.272226992290221204e-12
-4.812361212977915845e-19 -3.146697871542506992e-10 3.007160042355675096e-09 2.644106731067253649e-09 5.743253742189314341e-09 7.541660099837075013e-09 6.573164821702216561e-09 1.301649067470995181e-08 7.398360136301064487e-09 4.617503120240823369e-09 2.290770053781154204e-10 7.632096415312460079e-11 -2.467728670171752732e-11
-7.260071201471515197e-19 -1.323905268528101069e-10 -5.311244474197408710e-10 3.761145939941874941e-09 4.854018781757658401e-09 3.170508222606486203e-09 6.713218237666988081e-09 4.007035232233386722e-09 1.492384440702068406e-09 -4.485908021140508089e-09 2.676640997444001444e-09 3.412435003985995513e-10 -1.623749440698931249e-11
-2.610984908243790292e-19 1.628077878191306821e-09 -4.690393459573972908e-10 1.907527175590898805e-09 4.153984533962578819e-09 6.499180738853018827e-09 5.629041345361879448e-09 4.134816704948308347e-09 3.902241578329271731e-09 3.883672846630582520e-09 -2.542501471362780878e-09 9.134490805881928521e-10 -1.047162295128152113e-11
-2.145495595329720009e-19 -1.002315571957963417e-09 3.330365368464878722e-09 4.073486990463950090e-09 -6.511959405986721684e-10 4.275327919199195902e-09 7.851209056969100812e-09 1.943298986603578567e-09 6.830791437005539127e-09 2.296865435497328884e-09 5.976412904409419573e-09 7.829677208690484762e-10 -4.473167351555722863e-12
3.800743073838575024e-19 -1.665937084207881329e-10 1.273046499634291648e-09 1.164932297211841890e-09 2.562647988315011148e-09 4.586207471934106394e-09 5.213453280893764676e-09 6.169383139197360572e-09 3.133417862611537512e-09 -1.054797260572706678e-10 -1.468585595270064455e-09 -7.260833568285983357e-10 2.830793373358387198e-12
-5.132827230893811539e-18 1.104576880423019631e-09 9.741285112754798374e-10 -1.026376564898641116e-10 3.419065315520899804e-09 1.899042382353413157e-09 7.613645989421765380e-09 2.944132013557624308e-09 4.122710943538399667e-09 2.960360673658809054e-09 2.913012309893201270e-09 5.196409707728066762e-10 -7.148436501829716024e-12
-2.395022556882724802e-19 4.755629846793694090e-10 1.767302343866406140e-09 2.428255513516081021e-09 9.542151401109829270e-10 2.863936128396636801e-09 4.362030481937420517e-09 8.469731042079168465e-09 5.665631108191235370e-09 6.262827583616984072e-10 -4.389480143451332242e-10 1.825725452654140991e-09 2.958783318462783482e-12
-6.911200331838341728e-19 6.978590742806238950e-10 3.061174357656835627e-09 6.545098619919333890e-09 3.839945318484470699e-09 5.094560711515112702e-09 -1.088583732474827042e-09 2.091205816902545941e-09 9.036944480258566032e-09 -3.996123571570937610e-10 1.258001889683975328e-10 2.550576010035108653e-10 -2.440734529927776663e-12
4.092684616118740354e-19 -5.078644635628552441e-10 1.157876211666171098e-09 2.453867795010812622e-09 1.875788138382825278e-09 4.701669941694811701e-09 3.884247835473421185e-09 7.204462227157439283e-09 2.631652611922005801e-09 4.111493540209319591e-09 8.442162247424239630e-10 7.168355385526094588e-10 -9.220306932753042874e-12
-1.025142625900690442e-18 8.986556412551186690e-10 2.978545574038701619e-09 5.106623418107657285e-10 4.394814019478180726e-10 4.763374616437776643e-09 8.493182573863784941e-09 5.843828617396313082e-09 7.499007340699725189e-09 5.076147169190316428e-09 3.392408581748763373e-09 -6.158871861311183082e-10 -9.860067679129123939e-12
3.674447749893709722e-20 3.406017564922453058e-11 2.424651247515051711e-09 2.590684252493647731e-09 2.834330992637465526e-09 6.718955228359309359e-09 6.856627563315096722e-09 4.578200509902166627e-09 -1.720645872896494774e-09 6.262455255080253435e-09 1.317790027832539660e-09 -2.111596798389984591e-09 -2.541272407896719206e-13
