6.954952193467907795e-06
1.188593465398963117e-05
2.035334836805970029e-05
3.494886708026007479e-05
6.021942874494139907e-05
1.041874483435848570e-04
1.810922594533861236e-04
3.163063406696049154e-04
5.552575172910721463e-04
9.792508167074756055e-04
1.733608371389101961e-03
3.075990542200583277e-03
5.456326697606431013e-03
9.638663194964324638e-03
1.686145953939029163e-02
2.897597635024949311e-02
4.836286572002043010e-02
7.714869870842129551e-02
1.149867082147172093e-01
1.551098449933183687e-01
1.809359802233924674e-01
1.709423676520108737e-01
1.188524277051487832e-01
5.268669628296675927e-02
1.195862573393610857e-02
9.862166667765582748e-04
1.706045164447604257e-05
2.603726107325524472e-08
1.079852680813016619e-12
1.624570223398780479e-18
