0.000000000000000000e+00 0.000000000000000000e+00 0.000000000000000000e+00 0.000000000000000000e+00 0.000000000000000000e+00 0.000000000000000000e+00 0.000000000000000000e+00 0.000000000000000000e+00 0.000000000000000000e+00 0.000000000000000000e+00 0.000000000000000000e+00 0.000000000000000000e+00 0.000000000000000000e+00
0.000000000000000000e+00 5.178164367417798867e-19 3.527144508443261887e-19 7.014557390532947482e-20 1.054126957441536897e-20 -1.286202696224145421e-20 4.432464231877934882e-21 -1.348513559442871802e-21 8.956732664766329331e-24 -5.327155312846536534e-25 1.545729843949544928e-23 -9.716408645574550729e-24 -1.471633702700643637e-24
0.000000000000000000e+00 3.526861132693992768e-19 9.150395060149420276e-19 2.764560288287379403e-19 3.911723525524815112e-20 -1.718736886785674219e-20 5.909413477237628871e-21 -2.068575867252450147e-21 -1.761590164020264162e-23 -3.046096191641258098e-24 2.526714306636472043e-23 -1.621494328365362620e-23 -3.136373583106059135e-24
0.000000000000000000e+00 2.677520242989881252e-20 2.272093814434250988e-19 1.279657100977127920e-18 3.074019468786286980e-19 3.602775162774766558e-21 -7.850511971161049609e-22 -1.471819598179405773e-21 -1.529753402791959580e-22 -1.319262370331393957e-23 2.654695440918412033e-23 -1.823766501014456567e-23 -3.867673912067724750e-24
0.000000000000000000e+00 2.243880505032485097e-21 1.440185706096554022e-20 2.560650194325372012e-19 1.622532639165912019e-18 3.410318038165897311e-19 -1.096480260004883090e-20 8.753830406369976857e-22 -5.062147827201627716e-22 -4.310804919112745741e-23 2.690571270341331847e-23 -2.131752803783756894e-23 -3.526218082116856998e-24
0.000000000000000000e+00 -1.110309032850208339e-21 -1.672104044335351961e-21 3.791519626177784544e-21 3.016403328420868316e-19 1.955872770827080320e-18 3.548690804049540846e-19 -2.905467620568896814e-22 -1.060037184575978809e-21 -9.282851367426195471e-23 2.264708981644279182e-23 -2.399691813394410243e-23 -4.054231831649937647e-24
0.000000000000000000e+00 1.611394599423637761e-22 2.328107586345849308e-22 -5.786617692800021243e-22 -2.295412332451435787e-21 3.411332430045425027e-19 2.406301750047849699e-18 4.001772548802246560e-19 -4.590153146124785716e-22 -1.205083782318501668e-22 1.787067483814219798e-23 -2.646082267368318353e-23 -4.193069469031109875e-24
0.000000000000000000e+00 -1.777476088104689217e-23 -3.592422141694993013e-23 -2.868331087405393131e-23 2.105521776600902588e-22 -6.886461832748519978e-22 3.955350797425872374e-19 2.876713000409296399e-18 4.549110852495503606e-19 -4.864396390785807638e-22 6.805929249021114350e-24 -2.455786920381428660e-23 -4.135905118757378967e-24
0.000000000000000000e+00 5.061730533274131770e-25 5.448989775487405741e-25 -3.125635837666864977e-24 -2.669519882982066901e-23 -1.076853382729002832e-22 -2.326753465198656045e-23 4.527834068957918246e-19 3.222376822809167635e-18 4.860923044331285624e-19 -1.090096654354340719e-22 -1.640098976611804411e-23 -3.597648554138182460e-24
0.000000000000000000e+00 -4.596949527157378833e-26 -1.112881709845967231e-25 -2.961333106386203213e-25 -1.120124591245151916e-24 -3.758347858342696630e-24 -1.177078058974754781e-23 -1.135517282448217780e-22 4.854212165424013825e-19 3.370935072034660771e-18 5.027052189425477683e-19 -1.809337399632201321e-23 -7.397077065198505507e-24
0.000000000000000000e+00 1.244619258495845939e-26 3.001831189966462021e-26 6.612894528974114990e-26 1.468694869142821664e-25 2.916005438647795007e-25 7.351876526159167041e-25 -2.534745527457023107e-25 -3.829663642391063690e-23 5.025496064998946918e-19 3.586799045820148054e-18 5.467070644982310557e-19 -8.516557705433992230e-24
0.000000000000000000e+00 -3.337196772663691602e-27 -8.399224111537185831e-27 -2.041918862242236296e-26 -5.430147094423776210e-26 -1.449012801523916571e-25 -3.717217817246275307e-25 -6.839265421632818423e-25 -7.614107448421148933e-25 -6.271913496535409277e-24 5.466549723564937430e-19 3.653218380310268823e-18 4.665367828706110044e-19
0.000000000000000000e+00 -1.620574162812220920e-28 -5.511089859225472336e-28 -1.456153279988774812e-27 -3.084947190518101162e-27 -8.584182623560030958e-27 -2.174785164004122257e-26 -5.127449445769788265e-26 -1.651905754446977103e-25 -8.045187011568578712e-25 -1.741809333337391597e-24 4.665171617517171497e-19 1.196835049117295009e-18
